-8
1.71
1.99
-2.16
-2.3
-1.8
-2.13
-3.57
2.23
-3.15
2.42
1.1
-2.32
-1.11
-0.25
-1.52
-3.92
3.64
-0.32
0.97
2.21
1.09
-1.71
1.66
2.74
0.24
2.64
-2.91
-1.3
-0.67
-2.33
-0.58
0.59
3.24
1.05
-0.32
-1.89
-1.87
0.76
2.42
3.8
1.67
3.47
-3.35
-1.61
-2.24
3.88
3.45
-1.31
0.9
-2.16
2.86
2.99
-2.54
0.31
-1.23
0.22
2.53
3.12
0.18
-1.16
-0.58
3.52
-0.05
2.93
3.9
-1.01
-0.49
3.86
2.12
1.55
1.13
-3.55
-1.18
2.12
0.6
0.45
-3.07
3.45
-1.55
0.59
3.75
-3.99
3.52
-3.36
-2.55
2.95
3.98
2.87
-3.93
3.14
1.72
-3.12
1.54
1.62
1.61
-2.42
-2.02
-3.03
0.26
2.39
3.52
0.12
2.3
0.43
-3.23
1.87
-1.83
-3.28
2.06
-2.33
-2.54
0.55
-0.29
3.3
-2.94
1.86
2.07
-3.49
3
3.62
2.41
