-5
-1.9
0.78
1.26
0.72
-2.47
-1.32
1.72
2.68
-1.44
1.77
-0.13
1.86
0.53
0.69
1.99
3.37
-0.69
-0.63
-1.13
-3.97
3.09
-3.62
1.69
-0.17
-3.94
0.36
-0.95
0.07
-1.18
-3.41
-3.64
-1.71
-2.37
-2.12
-1.08
-1.52
2.06
3.24
-0.76
1.7
-1.67
0.1
-0.88
0.28
-3.08
-0.45
1.94
-0.76
2.63
3.53
-3.19
-3.25
1.89
3.08
2.95
-0.4
1.74
-2.93
-1.98
-0.38
0.21
-3.33
-2.2
0.32
-1.79
-2.55
1.68
-3.63
-3.49
-1.04
-2.2
-0.72
-2.5
-2.86
2.07
0.67
3.84
-1.24
-3.27
2.47
-0.44
-1.78
-1.11
2.69
1.62
-0.42
2.38
1.95
-2.45
0.56
0.64
-3.05
2.07
0.54
-1.38
2.26
-2.26
0.1
-0.91
0.81
1.57
-0.9
-1.47
-2.92
3.56
-1.98
2.82
-3.37
2.43
-2.05
-0.93
0.25
0.65
-1.47
0.28
2.12
1.98
-1.06
0.44
-2.84
-2.25
