-5
-1.79
3.29
1.67
-1.29
-2.46
-2.69
-1.45
2.68
-1.44
0.44
-1.25
2.47
-0.3
0.69
1.99
-3.53
-2.85
-0.63
2.38
0.92
2.75
-3.62
1.69
-0.17
-2.57
3.22
-0.95
0.07
-1.18
3.52
-3.64
-1.71
-1.02
-2.34
-0.53
-3
2.65
3.24
-2.58
1.7
-1.67
2.57
-0.88
-2.58
-3.08
1.96
1.94
-0.76
2.63
-3.91
-3.19
-3.17
1.89
3.08
-1.85
-0.4
1.74
1.68
-1.98
0.59
-0.92
-2.84
-0.38
0.32
2.29
-2.55
1.68
1.68
-3.72
-1.93
1.7
-1.29
-2.5
-0.03
-1.66
-0.88
3.84
3.92
0.33
1.88
-0.44
-3.77
-3.18
2.69
-3.17
-2.38
-2.96
-0.79
-1.61
0.56
0.64
1.11
2.07
3.63
3.33
-1.08
-0.33
2.2
-0.91
0.81
0.71
-3.68
-1.47
2.8
0.8
-1.98
2.87
-3.37
2.43
-0.97
1.14
0.25
0.65
2.96
0.28
0.68
1.98
1.78
-0.51
2.84
-2.25
