-5
-1.28
3.29
1.26
0.72
1.44
-2.1
1.72
2.68
-1.44
0.44
-1.89
2.47
0.06
0.69
-2.2
-3.53
-0.69
-1.44
2.38
0.92
3.09
2.11
1.14
-0.17
1.84
3.22
-0.6
0.07
-3.25
-3.41
-3.64
-1.71
-2.37
-2.12
3.27
-1.52
2.65
3.24
-2.58
3.6
-1.67
0.1
-0.88
-2.58
-3.08
2.81
-1.24
-0.76
1.2
2.02
-3.19
-3.17
1.89
3.06
-1.85
-2.28
1.74
1.68
-1.98
-0.06
0.21
-2.84
-0.38
0.32
2.29
1.85
-1.9
1.68
-3.72
-3.97
-2.2
-0.72
-2.5
2.29
-1.66
0.69
3.84
-1.24
0.33
2.47
0.46
-3.75
-3.18
2.69
2.9
-0.42
-2.51
-0.79
-2.45
0.26
0.64
1.11
2.07
0.54
2.66
3.87
1.6
-3.69
-0.91
-0.88
-1.86
3.7
-1.47
-2.92
3.05
-1.98
2.87
3.28
2.43
-2.05
1.14
0.57
0.65
1.78
-1.33
2.12
1.98
-1.06
-0.51
-2.84
-2.25
