-5
-1.9
3.29
1.26
-1.29
1.44
-2.1
1.72
2.68
-1.44
1.77
-1.25
1.86
2.57
0.69
1.99
3.37
-0.69
2.32
-0.63
-3.97
2.75
-3.62
1.69
-0.17
-2.57
0.36
-0.95
0.07
-1.18
3.52
-3.64
-1.71
-2.37
-2.12
-1.08
-1.52
2.06
3.24
-0.76
1.7
-1.67
0.1
-3.05
1.06
-3.08
-0.45
1.94
0.55
-0.68
3.53
3.77
-3.17
1.89
3.08
2.95
-2.28
1.74
2.17
-1.98
-0.38
0.21
-2.84
-2.2
0.32
-1.79
-2.55
1.68
1.68
-3.72
-1.04
-2.2
-0.82
-2.5
2.29
2.07
0.69
3.84
-1.24
0.33
2.47
-0.44
-3.77
2.51
2.69
-3.17
-0.42
-2.96
1.95
-2.45
0.56
0.64
-3.05
2.07
3.63
-1.38
2.26
1.6
-3.69
-1.75
0.81
3.53
-0.9
-1.47
-2.92
3.56
-1.65
2.87
-3.37
2.43
-2.05
-0.93
0.25
0.65
2.96
-0.66
2.12
-3.76
-1.06
0.44
-2.84
-2.25
