-6
3.56
0.06
-0.73
-1.37
3.93
-0.4
-2.09
3.91
-1.88
-3.49
2.3
2.73
-2.72
3.68
1.36
1.26
-0.12
-0.67
2.2
3.31
-1.98
-1.86
-3.33
1.12
-2.96
-1.64
-1.92
4
-3.22
-1.41
-1.6
-1.01
-2.68
1.8
-0.94
-3.35
-0.92
-1.23
-1.97
-2.6
1.87
2.1
0.47
-0.92
3.37
0.54
-1.04
0.12
-0.84
-2.4
3.41
0.92
1.92
-2.5
4
-1.57
-1.92
0.88
1.23
-2.86
2.76
-3.79
-1.56
-0.7
-3.97
0.01
-3.03
2.67
-1.02
-0.49
-1.79
3.75
1.47
2.53
2.32
-0.49
-3.2
1.81
-3.76
2.33
-2.42
2.83
3.12
3.5
-0.78
-1.68
-3.75
1.31
-0.21
3.9
-2.9
2.23
-0.72
3.66
-1.28
1.15
-3.15
0.87
2.71
2.52
-2.39
-2.81
1.57
-1.62
3.44
-0.42
-0.17
-0.11
-2.67
3.44
-0.6
1.05
3.58
1.09
-2.2
1.71
1.23
0.3
0.67
-0.22
2.17
