-5
-1.9
3.29
1.26
0.72
-2.46
-2.1
1.72
2.68
-1.44
1.77
-1.25
1.86
0.53
0.69
1.99
3.37
-2.85
-0.63
2.38
0.92
2.75
-3.62
1.69
-0.17
-2.57
3.22
-0.95
0.07
-3.25
3.52
-3.64
-1.71
-1.02
-2.34
-0.53
-1.52
2.65
3.24
-2.58
1.7
-1.67
0.1
-0.88
-2.58
-3.08
2.81
1.94
-0.76
2.63
-2.16
3.77
-3.17
1.89
3.08
-1.85
-0.4
1.74
1.68
-1.98
0.83
0.21
-2.84
-0.38
0.32
2.29
-2.55
1.68
1.68
-3.72
-1.04
-2.2
2.28
-2.5
2.29
-1.66
0.67
3.84
3.92
2.79
1.88
-0.44
-3.77
-3.18
2.69
-3.17
-0.42
2.38
-1.75
1.08
0.26
0.64
-3.05
2.07
3.63
2.66
3.87
-0.33
-3.69
-0.91
-0.88
0.71
-0.9
-1.47
-3.8
0.8
-1.98
2.82
-3.37
2.43
-2.05
1.14
0.25
0.65
1.78
0.28
-1.5
1.98
-1.06
-0.51
-2.84
-2.25
