-9
3.79
1.71
-1.38
-3.89
3.04
3.17
-0.62
2.2
0.23
2.64
-2.67
-3.66
0.62
3.62
1.17
-3.97
0.66
-2.04
-3.63
-1.6
1.46
2.2
3.97
-2.26
1.18
1.72
0.56
-3.36
2.14
0.83
-0.36
3.18
2.98
-3.63
-3.65
-2.93
0.35
-0.93
-2.26
-0.83
1.84
-1.66
2.55
-0.53
0.33
-0.68
-1.92
-0.48
-3.31
-0.52
2.14
-1.59
1.84
-2.79
-1.31
-0.65
2.93
1.73
0.29
-1.02
2.82
-1.26
-2.88
-1.47
3.6
0.97
-0.54
-2.48
-0.28
2.54
3.68
2.54
-1.59
1.2
-3.67
0.97
2.79
-3.01
1.48
1.19
-0.26
-2.36
3.96
-0.68
2.59
2.15
3.22
1.37
-2.41
-2.97
2.78
-1.66
1.63
3.82
3.44
1.11
-1.43
1.29
0.93
-1.19
-0.79
-0.72
2.96
-2.92
0.02
1.47
2.75
0.73
1.99
3.94
-1.73
-1.93
0.63
3.04
3.2
0.49
-4
-0.46
-2.5
-3.94
3.69
