-2
-1.05
-3.62
3.86
0.2
-1.94
2.98
-3.1
3.79
-1.6
-2.58
2.71
-3.15
-2.32
1.99
-0.45
-3.31
1.02
3.86
-1.54
-3.94
1.1
-0.94
-0.75
-3.06
1.61
1.33
3.08
-0.42
-1.69
0.77
-0.86
-0.06
0.19
0.16
-1.09
-2.43
2.63
3.23
2.7
-3.86
-2.97
-3.87
3.76
-0.47
-1.43
-3.04
2.82
-0.88
-1.05
0.29
-0.41
-3.06
3.72
1.28
-1.25
0.17
-2.86
0.96
-3.53
-4
3.27
-0.55
1.47
0.38
-0.69
-2.46
1.59
-3.7
1.87
-3.57
0.08
-1.09
-3.49
3.13
-0.98
-0.51
-3.34
-0.2
1.95
2.68
-3.37
-2.68
3.17
2.88
1.46
-2.04
-0.2
3.28
-0.84
-2.3
-2.53
1.25
-0.72
2.69
1.62
-1.37
2.14
3.84
-0.03
3.84
-2.65
3.96
-2.41
-2.04
-2.78
-0.55
-0.4
0.25
3.37
0.39
-2.34
-2.65
2.09
-3.27
-0.43
3.98
2.57
-3.78
0.3
-2.54
-3
