-5
-2.02
-3.69
-2.81
-0.84
1.07
-3.53
0.95
-1.95
-0.21
3.22
0.88
1.11
-0.29
1.68
-0.96
-2.68
3.61
0.48
-0.48
-3.13
-3.33
-2.05
-2.8
-0.18
-2.98
0.47
3.7
-3.3
-2.31
3.46
-2.67
0.6
-3.91
2.6
2.44
0.87
-1.21
-2.48
-1.2
-0.07
-3.34
2.25
2.36
-3.05
-1.03
-2.74
-0.15
-3.3
-1.58
3.58
-3.95
2.62
-2.73
-1.93
3.38
1.58
-1.28
1.49
0.17
-1.24
-2.98
-3.99
-2.15
3.92
-1.6
-0.25
-0.63
-2.44
3.01
-2.25
-3.26
0.47
3.01
-0.95
3.83
-1.37
-2.14
-0.12
2.21
-3.26
-2.99
0.45
-2.36
3.52
1.08
2.01
-3.49
-0.45
-3.82
-2.09
-2.23
-3.49
-1.68
-1.48
-2.1
-3.6
1.01
-2.38
2.33
-0.97
-1.95
1.3
1.42
2.69
-0.82
-0.42
2.39
-0.94
-3.67
-1.77
-0.69
2.85
-3.59
1.6
-1.08
2.62
-1.09
-1.83
0.28
3.09
2.49
