-10
-2.76
1.71
-1.36
-3.89
1
3.17
0.56
-1.6
-3.54
-0.92
-1.84
2.38
0.62
3.62
1.17
-3.97
3.99
1.62
-3.63
-1.6
1.46
2.2
-3.33
-2.26
-3.7
1.72
1.44
-3.36
2.14
0.83
0.62
3.18
0.04
3.3
-3.65
-2.93
0.35
-0.93
0.1
-0.83
3.85
-1.66
2.55
-0.53
-0.94
-0.68
2.11
-2.97
-3.31
3.17
2.14
1.45
1.84
-2.79
1.39
1.15
2.93
0.83
0.29
-0.41
3.99
-1.34
-2.88
-1.47
3.6
0.97
1.13
-0.66
-0.28
2.63
3.68
2.54
3.99
1.2
-3.67
-0.89
2.79
-3.01
-3.69
1.19
-0.26
-2.36
-1.96
2.98
2.59
0.39
1.96
2.49
2.46
-2.97
2.78
-1.66
1.63
3.82
2.89
2.93
-1.43
1.29
0.93
-1.19
0.24
1.79
2.96
2.94
0.02
1.47
-3.51
0.73
1.99
3.94
-1.13
-1.35
0.63
0.73
3.2
0.49
-4
1.8
2.65
-0.41
3.69
