-8
-1.23
-1.16
-2.79
-1.21
-1.65
-0.42
-3.04
-1.36
-2.47
3.34
0.31
-0.16
2.83
-0.75
-2.63
2.52
0.92
0.77
-2.09
2.52
-2.28
0.36
-2.6
0.56
2.48
2.36
3.42
3.74
-2.19
-1
1.7
-3.54
-0.93
-2.54
-0.2
-1.42
-1.42
1.11
-3.58
-1.59
-3.94
-0.84
3.79
2.12
1.05
-1.37
-3.41
2.1
0.11
1.15
-1.05
1.75
1.96
-1.94
3.47
-1.44
2.69
3.87
-2.51
-1.02
3.28
-2.33
0.84
-0.75
2.94
2.12
-3.39
-1.15
1.3
-1.14
2.65
1.89
3.34
-0.1
-0.37
0.14
-2.72
-2.91
1.68
-0.73
-0.17
-3.04
2.8
2.04
-3.57
0.47
1.47
1.38
0.87
3.34
-3.83
1.52
-1.28
-2.69
3.38
-0.87
3.26
3.49
1.35
3.92
-2.01
0.16
-1.13
1.15
-3.48
-2.25
-0.38
-2.07
0.96
0.12
3.35
1.83
0.48
0.93
-3.32
0.49
1.61
-3.15
-0.27
3.62
-0.25
