-3
0.59
3.09
3
-0.75
-1.11
-1.11
0.33
-1.95
2.43
3.61
1.17
2.75
1.03
0.9
-3.69
-2.68
-1.68
0.06
-0.56
-1.46
-3.34
-2.05
1.29
-0.18
-3.55
-2.47
-2.27
0.06
1.06
-0.07
1.36
-2.59
-0.11
3.06
1.9
0.58
2.3
1.86
2.86
-2.58
-3.34
2.03
3.62
-0.25
-2.95
0.6
0.53
-2.76
-1.58
-1.76
-1.81
2.62
2.1
-2.62
0.87
-1.37
-2.21
-0.82
-1.21
-2.65
-2.84
-3.74
0.99
-1.5
-1.75
-0.25
-1.14
1.97
3.01
-0.26
-0.97
0.47
1.2
-1.98
-2.13
-1.37
-1.67
-2.46
-1.24
-0.14
1
-3.52
-2.36
-1.19
-2.27
2.75
-0.68
-1.5
-1.81
-0.74
-1.22
-0.89
-0.94
1.51
-3.74
-3.6
-2.97
1.11
-2.51
1.31
-2.26
2.57
-1.76
2.69
3.22
1.72
-2.59
0.07
3.52
-1.77
-3.71
-3.76
-3.59
2.93
0.35
-3.33
2.63
-1.83
-3.23
-0.49
-3.58
