-1
-2.77
0.45
0.54
-1.98
2.96
-0.42
0.4
-0.87
3.55
-1.91
-2.24
1.18
-3.4
3.15
3.21
-2.22
1.87
-1.96
-2.09
-1.38
3.57
0.36
1.55
0.33
-3.65
-3.82
-1.28
-2.85
2.17
0.6
2.92
1.95
-3.28
1.75
-0.02
-2.01
-0.87
-2.07
-2.63
2.01
-1.99
0.23
1.93
3.58
3.89
-3.09
-1.51
-2.09
-1.64
1.15
-1.64
1.75
3.56
-2.45
3.47
0.87
2.91
-3.8
-2.33
2.77
-3.15
-0.75
0.97
-1.06
-0.83
-0.18
0.45
-1.15
-0.84
1.21
2.65
-0.07
-3.34
-0.1
-3.4
-0.67
2.44
1.97
0.45
3.45
1.69
-3.2
2.8
-2.99
-1.76
-2.83
2.39
3.18
2.28
3.11
-0.92
-1.08
-3.74
-1.39
1.16
2.77
3.26
-1.02
0.4
0.06
0.46
3.64
2.76
1.15
2.5
2.44
1.08
-0.35
-3.06
0.13
2.44
-3.07
-0.25
-1.77
-2.93
-3.96
0.46
-0.04
-3.3
-2
1.43
