-4
0.72
0.69
-1.97
1.9
-1.8
-3.35
-3.57
0.78
2.57
-2.56
1.7
0.2
1.36
-0.74
-3.01
-1.51
3.64
1.99
-1.48
1.24
3.46
-0.42
-1.52
0.83
-0.76
0.61
-2.91
3.89
-0.85
0.77
-0.58
-3.11
-0.12
1.5
3.35
1.56
-3.36
-3.44
-3.92
0.4
-1.87
3.47
-2.14
-0.97
-0.81
3.88
-3.88
-1.31
-1.7
-1.49
-2.04
0.48
2.78
1.02
1.43
-2.86
-1.79
1.21
-1.34
1.59
3.57
-3.45
-2.37
-2.2
2.03
0.81
-3.68
3.86
-0.09
-0.57
-2.15
3.07
1.9
2.12
-0.9
3.99
-2.29
3.45
-2.37
-0.64
0.48
2.4
1.58
-3.36
-1.2
2.95
-1.89
2.87
-3.93
2.21
-0.65
-0.57
1.91
-1.5
0.83
-2.42
1.83
-3.94
1.01
2.39
3.56
-3.73
2.79
2.88
-3.35
-1.1
2.58
-3.34
-2.09
1.44
3.43
-1.24
-0.43
3.3
-2.9
-2.83
-1.03
-3.01
3
3.08
-1.31
