-3
-3.19
-3.62
0.97
-1.98
-1.94
2.35
0.15
3.79
3.08
-0.05
2.95
-3.15
-2.32
-3.6
-0.45
-3.31
-3.05
3.86
-1.54
1.71
3.58
-2.35
2.17
0.21
3.97
-3.11
1.37
1.46
-0.84
2.03
-0.86
-0.06
0.19
0.16
-1.09
-2.38
2.63
3.23
-3.73
-2.98
-2.97
-3.87
-1.6
-0.47
0.84
1.8
-1.61
-1.9
-1.05
0.92
-0.41
-3.06
-2.24
1.28
-2.68
-3.7
-2.86
2.42
-0.96
-3.84
3.27
-0.55
1.47
0.73
-1.53
1.22
-2.75
-3.7
1.87
-3.57
-0.32
-1.09
-3.49
3.13
-3.42
-0.51
-3.34
0.13
1.95
3.45
-3.37
0.48
3.17
1.42
-1.36
0.42
2.57
3.28
-0.84
-2.3
-2.53
3.14
-0.48
0.97
1.62
-0.85
2.14
3.84
-0.03
3.84
1.81
0.36
-0.84
-2.04
-3.63
1.1
-0.4
0.25
3.37
-3.2
-2.34
-2.65
2.09
-3.27
-0.43
1.89
2.57
3.4
0.3
-2.54
-3
