-3
-1.23
0.45
-2.79
-2.37
-1.65
-0.42
-2.95
-1.36
-2.2
3.34
0.31
-0.16
2.83
-2.82
-1.75
2.52
0.92
0.77
-2.09
2.52
0.07
-2.77
-2.6
2.36
0.24
-3.13
3.42
3.62
-2.19
-1
0.99
0.42
-0.93
-0.95
-0.2
0.37
-1.42
1.11
-3.58
-1.59
-1.68
-0.1
2.07
-0.38
1.05
-3.97
-3.41
-1.99
-1.64
0.29
-0.21
1.75
1.96
-1.94
3.17
-0.95
2.69
3.87
1.72
0.27
3.28
1.05
0.84
0.54
-2.08
1.54
-3.39
-0.94
1.3
-1.14
-0.99
-2.6
3.34
1.07
-3.4
-0.23
-2.72
-2.91
-0.19
3.23
-0.17
-3.04
2.8
2.04
-3.78
0.47
1.47
1.38
2.65
-0.3
-3.83
1.41
3.02
-3.36
-2.98
-0.87
-0.38
3.49
1.35
3.92
-2.01
0.16
-3.95
1.15
0.01
-0.79
-1.73
3.68
1.04
2.52
2.44
1.78
0.48
0.93
-3.32
0.49
1.61
-3.15
2.05
0.31
-0.25
