-5
0.8
-3.86
3.75
0.72
-2.46
-2.69
-3.04
2.68
-1.44
1.77
-1.25
2.47
0.53
0.69
1.99
-3.53
-0.69
-0.63
2.38
0.92
2.75
-3.62
1.14
-0.17
-2.57
3.22
-1.35
0.07
-1.18
3.52
-3.64
-1.71
-1.02
-2.12
-1.08
-1.52
2.65
3.24
-2.58
3.6
-1.67
0.1
-0.88
-2.58
-3.08
1.96
1.94
-0.76
1.2
2.02
-3.19
2.15
-2.04
3.06
-1.85
-0.4
1.74
1.68
-1.98
-0.38
0.21
-2.84
-2.2
0.32
2.29
1.85
-1.9
1.68
-3.72
-1.04
-2.2
-1.29
-1.63
2.29
2.07
0.67
3.84
-1.24
0.33
-0.01
-0.44
-3.77
-1.11
2.69
1.62
-0.42
-2.96
1.57
1.08
0.26
0.64
1.11
2.07
0.54
-1.38
-1.08
1.6
-2.4
-0.91
-0.88
-3.58
-3.68
-1.47
-2.92
3.05
-1.98
2.82
-3.37
-1.48
-2.05
1.14
0.57
3.25
2.96
0.28
2.12
1.98
-1.06
1.28
2.84
-1.95
