-2
1.39
0.05
-1.31
-2.38
3.93
1.7
-2.09
3.91
-3.59
3.9
2.3
2.73
-2.72
2.05
2.77
4
-0.12
-0.67
2.2
-1.6
-1.98
-3.55
-3.33
1.06
0.28
0.51
-1.92
-3.93
-1.7
-3.17
0.77
-1.01
-2.61
-2.6
-1.17
-3.35
-0.92
-1.23
-1.77
-2.6
1.87
0.6
-3.95
0.16
2.6
-1.72
3.51
0.12
-0.84
-2.4
3.41
0.92
2.99
-2.5
4
-1.57
3.81
-3.4
1.23
1.56
2.76
-2.16
-1.56
-0.72
-3.97
0.01
1.34
1.5
-0.94
-0.49
0.66
3.75
-2.96
3.42
2.32
-1.85
-3.2
1.81
-1.22
2.33
-3.68
2.83
3.02
0.31
1.85
-1.68
-3.75
1.31
3.15
3.37
-3.15
-2.05
0.38
2.11
2.21
1.15
-3.15
0.87
-2.07
2.52
3.25
-2.81
1.57
-0.73
3.44
-2.31
-0.17
1.11
-0.23
1.69
-0.6
1.05
2.85
1.09
3.12
1.71
-1.48
0.3
0.67
-0.22
-0.36
