-10
3.79
0.99
-1.38
-3.89
3.04
3.17
-0.62
-1.6
0.23
2.64
-2.67
2.38
0.27
-2.4
-1.73
-3.97
0.66
-2.04
2.52
-1.6
-0.2
2.09
3.33
-2.26
-3.7
1.72
0.56
-3.36
2.62
-2.56
-0.08
3.18
0.04
3.3
-3.65
-2.59
0.35
-0.93
-2.26
-0.83
3.85
2.83
2.55
0.84
-0.94
-0.68
-1.92
-0.48
-3.31
-1.55
2.14
-1.59
1.84
-2.79
-1.31
-0.65
2.93
0.83
-0.2
-1.02
3.99
-1.26
-2.88
1.33
3.6
0.97
-1.33
-2.48
2.1
2.54
3.68
-3.42
-2.02
-0.01
2.43
0.97
0.17
-3.01
-3.69
1.19
-0.26
-2.36
3.96
2.98
3.03
0.39
1.96
2.49
2.46
0.26
2.78
-1.64
1.63
3.82
1.65
3.63
-1.43
1.29
0.93
-1.22
0.24
-0.72
2.96
2.94
2.31
2.36
-3.51
-2.52
1.99
3.94
-1.13
-1.35
-0.85
0.73
3.2
-3.82
-2.04
1.8
2.65
-0.41
3.69
