-5
-3.44
-3.69
1.8
-0.84
1.07
-3.29
0.95
-1.95
-0.21
-2.2
0.88
1.11
0.48
1.68
2.14
-3.88
3.61
1.51
-0.48
-1.46
-3.34
-2.05
-2.97
0.73
2.99
0.47
3.7
-2.29
-2.31
3.46
1.36
0.6
2.55
2.6
2.44
0.87
-1.21
1.59
-1.2
-0.07
-3.34
3.71
-0.19
-2.55
-1.19
-2.74
-0.15
-2.76
-1.58
-3.32
-2.49
-0.68
-2.73
-1.93
3.38
1.58
-1.28
2.82
0.17
-1.24
-2.84
-3.99
-2.15
3.92
-1.6
2.62
-2.81
-2.44
2.6
-2.25
0.18
0.47
3.97
-0.95
3.01
-1.37
2.89
-0.12
-1.25
-3.26
-2.99
0.45
-2.36
-1.19
1.08
2.01
2.93
-0.45
-1.2
-2.09
3.33
-3.74
-1.68
-1.48
-2
3.36
-1.6
-2.12
-2.75
-1.65
2.23
1.3
-1.61
2.69
-0.82
-1.84
2.39
-0.94
-3.67
-1.77
-0.69
2.85
-3.59
1.6
-1.01
0.68
-0.79
-1.15
0.28
3.09
1.01
