-8
1.71
1.99
-0.2
-2.3
-1.8
-2.13
3.87
-3.98
-2.1
-2.74
-3.92
-3.87
1.1
-0.55
1.4
-1.72
3.64
-0.32
2.09
-2.31
1.29
-1.71
1.66
-1.59
1.9
-3.17
-2.91
-2.87
-0.67
0.77
-0.58
-1.11
-0.12
1.05
-0.32
2.11
-1.87
0.76
2.42
3.8
1.67
3.47
-3.35
-3.37
-0.84
3.88
-3.09
1.09
-0.51
1.9
2.86
2.76
-2.54
0.31
0.85
0.22
2.53
3.12
1.31
-1.16
-2.34
3.52
-2.37
1.37
1.32
-1.01
-3.24
3.86
-0.09
-3.64
1.13
0.17
-1.18
3.64
-1.23
0.45
-3.07
3.45
-1.55
-0.85
0.48
-0.56
3.52
3.43
-2.55
0.44
3.98
-2.32
0.17
3.14
1.72
-3.12
1.54
1.62
1.61
-2.42
0.68
-3.03
0.26
2.8
-3.93
0.12
2.3
3
-3.23
1.87
-1.83
-3.28
2.06
1.44
3.43
1.19
-1.86
0.81
-2.94
-2.5
-4
-3.49
-1.45
3.62
-0.98
