-2
0.52
1.39
-3.69
-1.53
2.55
2.95
3.8
0.16
-0.37
-0.88
-1.53
3.84
-2.17
-2.04
-0.49
-1.2
3.98
-3.24
-3.52
-0.83
2.77
2.3
-3.72
-3.99
1.32
1.56
3.84
-2.24
-3.53
0.72
3.62
-2.31
-0.88
-1.53
2.02
-2.58
1.07
-0.27
-0.24
3.25
3.82
-0.1
2.57
1.65
1.58
0.41
3.66
3.79
2.07
-1.92
3.37
-2.43
2.86
-0.54
3.49
2.22
1.1
-3.71
1.16
-3.02
3.12
2.04
-0.31
2.91
-0.49
-3.22
0.71
3.36
-0.05
-1.91
1.74
0.24
1.01
-2.76
-0.64
-1.14
3.74
-1.36
-1.56
-3.09
1.91
-3.96
-0.31
2.4
1.36
2.04
-1.17
3.67
-1.01
3.8
0.32
0.77
2.57
-1.23
-3.87
-2.23
-3.79
3.66
-1.86
0.8
3.7
-3.71
-0.16
-0.02
0.34
-0.88
0.57
1.62
-3.91
0.62
2.49
-1.54
1.86
0.24
-0.92
3.08
-1.65
1.3
-2.45
1.48
1.95
