-6
-1.7
2.12
-1.39
0.36
-1.72
-0.52
-1.01
1.93
-3.59
-0.6
2.96
1.49
3.4
1.34
0.01
-0.56
-3.34
-3.65
-1.6
-0.08
-2.75
0.46
-1.45
0.78
-3.67
0.04
3.58
1.93
-3.59
-1.01
1.39
1.54
-3.59
-1.62
2.9
-0.37
3.4
-0.93
3.83
3.26
-1.59
-2.44
3.38
3.05
-0.82
1.8
3.55
1.25
1.76
-1.76
3.91
2.72
-1.25
-2.42
-2.12
1.85
-0.44
1.84
0.03
2.25
-0.09
1.06
1.51
1.43
2.02
-2.58
1.08
1.01
2.44
-3.63
0.04
1.59
-3.48
-0.86
-2.49
3.69
1.08
-0.49
-2.41
-1.46
0.49
-1.68
-3.83
2.18
-0.92
2.67
-1.22
2.83
-3.51
-2.95
-3.94
-2.44
3.05
-2.42
-0.66
1.35
0.06
-2.05
-2.97
-2.24
-3.29
-1.47
2.81
1.38
2.21
-1.69
2.19
3.61
-3.94
-1.8
-3.24
-3.95
0.24
-2.52
-2.25
-2.42
0.88
3.34
-1.66
3.35
2.64
