0
-3
-3.47
1.03
3.3
-3.02
0.3
1.92
-1.29
1.75
0.71
-3.82
-0.27
-2.04
-0.97
-2.84
-2.45
-3.61
-1.71
-2.85
2.81
-2.41
3.96
3.88
-1.57
1.95
2.81
0.21
0.62
0.94
-1.44
-2.41
-1.25
-1.49
-1.01
-0.75
1.45
-3.62
-0.08
0.39
-3.34
-2.51
-2
-2.43
2.07
3.41
-0.23
-1.74
-1.27
-0.54
1.19
-3.12
1.14
2.58
-0.51
1.86
-2.95
-3.35
-1.4
-2.66
-1.82
-3.92
-2.7
1.77
-0.81
-0.88
1.43
-2.79
2.98
3.79
-0.29
-2.84
0.48
1.9
-3.52
1.32
3.59
2.38
-2.19
-0.98
-1.83
0.54
-2.52
-2.84
3.76
-2.32
0.45
0.18
3.03
1.14
-1.81
0.79
1.79
-1.43
-1.79
-3.42
-3.81
0.24
2.39
-1.06
-2.03
-1.45
-0.71
-1.06
3.76
0.02
0.41
3.25
2.09
2.17
2.27
-1.32
2.85
3.58
3.17
1.64
2.6
-3.87
2.01
-2.5
2.67
-2.75
