-7
-2.16
1.59
2.92
-0.62
-2.1
-0.31
3.9
1.13
-0.65
4
2.87
-2.95
3.63
-2.75
2.54
-2.6
-0.27
1.28
1.21
2.09
-3.15
2.87
3.52
1.95
2.21
-0.59
0.58
-2.02
-3.95
2.24
0.88
0.28
-3.28
-3.64
-2.55
1.36
-3.16
-3.36
-1.5
-0.45
2.19
-2.96
-1.08
-1.31
3.99
2.53
3.55
0.38
-3.95
2.74
-1.73
0.23
-2.55
-0.84
-2.67
-1.03
2.07
-3.04
1.17
2.5
3.12
1.92
1.08
1.12
-0.89
-1.41
-3.68
3.27
3.8
-2.82
-3.44
-0.91
-1.23
-2.34
3.9
3.82
-0.05
0.83
1.97
3.69
-0.14
-3.81
-2.08
-2.68
-0.04
-3.35
-1.18
1.56
3.03
2.48
3.29
3.88
-0.52
0.01
0.44
-3.73
-0.04
1.8
3.58
1.4
2.2
-3.72
0.58
2.88
2.17
3.19
-2.55
3.8
-0.74
-2.48
3.03
-2.76
-1
1.49
-1.37
2.93
-0.01
-0.24
-2.85
-1.55
3.77
