-4
0.37
0.15
1.78
-3.04
1.67
-1.77
-2.89
-2.41
-1.36
-3.93
-3.5
1.64
-2.79
1.62
0.2
3.72
-1.95
-1.77
-2.54
1.22
3.57
2.37
-2.69
-2.15
2.92
-1.68
3.7
-2.95
3.43
-1.08
2.11
0.67
2.85
-1.35
-0.08
3.69
2.2
-0.63
1.45
-1.66
0.51
2.51
-2.03
2.41
-2.04
-3.79
-0.97
1.47
-1.13
-1.37
-0.75
3.32
0.01
-3.27
1.48
2.01
-1.16
-0.08
-1.95
-0.66
-1.47
-3.95
-1.83
3.73
-2.03
-0.16
2.8
2.56
-2.31
0.52
-2.49
2.68
0.78
3.13
-3.3
-2.94
0.39
-1.1
3.89
2.7
3.3
-1.78
2.19
0.79
3.67
2.79
-3.35
2.12
1.18
1.92
0.85
-1.73
-2.68
-1.9
3.81
0.46
0.33
-1.76
0.44
2.13
-2.58
0.47
-0.22
2.36
-2.88
0.57
-1.47
0.89
-3.98
0.41
-2.39
3.94
0.04
-0.65
0.05
-3.7
-2.14
1.38
-3.95
-0.82
-0.82
