-10
-2.63
-0.23
3.67
3.24
1.36
-1.32
3.32
0.24
0.73
-1.86
2.46
-2.24
1.28
-1.18
2.45
3.84
-0.33
-0.9
0.25
-0.23
2.09
-3.23
0.3
0.91
2.24
1.97
2.06
3.5
-1.4
2.96
-1.81
-2.75
-1.05
-3.26
-0.9
-4
2.69
-2.12
3.22
3.86
1.57
-0.21
3.68
3.48
-2.52
-1.72
2.08
-2.78
-2.14
-1.97
-2.29
0.96
2.94
3.41
-1.41
-3.4
3.48
-1.24
-3
3.4
0.62
3.82
-2.36
1.78
3.96
1.2
2.81
0.54
3.73
2.45
-2.86
-2.22
-0.11
0.39
2.21
-1.7
-2.91
0.83
-0.57
-0.04
3.89
0.83
1.64
-3.44
1.24
1.23
-1.68
-0.46
2.16
-1.51
-3.48
-0.07
-3.12
3.82
-0.76
1.75
-1.86
-2.1
3.52
0.28
-0.53
-2.46
-2.5
-0.59
-3.12
3.94
-2.93
-1.46
-2.8
-3.72
3.52
-1.35
3.34
1.04
3.51
3.8
-1.82
-2.93
-3.46
-1.28
-1.12
