-6
1.39
0.05
-0.73
-1.37
2.81
-0.4
3.76
3.91
-1.88
3.9
-3.24
2.73
-2.72
3.68
2.77
-3.93
-0.12
-0.67
2.2
3.31
-1.98
-1.86
-3.33
1.12
-2.96
-1.64
1.15
4
-3.22
-3.17
-1.6
-2.8
-2.68
1.8
-0.94
-3.35
-0.92
-1.23
1.87
-2.6
1.87
2.91
0.47
-0.92
2.6
0.54
-1.04
0.12
3.42
-2.4
3.81
0.92
1.92
-2.73
4
-1.57
-1.92
0.88
1.23
-2.86
2.76
-3.79
-1.56
-0.7
-3.97
0.01
-3.03
2.67
-1.02
-0.49
-2.53
3.75
1.47
2.53
2.32
-1.85
-3.2
-3.07
-3.76
2.33
-2.42
1.93
3.12
3.5
-0.78
-1.68
0.33
1.31
-0.21
3.9
-0.76
2.23
0.38
3.66
-1.28
1.15
-3.15
-1.59
-3.54
2.52
-1.17
-2.81
1.7
-1.62
3.44
-0.42
-0.17
-0.11
2.13
3.44
-0.6
1.05
3.58
1.09
-2.2
1.71
-1.48
-1.8
0.67
-0.22
2.17
