-10
-1.9
3.29
-3.73
0.72
1.44
-2.1
-3.04
2.68
-1.44
-3.31
-1.89
1.86
2.57
0.69
3.93
3.37
-0.69
2.32
-1.13
0.92
3.09
-3.62
1.69
-0.17
-2.57
0.36
-0.95
0.07
-1.18
-3.41
-3.64
-1.71
2.53
-2.12
-1.08
-1.52
2.06
3.24
-3.37
3.6
-1.67
0.1
-0.88
1.06
-1.92
-1.59
0.38
2.35
2.63
3.53
-3.19
-3.17
1.89
3.08
2.95
-2.28
3.57
-2.93
3.11
-0.06
0.21
-0.65
-0.38
0.32
2.29
-2.55
1.68
-3.63
-3.72
-1.93
-2.2
1.84
-1.63
2.29
2.07
1.41
3.84
-1.24
-3.27
-0.4
-0.44
-3.77
-3.18
2.69
2.9
-0.42
-2.96
-0.79
-1.61
0.56
0.64
-3.05
3.3
0.54
2.66
2.26
-2.26
-2.4
-1.75
0.81
1.57
-0.9
-1.47
-2.92
0.8
-1.98
2.82
-3.37
1.44
-2.05
-0.93
0.25
-2.75
-1.47
0.28
0.05
1.98
-1.06
0.44
-2.84
-2.25
