-2
-0.99
-3.4
-1
2.31
3.2
3.7
0.09
2.67
-3.66
1.22
0.38
0.69
-3.28
0.17
2.25
-3.64
-0.82
-4
-2.39
-3.81
3.87
-0.19
-1.98
-3.44
-0.83
-1.67
-2.85
-2.82
-3.38
-2.98
1.94
-2.87
1.36
2.53
1.51
-3.62
1.66
-0.33
1.46
2.9
-1.09
-1.79
-0.11
-0.93
-3.81
0.1
-3.28
1.85
0.04
3.08
2.53
-1.53
-3.28
2.3
3.64
-0.05
0.98
-3.91
2.99
-1.61
1.64
-1.84
3
-0.9
0.42
-1.06
0.96
3.74
-3.97
0.26
3.76
-0.21
-2.55
1.41
3.61
2.19
3.34
-0.47
-1.66
3.45
0.05
-2.2
-3.88
0.1
-0.09
2.52
0.98
3.23
-1.06
3.62
1.51
1.64
0.2
2.75
0.62
2.95
3.14
1.3
-2.11
2.77
2.22
-0.58
3.27
-1.58
1.59
2.51
-2.51
-1.43
0.25
3.64
-2.77
-1.6
-2.09
0.68
-0.25
-2.93
2.55
1.46
0.45
3.76
-2.22
