-10
-3.22
0.45
-2.79
-2.39
-1.65
-0.42
1.33
-0.56
-2.2
1.22
0.31
-1.06
-3.59
3.37
2.47
0.09
2.07
0.77
1.69
-1.69
-2.53
0.36
-2.54
2.36
2.48
1.08
3.28
3.62
3.07
0.77
-0.85
-0.24
-2.69
-0.95
-0.2
2.74
-1.42
-1.99
0.49
-2.12
-3.94
-0.41
1.11
-0.38
1.05
-0.69
-2.85
2.1
-2.86
1.15
-1.05
3.07
1.96
-0.58
2.66
0.69
2.69
3.92
1.72
-2.5
-1.47
-2.33
-1.19
-0.75
-2.08
0.71
-3.39
-3.84
1.3
-1.14
2.65
1.89
3.34
2.68
-0.23
-0.23
1.2
-2.91
-0.85
3.42
-0.17
-3.04
2.8
-3.17
-3.57
0.2
-0.86
0
-1.3
2.93
-3.83
1.52
0.58
1.76
0.06
-3.89
3.26
3.29
1.35
0.5
1.28
-3.49
-1.13
1.15
1.98
-3.14
-1.73
1.31
0.64
0.16
-0.91
1.78
0.48
0.93
-3.03
0.49
-1.6
-3.15
0.13
1.92
-3.39
