-5
-3.44
-1.76
1.8
-0.84
1.07
-3.76
-2.42
-1.95
-0.21
-2.2
0.88
2.22
-3.91
1.68
-0.36
-3.88
2.33
0.06
-0.48
1.39
-0.56
-2.05
-2.8
-0.18
2.99
0.47
3.7
-3.3
-2.31
1.31
1.36
0.6
2.36
2.6
2.44
0.87
-1.21
1.27
-1.2
-0.07
-3.34
2.25
2.36
-3.05
-1.03
-2.28
3.18
-2.76
-1.58
-3.32
-3.95
2.62
-2.73
-1.93
3.38
1.58
-3.86
1.49
0.17
2.9
-1.97
-3.99
-2.15
3.92
-1.6
3.79
-2.81
-2.44
2.6
-2.25
-3.26
1.33
3.01
-0.95
3.83
-1.37
2.89
-0.12
-1.33
-3.26
-2.99
0.79
2.65
-0.43
1.17
2.01
-3.49
-0.12
-1.2
-3.55
-1.05
-3.74
-1.68
-1.48
-2
3.36
1.01
-2.38
-2.75
-0.97
2.23
-1.28
1.42
2.69
-0.82
-1.84
2.39
-0.94
-3.67
-0.47
-0.69
-3.27
2.26
1.6
-1.08
2.87
-1.09
-1.83
2.62
3.09
1.01
