-8
1.71
-1.02
-2.16
-2.3
-2.53
-2.13
-3.57
-3.98
-2.1
-2.74
1.1
-1.08
-1.11
-0.25
-3.01
-3.92
1.3
-2.05
0.97
1.24
-0.4
0.7
1.66
-1.59
0.24
2.64
2.34
-1.3
-0.23
0.77
-1.33
-1.11
1.29
1.05
-0.32
-1.89
-1.87
-2.43
2.42
2.51
1.67
-3.81
-3.35
-1.61
-0.84
3.88
3.45
1.09
0.9
1.9
2.86
2.99
-2.54
0.31
-1.19
0.22
2.53
0.78
1.31
-1.16
-2.71
3.52
-0.05
3.68
3.9
-3.98
-3.24
3.86
2.12
-3.64
0.36
-3.55
-1.18
2.12
-1.23
0.45
3.1
3.45
-1.55
-0.21
0.48
-0.56
-1.44
3.43
-2.55
2.95
3.98
-2.32
-3.93
-2.88
-1.79
-0.2
1.54
1.62
1.61
-2.95
0.68
-3.64
0.26
2.39
-3.93
0.12
2.3
0.43
3.64
2.58
-1.83
0.39
-1.25
0.31
0.8
-1.62
-1.86
0.81
-2.94
-2.5
-4
-3.49
3
3.62
-0.98
