-2
-1.05
-3.62
0.97
-1.98
-1.94
2.98
0.15
3.79
3.08
-2.58
2.95
-1.87
-2.32
-3.6
-0.45
-3.31
-3.05
-3.77
-1.54
1.71
1.1
0.58
2.17
0.21
3.97
-3.11
1.37
1.46
-0.84
0.77
-0.86
0.36
0.19
-0.96
-1.09
-2.38
2.63
3.23
-0.53
-3.86
-0.46
-3.87
-1.6
-0.47
0.84
-3.04
-1.61
-1.9
-1.05
0.29
-0.12
-3.06
-2.24
1.28
-1.25
-3.7
-2.86
2.42
-0.96
-3.84
3.27
-0.55
-2
0.73
-0.69
1.22
-2.75
-3.7
1.87
-3.57
0.08
-1.09
-3.49
3.13
-3.42
-0.51
3.33
-0.2
1.95
3.45
-3.37
0.48
-3.13
2.88
-1.36
0.42
-0.2
3.28
-0.84
-2.3
-2.53
1.25
-0.72
-3.6
1.62
-1.37
2.14
3.84
-0.03
3.84
1.81
3.96
-0.84
-2.04
-3.63
1.1
-0.4
0.25
1.92
-3.2
-2.34
-2.65
2.69
-3.27
-0.43
1.89
3.21
-3.78
0.3
1.71
-3
