-3
-3.12
1.68
1.55
-0.66
-2.66
-0.36
-1.03
2.63
-1.22
-2.38
0.4
-1.07
1.68
-0.77
2.92
-0.56
-3.46
-2.4
-0.82
-1
0.37
-2.26
1.56
-0.94
0.59
3.04
2.93
0.15
-3.12
1.18
0.72
-1.97
1.73
-3.4
1.74
0.13
0.71
2.6
3.46
-2.44
-2.56
-2.72
-0.74
-3.32
-2.27
1.55
1.58
3.65
1.64
-3.94
0.07
-0.72
-3.86
-2.71
-2.9
3.14
-3.89
-1.52
2.75
-1.69
0.71
2.82
1.75
1.6
0.91
-1.63
1.21
1.07
1.49
-1.21
2.73
-2.05
-1.85
-2.38
-2.45
-0.91
2.48
0.87
-2.68
3.04
-2.55
3.29
2.52
-3.18
-2.89
-2.57
-2.12
0.44
3.51
2.6
0.01
-1.78
3.85
1.15
0.85
-1.37
-0.46
1.67
-0.22
3.37
-3.66
-3.5
-1.84
-1.15
-2.67
-1.89
-2.87
2.53
3.74
2.01
-3.34
-0.75
-2.85
3.71
-3.15
1.43
-3.7
0.92
0.49
-0.53
-3.52
-3.24
1.57
2.89
2.78
0.5
-1.9
1
0.77
2.93
3.55
-3.19
-2.91
-2.04
2.7
-3.06
1.13
-0.33
3.49
3
-3.71
-0.64
0.7
-2.51
1.94
-3.24
-2.93
-3.86
0.3
3.43
-1.68
2.62
-2.82
-3.69
2.88
3.58
-1.07
-0.73
0.07
0.83
-3.99
0.14
-2.25
-3.19
2.47
3.85
-1.84
3.2
-2.99
3.91
-3.7
0.64
1.44
1.49
-0.83
1.12
0.07
0.08
-3.05
2.01
-0.57
-2.04
-3.3
1.34
0.61
-3.07
3.64
-3.23
-0.92
3.12
2.02
-2.15
3.6
-1.35
2.99
0.16
-2.4
-0.12
-0.97
2.09
2.61
-2.13
3.13
0.39
3.12
1.69
-2.82
-0.3
1.14
-2.25
-0.49
2.86
-1.68
2.06
-2.6
2.05
-0.57
0.41
0.21
1.53
-3.79
-2.62
0.11
-2.11
-2.11
2.45
1.04
-1.22
2.5
3.02
-0.48
-3.82
-2.95
-1.14
3.41
-2.44
-1.17
0.31
2.23
2.92
3.76
-0.06
-0.36
-2.68
-0.39
3.16
3.54
-2.47
-2.75
-3.07
-3.28
1.2
3.68
1.5
1.88
1.23
1.76
1.23
-1.5
-3.33
-3.35
2.41
1.2
2.12
2.24
-0.68
1.8
3.46
2.66
3.84
-0.78
3.12
2.19
1.29
1.78
0.27
1.74
-1.21
2.29
-1.27
2.91
-0.5
-2.48
1.56
2.29
2.32
-3.5
-0.44
0.98
-1.83
-0.2
1.61
-2.19
1.55
2.27
-2.65
2.74
1.53
-0.92
-3.71
-2.64
-3.93
-1.13
-2.58
1.72
-2.4
3.01
-1.61
3.73
-2.4
3.5
-1.03
2.95
3.77
-2.24
1.15
0.88
3.65
3.83
3.93
-1.19
-1.76
-1.52
0.49
0.04
1.61
1.31
-3.37
3.03
0.43
1.54
-3.8
3.71
2
-2.64
2.83
-3.37
-3.9
3.84
0.69
3.32
2.12
-0.16
-0.63
-1.32
-3.17
2.67
-1.95
-0.21
-2.88
0.47
3.1
1.7
-0.84
1.48
3.13
1.6
2.39
1.39
-3.9
0.3
2.37
-0.63
-0.71
0.07
3.29
-0.74
-3.06
2.4
-1.07
0.52
0.78
3.81
-0.86
-3.4
0.69
2.41
3.11
-2.2
-0.8
2.95
-0.75
0.85
1.9
3.97
2.45
-1.49
0.55
-3.49
-1.76
-2.77
-1.76
-1.28
3.73
-3.62
-3.06
-1.25
-3.46
3.31
-0.61
1.58
1.72
-0.35
-3.15
0.61
3.7
3.29
-1.44
-1.44
-3.21
-3.28
2.5
0.58
-1.82
-2.84
-2.96
-2.49
1.47
-0.67
1.63
0.78
2.72
-3.58
0.16
-2.3
-1.73
-1.95
-3.92
-1.25
3.66
-2.06
1.86
3.8
2.42
1.63
-2.77
3.6
-0.01
-2.71
-3.73
3.16
3.95
-2.02
3.73
-2.49
-1.27
1.67
-3.47
2.57
3.34
3.44
1.28
1.21
-2.32
2.62
2.86
1.29
3.5
3.16
-1.67
1.64
3.21
3.81
-1.1
2.85
-1.14
2.71
2.17
0.56
3.93
-2.55
1.53
0.18
-0.94
2.47
0.83
0.73
-3.3
-1.36
2.97
0.61
-2.48
-2.49
-0.58
-3.78
0.66
-3.36
2.12
3.8
2.77
-0.06
-3.9
0.84
2.96
-1.37
3.96
-3.86
3.09
-3.13
2.66
0.03
3.5
-0.02
2.64
1.89
-2.1
-2.9
-1.85
-0.79
-2.22
-1.87
0.59
0.86
-3.82
1.73
0.12
1.69
0.39
-1.33
-1.81
-1.78
-3.42
2.37
1.8
-0.02
-2.66
-3.32
1.22
-3.58
2.52
0.69
1.65
3.83
-0.01
-1.06
1.11
1.55
-1.13
1.53
2.32
-0.45
2.5
-1.1
2.01
0.63
3.36
-0.76
0.65
-2.78
2.52
-1.73
-0.24
0.41
2.69
0.43
-0.56
-2.87
2.18
-1.34
0.54
-2.78
-0.11
-2.28
0.7
1.1
0.49
0.76
-3.13
1.25
-3.38
2.57
-1.19
2.86
0.36
2.64
-0.28
1.69
-3.65
-2.84
0.62
2.1
0.03
-0.01
-2.1
0.24
-3.08
-2.77
-2.87
3.56
3.5
-0.02
3.37
-3.79
-3.01
1.1
3.67
0.77
2.2
-3.09
-3.86
-1.4
-1.63
3.41
-3.4
3.95
3.46
0.9
-3.96
-3.95
-3.29
1.75
-3.23
1.02
2.04
2.44
1.19
3.9
3.82
-3.55
0.17
-0.75
-0.38
-2.68
1.76
0.64
3.21
-1.41
1.87
3.27
2.98
2.95
3.5
3.45
-2.99
-1.98
-0.27
0.63
-0.62
-2.04
0.79
0.02
-2.82
-2.92
2.84
-2.26
-0.8
-1.65
-1.82
-1.45
3.91
3.78
0.96
1.74
0.74
0.9
2.98
-2.95
-2.35
-0.03
-3.26
0.87
3.04
-3.22
-2.92
-2.24
2.26
-2.67
0
0.01
-1.29
-3.44
0.51
1.86
-0.33
-3.85
-1.94
-1.46
-1.52
0.01
-2.56
0.86
-3.59
-0.69
3.36
3.2
-2.01
-2.25
-1.29
0.12
-0.95
-1.32
-1.02
3.42
-2.79
3.93
0.99
-3.6
-4
1.08
-0.52
-2.13
2.35
2.18
3.85
3.35
-0.74
3.1
-1.94
0.59
-1.17
0.44
2.58
1.64
-1.48
-0.12
0.45
-0.28
-2.58
-2.12
3.77
0.5
2.62
3.89
-3.05
-3.97
1.58
1.09
0.64
-0.25
-0.84
-2.34
-1.47
1.4
-3.47
3.57
2.51
-1.76
-0.53
-3.99
-0.06
-1.11
3.7
2.13
-2.72
2.62
0.1
1.34
0.89
1.33
-0.53
-2.74
2.98
2.13
1.31
2.99
-0.75
2.47
1.22
3.81
-2.24
2.18
-1.54
2.31
-2.58
-2.84
-2.1
-2.83
1.11
-1.04
1.37
-1.79
-3.75
-2.59
1.94
0.88
0.81
-3.51
2.6
-1.66
-0.07
-3.77
-3.81
3.31
-3.72
-2.1
-1.31
0.4
-3.91
-2.46
0.32
-3.96
1.03
-0.33
2.26
1.77
-3.57
-2.62
0.71
-3.89
0.71
-1.07
-3.77
-2.07
3.96
-2.75
-2.99
1.56
-3.82
-3.57
-1.83
-1.25
3.87
-1.13
-0.12
-2.48
1.98
-0.85
2.03
3.52
2.48
1.51
-2.92
-0.44
2.64
1.33
1.19
0.59
-0.84
-3.83
0.44
-0.58
-0.21
2.48
1.63
-3.01
-4
2.26
3.35
3.03
-3.12
1.13
0.21
3.66
3.38
-2.44
-3.82
-1.85
3.79
0.73
3.79
1.29
-0.64
1.19
-2.36
3.21
-2.15
0.68
-0.71
-1.37
0.07
0.43
-1.6
-3.99
-0.01
2.76
2.97
-2.62
1.25
-1.12
-2.48
3.72
-0.2
3
2.64
-2.66
-2.71
-2.58
0.19
1.08
1.14
-0.96
0.8
2.43
-3.62
3.16
-3.94
2.61
0.84
2.43
3.15
-0.67
-1.04
0.72
-1.04
0.46
-1.27
0.2
-0.34
-3.39
-1.41
2.8
0.9
0.91
-0.79
-3.93
-2.52
0.37
2.55
-3.71
1.92
-3.58
-3.52
2.22
1.49
-2.98
3.64
-0.03
3.64
0.84
2.7
-3.64
0.55
2.83
-0.26
2.19
0.75
3.09
0.03
-1.83
2.62
1.09
1.76
-0.43
-1.52
2.35
2.14
3.9
-0.78
-3.69
1.67
-0.31
-3.95
0.54
-3.5
2.72
-1.16
0.75
3.23
-2.07
0.83
2.77
0.57
2.83
-2.08
-1.77
-1.76
2.08
-2.84
1.02
-0.68
-1.6
-3.67
0.38
-2.32
-3.18
-1.33
0.92
-0.27
3.15
-1.11
3.74
-3.25
3.33
3.17
-1
-3.7
-4
2.32
1.02
-0.65
-4
3.87
-1.91
1.35
3.86
-3.48
2.94
-2.36
-3.75
0.1
-3.95
2.73
2.2
0.99
-0.74
-0.65
-0.32
-1.14
3.69
0.05
1.93
-2.98
-3.93
3.05
1.09
2.01
1.25
3.66
2.93
-2.08
-1.77
3.77
0.15
-2.33
-0.68
-1.46
2.25
3.03
-2.17
-3.71
-0.27
-0.73
-0.53
-0.96
-1.17
-2.99
-1.45
-1.67
-0.1
3.65
0.63
1.15
2.64
-3.03
1.42
2.99
3.79
-0.96
-3.74
-2.16
-0.72
3.28
-1.28
2.33
-2.13
-3.72
-1.42
0.53
-2.33
-3.28
1.11
0.65
-2.97
3.39
-3.69
-1.35
1.55
1.04
0.21
0.08
-0.54
-1.09
-0.25
3.29
1.29
1.09
-2.87
-0.83
0.25
0.34
-1.24
-0.8
2.77
3.99
1.02
0.46
-3.45
1.15
-2.83
-1.45
2.44
2.03
-3.34
-0.82
-1.46
3.99
0.12
3.25
-3.35
-1.23
-2.57
-1.26
2.84
0.19
2.38
-3.64
-0.47
-0.57
-2.96
0.79
3.16
3.41
-3.73
1.33
1.97
-2.1
1.88
-2.96
-1.64
-0.14
-1.9
-3.6
-0.13
-2.34
1.64
1.44
-1.75
-3.43
0.75
1.31
-3.04
-2.12
-1.48
-2.52
-1.1
-3.99
0.37
-1.42
-2.39
0.65
-3.07
1.12
0.1
0.39
-0.61
3.03
1.75
-0.67
1.22
-3.37
-1.9
-0.92
0.89
0.8
-3.34
-2.97
2.88
1.17
2.55
-3.07
2.12
-1.05
2.69
-0.27
-0.18
1.27
0.89
2.8
-1.57
1.95
1.53
-0.7
3.43
1.71
-1.07
0.98
0.3
3.49
2.27
2.62
3.7
2.92
-0.65
0.11
-0.79
1.89
1
1.72
-3.19
-2.14
-2.86
3.2
0.04
-3.33
2.54
1.98
2.44
-3.63
-3.44
2.13
-1.86
2.95
-3.11
3.27
-0.9
2.8
-0.35
3.18
-2.14
-0.31
0.74
3.4
2.91
3.93
-2.76
3.21
3.6
-1.42
-3.48
1.94
-3.74
3.17
1.98
-3.43
0.81
2.33
3.27
2.76
3.18
0.96
2.55
-0.08
2.92
-3.87
0.47
-3.26
2.02
0.09
-3
0.41
-1.77
1.82
-0.14
1.13
1.12
-2.26
-3.71
0.11
3.44
3.34
2.38
-0.15
3.86
-1.37
1.86
-1.03
-3.04
-3.68
-1.54
0.78
3.54
0.9
-4
0.91
1.14
-3.18
-3.53
2.77
-0.55
-3.51
-2.82
-0.49
-2.42
0.11
-0.29
-1.56
-0.69
-3.15
-0.55
-0.94
2.04
-0.85
3.33
3.85
2.58
-1.31
0.07
0.29
-1.72
-2.5
3.78
1.7
-2.38
0.23
0.88
1.33
1.82
2.95
3.99
0.3
-2.73
-2.47
-3.35
2.94
2.15
-1.13
-1.73
-0.26
2.93
-0.59
3.67
-3.89
0.87
3.4
2.75
0.38
1.58
-3.85
2.34
-1.56
0.75
0.19
0.48
-2.05
-3.29
-0.52
-2.12
1.35
3.24
2.38
0.63
0.37
-3.14
3.16
-2.21
0.5
-1.5
-3.62
-2.31
-0.29
-3.58
-3.67
1.36
2.87
-2.17
3.67
-3.18
-1.77
1.49
-3.51
3.75
1.67
-3.39
1.55
3.56
1.08
1.05
2.7
2.22
-1.34
-3.02
0.92
0.5
-3.46
2.79
-0.7
3.26
1.72
1.61
-1.76
-2.13
1.2
2.47
-1.38
-1.98
0.41
2.83
1.62
-3.89
-2.95
-1.35
3.66
3.87
2.74
2.63
2.96
-0.24
-0.68
3.61
0.71
3.45
-0.19
-1.83
3.03
-1.27
-0.5
-0.16
0.82
-3.92
2.54
-3.59
-0.89
0.63
-0.76
2.62
-1.45
3.21
1.99
-0.48
-0.86
2.26
3.44
2.58
1.16
-4
-2.67
1.05
1.76
-2.08
3.83
3.55
-0.07
2.12
-3.11
-1.21
2.07
-0.98
3.44
3.9
2.52
-3.43
-1.99
1.53
-2.43
-3.36
3.55
-0.97
0.63
-3.88
0.07
3.76
1.77
3.8
0.46
2.46
-3.99
1.23
1.01
3.02
-2.6
2.46
2.08
-1.11
-3.75
3
0.48
1
-0.26
-3.56
-3.45
3.54
3.77
2.1
1.01
-1.44
0.24
-2.1
1
0.52
-3.54
2.31
-3.58
1.64
1.85
-3.93
-2.23
0.14
-2.35
-1.57
-1.22
-3.16
2.02
-3.59
2.5
-3.94
-1.5
3.12
1.28
-1.42
0.17
-1.46
3.3
0.18
3.57
0.54
3.99
3.68
-1.22
-2.1
-1.78
2.11
-3.78
-3.51
2.56
-0.91
2.03
-3.56
1.05
-3.82
1.23
-3.67
-0.65
-2.7
1.67
3.71
-2.49
3.36
3.6
0.95
-3.94
1.13
0.63
-1.58
-3.66
1.93
3.02
0.24
2.07
-2.69
-3.92
-1.9
-2.65
3.76
-3.8
0.68
-3.38
1.53
-2.14
-0.6
-1.97
-1.95
-1.93
1.09
1.35
-0.17
3.19
1.99
2.52
3.87
-0.98
-3.37
-3.93
1.84
-2.17
1.1
-2.53
1.8
-3.86
-3.38
0.08
-2.21
-1.63
-0.27
-3.9
-0.88
2.99
-0.4
-2.91
-3.02
3.09
-0.01
1.5
0.2
-1.08
2.01
-0.95
3.55
1.08
0.52
2.74
-2.98
1.73
2.21
2.29
3.46
-1.98
-0.48
1.92
-0.89
-0.79
-1.18
1.39
-2.77
3.32
-3.77
3.69
2.34
0.99
-1.77
0.85
-0.41
0.89
1.53
-3.23
3.04
-0.87
-0.12
-1.09
-0.17
-1.96
-2.07
-3.28
-0.38
-2.12
-0.95
0.07
0.17
1.45
-3.36
-2.91
-0.54
1.69
1.98
1.78
0.26
2.6
0.26
0.88
-1.32
2.33
0.71
-1.45
-1.15
3.68
-0.85
0.14
-3.81
1.43
3.25
0.32
2.15
-3.4
-1.91
-2.93
-2.72
-1.9
-2.24
3.35
0.26
0.17
-0.48
-3.11
0.34
-2.87
-2.62
1.91
2.91
3.76
0.51
-3.56
2.88
3
-3.77
1.5
1.33
3.38
1.88
-0.05
2.74
2.92
-0.13
2.74
2.21
0.33
-1.05
-1.14
-0.41
0.91
0.5
-1.84
0.84
0.91
-3.38
2.52
-1.2
-0.18
2.22
-2.29
2.3
1.25
1.24
