-1
0.54
2.42
0.32
2.91
-2.11
-0.83
1.4
0.06
3.18
2.51
-3.55
-1.89
-1.91
-2.92
0.78
3.55
-1.36
0.31
-1.57
-2.64
-2.44
1.88
-0.03
-3.12
-1.37
0.82
3.37
-3.31
-0.36
-1.03
0.77
3.9
2.2
-2.08
-0.65
3.24
-0.93
-3.73
2.62
1.4
-2.75
3.94
-3.05
-1.61
0.62
-2.61
-3.21
3.64
-1.54
-1.38
-3.06
-2.27
-3.32
2.43
1.13
2.66
-1.55
-0.57
0.28
1.08
-0.2
0.71
-3.58
0.21
-2.27
-3.45
-0.09
-3.84
1.73
1.54
0.47
-1.64
1.69
1.04
-3.89
-2.37
0.93
-2.42
0.27
-2.77
0.03
3.73
2.24
-2.99
-1.97
-0.96
3.22
3.77
0.8
0.7
0.79
3.65
-0.01
-2.46
-2.41
0.55
3.52
0.74
-3.35
0.06
1.48
-3.38
-2.09
0.92
2.15
2.58
0.04
-0.36
2.32
-0.5
-2.28
-3.13
3.17
-0.96
-2.95
0.08
2.48
3.41
-1.82
2.69
-2.66
0.15
-0.63
-2.97
-3.26
0.83
2.37
0.15
-0.56
-0.44
-1.88
-3.82
-3.08
-3.79
-0.24
-0.6
1.81
-2.69
-1.13
-0.55
3.01
-0.43
-2.55
-2.7
-1.03
-0.08
-3.53
-3.05
-3.51
1.52
2.08
-3.9
-1.44
-2.04
-1.28
-2.67
1.26
-3.12
0.17
-2.69
-3.8
3.89
-3.8
-1.25
-2.63
-2.46
3.95
2.96
3.29
1.65
2.27
1.16
0.53
2.73
3.69
1.78
-1.31
-1.93
2.06
0.82
0.35
1.42
-0.34
1.93
1.49
-1.99
1.63
2.96
1.49
-1.58
2.15
0.93
1.14
-2.45
-0.75
3.13
-0.64
2.7
3.93
-2.57
-0.02
-2.48
-2.33
-1.16
3.25
-3.09
-0.42
-0.17
-1.72
0.94
2.64
-0.82
-1.18
3.35
0.96
-1.21
0.22
-1.73
1.27
3.37
-0.09
-3.02
-2.54
0.86
3.51
-2.67
-3.99
-1.03
-0.52
-3.45
-1.59
0
-1.85
0.62
-3.16
-1.17
-0.25
-3.19
2.69
0.57
2.44
-2.2
0.68
-3.46
-0.22
-1.04
-1.9
1.79
0.59
-3.54
-1.1
-2.91
-2.58
-3.45
1.53
-1.01
-3.94
0.81
-0.66
1.91
-3.11
-3.4
-3.65
-2.28
-1.47
-1.36
-2.97
2.21
2.51
-1.87
3.04
-0.59
-0.41
-3.31
-3.07
-1.89
0.31
-3.09
-2.92
0.54
3.23
-1.77
2.38
-0.99
1.66
-2.68
-1.43
-2.41
3.1
1.85
-1.24
2.94
1.48
-3.23
-0.33
1.83
-2.56
-1.05
2.02
-2.86
-2.08
-0.1
3.29
-1.54
-2.58
3.5
1.5
-3.27
3.63
-0.59
2.69
3.16
-0.27
2.81
2.68
2.67
-1.78
1.34
0.07
-2.79
-3.93
3.45
3.11
-3.35
3.38
-3.9
1.94
-1.18
1.02
-0.9
-3.34
-2.65
-1.11
3.95
-1.39
-0.67
-1.05
-0.08
-2.41
2.16
-0.18
-2.16
-2.04
-0.32
3.17
-0.39
-0.79
2.67
-1.91
1.01
-0.4
0.11
2.88
0.8
-2.94
-1.52
0.79
2.63
-0.92
-2.68
-2.44
-1.32
-0.29
0.52
-1.25
1.34
0.26
-0.21
0.19
-0.65
-0.28
2.3
-0.26
1.92
1.4
2.24
1.49
-0.57
-2.51
-0.24
0.89
3.27
-3.28
-3.99
3.51
0.55
-1.53
2.09
2.88
-3.87
2.54
0.32
-3.16
-3.73
0.6
-2.86
2.13
1.44
-3.08
-2.18
3.36
3.42
-1.52
2.75
-2.71
1.3
-3.64
-3.04
3.41
-1.17
1
-2.64
1.14
3.33
0.43
-1.71
-2.05
-0.3
1.02
2.2
-1.14
2.17
0.92
0.06
0.82
3.4
1.46
-0.53
-2.69
0.26
-3.9
-3.96
-1.5
3.67
0.41
1.47
0.79
-2.02
2.73
-1.8
0.19
-2.49
2.69
0.04
-0.86
1.17
3.19
-2.48
-0.16
-1.7
3.19
-1.57
-3.58
-1.27
2.97
-2.81
-1.5
2.42
-2.07
-2.11
3.85
0.9
3.65
-0.85
-1.27
0.95
2.87
1.47
-1.09
2.96
1.51
3.98
0.97
-1.18
-1.99
-2.65
3.49
-3.13
-3.09
3.65
-3.79
-0.06
3.63
3.02
1.07
1.67
3.63
3.78
-3.3
-0.78
-1.04
2.37
-3.95
0.83
-1.65
3.29
-2.14
-0.47
-2.69
2.19
2.31
-2.29
2.61
0.89
0.79
3.21
1.46
1.6
-3.29
1.62
-2.29
-2.37
1.51
-1.72
-2.33
-0.1
1.27
-3.37
2.08
1.07
1.33
3.09
0.77
3.7
-0.01
3.15
3.93
-3.86
-3.54
-1.28
3.5
-0.05
3.57
-1.27
-2.67
2.5
1.34
-1.26
-1.78
1.87
-3.8
-1.98
3.06
-0.91
-2.49
-2.67
-3.14
1.77
-0.85
2.46
-1.98
-2.78
1.45
0.24
-3.14
3.22
0.95
2.91
-3.11
1.65
3.28
1.32
1.14
1.99
2.12
1.76
-1.93
-1.22
-3.05
-0.82
2.57
-1.47
2.42
-3.79
0.87
-0.7
-3.97
-2.32
2.19
-1.34
2.29
-1.84
0.99
-1.99
-3.3
2.28
2.51
-0.68
-2.14
-1.89
-2.45
2.43
-2.16
0.58
2.59
-1.12
0.89
-2.94
0.97
-0.24
3.26
2.09
0.82
3.98
3.89
3.5
-1.2
1.23
3.38
1.56
3.19
-0.73
-3.28
2.24
3.36
1.12
-3.68
-0.88
1.29
3.85
3.25
2.75
-3.09
2.84
-2.37
-3.86
-3.32
-2.16
-2.38
-2.02
2.42
2.97
0.72
-1.57
-0.6
-3.8
1.35
1.02
-1.88
-2.79
-0.53
-2.73
-0.05
0.31
-1.08
2.29
1.7
-0.39
1.22
-2.54
-1.45
-2.24
-0.22
1.12
0.51
-3.49
1.17
1.98
2.35
3.75
2.81
-3.04
-0.39
1.39
3.15
-3.78
2.55
2.3
-1.17
3.16
3.78
-0.69
-3
0.08
0.38
1.98
-1.2
0.61
-0.08
-0.66
-1.56
1.08
0.62
-3.85
3.44
0.66
-0.82
3.6
1.92
-1.11
-0.97
3.37
2.68
-1.63
-1.59
-1.5
1.67
2.56
1.16
-1.3
3.74
3.4
-3.23
2.06
-2.31
3.25
-3.24
3.71
-3.27
2.53
1.71
-3.44
-1.94
-1
1.31
-2.28
0.34
-0.55
1.96
-1.51
1.04
2.96
-3.62
3.95
0.13
-3.59
0.64
2.63
-2.34
-2.12
-3.69
0.24
3.45
-2.78
-0.39
-0.95
0.31
2.57
2.47
-3.82
-0.11
-0.52
2.86
3.39
1.18
-1.53
1.31
-0.32
1.07
-3.32
2.16
-1.78
-3.4
-1.33
1.66
-3.23
3.02
-3.18
-2.07
-2.73
-1.39
-1.87
2.04
2.86
2.22
-2.54
-2.88
-3.16
3.39
-1.75
1.42
1.78
0.98
1.77
2.6
-2.44
-3.91
-3.01
-1.24
-2.35
-0.89
-3.04
-2.45
-3.02
-0.28
2.09
-0.36
0.77
-0.44
-1.17
0.03
-0.52
0.63
1.2
1.58
-2.25
1.45
4
-2.84
-0.28
-2.65
0.46
0.29
-1.19
-0.73
-3.62
1.24
-1.17
0.08
0.1
-3.33
2.02
2.07
-3.73
2.17
-2.35
-3.42
1.05
-0.87
-3.88
1.83
0.35
1.28
0.55
2.23
-2.07
-2.86
3.79
-3.82
0.84
0.11
-3.9
3.83
3.05
-3.7
2.65
0.67
2.74
1.72
-0.66
-3.15
-3.2
-3.31
3.47
-1.84
2.01
1.42
0.36
3.03
-0.07
-2.83
-3.61
0.86
-2.97
1.89
1
3.19
3.75
0.59
-2.67
3.24
1.46
-1.36
3.25
3.99
-3.43
2.2
3.03
3.98
3.53
0.98
-2.16
3.34
3.8
3.28
1.03
-0.34
1.82
-1.61
-3.79
0.52
0.79
-3.24
0.26
-0.34
-0.28
-0.76
2.79
-2.85
-0.7
3.47
0.93
-1.86
0.38
0.1
-0.61
2.16
-2.56
3.49
-2.42
3.82
2.39
0.38
3.5
2.95
3.33
-2.95
1.07
-2.24
-3.14
-2.66
-2.64
1.35
0.38
0.82
-1.55
0.7
2.39
-0.42
0.26
1.34
3.41
1.87
0.67
-3.94
-3.95
3.71
-1.05
-0.31
-0.11
2.87
-1.79
2.34
-3.2
-3.61
2.13
-3.6
-2.74
1.31
0.33
-1.34
2.17
1.03
-3.71
-2.04
2.1
3.58
1.77
3.57
-2.35
2.7
3.77
1.87
-0.78
0.25
-3.59
-3.48
3.72
3.43
2.9
3.63
2.11
-2.62
1.88
-2.01
3.14
-0.97
0.54
-0.02
2.69
-1.96
-0.57
-2.92
3.25
-2.4
3.17
-1.63
1.57
-1.3
-2.03
-3.52
-2.07
-0.61
-1.97
1.19
3.1
0.34
-0.88
0.56
3.99
1.6
-3.31
-2.17
2.42
0.71
0.56
0.79
3.16
2.31
-1.17
-0.94
-0.97
-2.22
-3.13
3.62
-0.74
2.69
2.62
-2.39
1.08
2.05
-1.05
1.01
1.46
2.41
1.69
-1.29
3.35
-3.32
-1.11
-1.21
3.92
3.99
0
-2.92
-2.65
-2.4
-1.34
-1.46
1.05
-1.63
-0.79
3.27
3.88
2.91
1.45
-3.85
-1.49
-1.59
-2.07
-3.59
1.72
-2.5
3.48
-2.06
-1.35
-0.32
0.37
-4
3.02
-2.16
1.45
2.48
-0.59
-3.96
-0.86
-0.96
1.78
3.8
2.27
-2.35
0.03
0.08
0.57
-1.29
-1.17
-0.31
1.14
2.55
-3.05
1.54
-3.81
0.93
2.75
-1.52
1.07
2.42
-3.5
-1.94
2.44
1.67
1.23
-1.34
-0.47
-0.8
0.93
0.73
-0.15
3.84
-0.24
-1.59
-1.63
-1.28
0.15
-3.73
0.38
-2.36
0.93
0.77
3.11
2.96
2.55
1.82
3.05
-2.53
-2.36
-3.49
3.73
-3.07
-1.03
0.73
-1.46
-0.28
-2.65
-3.41
0.43
-2.63
-3.45
-2.63
1.78
2.1
3.85
1.3
-1.21
2.55
-0.84
1.48
-3.22
2.48
2.1
-0.58
-2.52
-0.27
-1.05
3.49
3.13
3.41
-0.39
-1.95
-2.45
0.42
1.01
-1.09
0.86
3.04
3.87
2.65
-2.63
-0.45
-0.15
-0.99
-2.91
-0.44
3
-2.99
3.11
-2.76
-0.97
-3.51
2.32
0.17
3.73
-2.75
-1.17
3.56
-0.75
2.82
-3.23
-2.13
-2.53
1.02
1.76
2.51
3.82
-2.64
-2.91
0.93
-3.56
-0.25
2.69
0.52
0.11
1.23
-1.38
-0.92
-1.67
1.92
0.74
-2.06
-3.63
1.88
0.37
-0.89
-0.26
1.39
0.69
-0.25
-3.93
1.31
-0.21
-2.95
1.88
3.51
-1.93
2.83
1.26
-1.42
-0.25
1.64
3.92
-1.82
-3.2
3.29
-2.19
-2.21
-3.94
-1.51
2.63
3.75
1.22
1.33
-1.93
2.84
-2.51
-0.4
-3.36
-1.36
-1.24
-1.57
0.67
1.35
0.85
-0.86
3.97
1.64
2.65
0.61
-0.84
-0.21
1.83
3.75
-1.83
3.1
-1.98
2.2
1.07
1.09
-2.7
-2.06
1.33
-1.81
1.12
-3.68
-3.92
2.46
2.98
3.04
2.01
2.48
2.19
-1.39
3.83
-2.68
-3.04
-1.43
1.33
1.67
3.32
0.18
-0.85
-0.55
3.34
-1.17
-2.08
1.47
-0.84
-1.02
0.81
-0.7
2.53
-0.45
-2.66
-3.18
1.11
-1.53
-3.78
0.52
-0.95
-2.49
2.66
3.61
2.6
0.69
1.61
-0.78
3.93
-3.16
2.14
3.46
-3.14
3.41
1.77
1.13
2.79
-2.13
-1.14
-1.72
2.41
-1.38
-0.71
0
-1.77
-1.3
3.95
-1.37
-2.74
3
0.22
2.5
-1.66
-3.2
-1.39
1.81
1.52
-0.45
0.86
-1.35
1.23
2.7
1.54
-1.69
0.84
1.36
-1.57
3.13
1.78
0.22
-1.96
-0.76
3.62
1.94
2.12
-3.57
2.22
-1.34
1.37
-0.11
0.74
-1.02
-2.04
-3.07
0.63
3.65
1.11
-3.95
0.79
3.97
3.61
-0.77
1.01
-3.79
1.06
3.72
1.08
-3.03
3.16
0.87
-3.73
-3.19
0.85
1.04
0.95
-3.03
2.88
0.41
-1.31
-1.82
3.6
-1.14
2.18
-3.04
1.91
-1.76
0.73
0.61
1.69
1.2
-3.75
-1.63
-1.66
1.82
0.62
2.82
2.23
3.41
-3.12
2.4
-0.64
1.24
-0.5
-3.5
-0.38
-0.07
2.14
0.92
-0.02
-0.35
-3.24
-3.31
1.37
-1.4
-3.63
0.74
1.05
0.05
-1.7
-1.19
-1.02
-3.54
-0.71
-2.05
0.62
1.9
2.48
3.03
-3.58
2.14
-1.25
3.48
-0.48
0.29
2.83
-1.65
3.37
1.68
1.34
-2.02
0.11
3.82
-3.38
-1.97
0.44
3.56
1.01
3.74
1.45
3.88
-2.24
-1.83
1.1
2.07
-0.59
-1.11
-2.05
-2.46
-0.11
1.73
1.45
3.11
0.5
1.85
-3.1
-2.72
1.18
-2.93
-0.23
2.02
1.38
3.37
2.71
-3.68
2.7
-0.83
3.84
-2.74
1.52
1.06
-3.12
2.75
-2.43
-3.46
0.38
-3.43
-1.62
1.45
-3.13
-0.06
-3.61
1.82
-2.21
3.61
0.53
1.01
-0.69
-1.22
-2.87
-0.84
-1.62
-0.07
-0.04
3.43
-1.5
-1.61
-0.54
0.77
3.38
-3.76
-0.95
-3.31
0.03
2.83
0.84
2.71
1.53
-0.05
-2.53
-3.68
2.91
3.73
-3.81
3.84
1.62
3.56
1.58
3.1
-0.21
-2.31
3.86
1.06
-3.88
-1.65
-1.32
0.95
-1.22
-1.85
2.05
-2.02
1.11
1.61
2.08
-3.37
-3.11
3.71
-2.22
-1.04
-1.24
1.83
3.49
3.37
-2.69
-3.2
0.26
-1.35
-0.27
0.12
-2.2
-1.06
0.82
0.37
-3.03
1.68
-3.62
1.99
-3.44
-2.33
0.15
3.9
-0.08
-0.62
1.9
3.49
-0.79
-2.71
-2.36
3.57
2.95
1.92
1.78
-1.39
0.33
1.97
-1.79
-3.51
-0.26
3.32
2.1
-3.98
-2.78
2.67
-3.66
-0.89
1.16
-3.26
0.63
-3.6
-3.76
-1.1
3.14
-3.89
2.82
-1.13
-2.09
0.1
-2.54
-2.18
1.6
-1.04
-2.99
0.17
1.18
-0.11
1.17
-1.8
-3.97
-0.99
-0.53
3.89
-1.75
-2.76
-0.43
0.12
2.68
1.25
-0.97
-1.21
-1.68
-1.54
0.66
-2.76
3.32
0.05
2.78
1.66
-0.21
-2.54
0.05
2.11
3.04
-2.08
-2.28
-0.87
3.01
1.05
-2.52
0.46
1.95
-1.05
-3.29
-2.38
0.93
-3.65
-3.36
1.9
0.54
-1.31
0.2
0.66
-2.94
2.67
3.5
-0.86
2.31
3.78
0.85
-2.88
1.11
3.51
2.42
2.57
2.97
1.36
-3.15
-3.68
3.53
-3.57
1.12
-2.38
-0.23
2.58
0.85
3.37
