0
-3.22
0.45
-2.79
-2.39
-1.65
-0.42
-2.28
-0.56
0.49
1.22
0.31
3.36
-3.59
-2.82
2.47
0.09
0.92
-2.62
1.69
-1.69
-2.53
0.36
-2.54
2.36
2.48
2.36
3.28
3.62
3.07
-1
-0.85
-0.24
-2.69
-0.95
-0.2
2.74
-1.42
-1.99
-0.52
-1.59
-3.94
-0.41
1.05
-0.38
1.05
-1.37
-1.41
2.1
-2.86
1.15
-1.05
3.07
-1.32
-0.58
2.66
0.87
2.69
3.92
1.72
0.27
-1.47
-2.33
2.6
-0.63
-2.08
0.71
-3.39
0.83
1.3
-1.14
2.65
1.89
3.34
2.68
-0.23
-0.23
1.2
-2.91
-3.42
3.42
-0.17
-3.04
2.8
-3.17
-1.15
0.2
-0.86
1.38
2.65
2.93
-3.83
1.52
3.43
1.76
-1.72
-3.89
3.26
-2.77
-3.46
0.5
-3.22
0.16
-1.13
1.66
-3.48
-3.14
-1.73
1.31
0.64
3.94
-0.91
1.78
3.11
0.93
-3.03
0.49
1.61
-3.15
2.05
1.92
-3.39
