-3
2.18
1.25
-1.94
0.72
1.44
-2.69
-3.04
-1.19
-1.44
-1.19
-1.89
1.86
0.53
-0.64
-2.2
-3.53
-3.42
-0.63
-1.13
-0.14
2.92
2.11
1.14
-0.17
-0.4
-1.74
-0.6
0.07
-3.13
-3.41
-3.64
-1.71
-1.02
-0.2
3.37
-3
1.36
-1.28
-0.76
3.6
0.77
0.1
1.76
-2.36
-1.07
2.81
0.59
-0.76
3.57
-3.84
3.77
-3.17
-2.04
3.06
2.14
-0.4
-0.15
-2.93
-1.98
-0.38
0.21
3.4
-2.2
-2.31
2.29
-2.55
-1.9
-2.52
-3.72
-1.04
-0.82
1.84
-2.04
2.29
-0.11
0.67
1.87
3.92
0.33
2.47
3.28
-3.77
2.48
2.25
1.62
3.2
2.38
-1.75
-1.61
0.56
-0.36
-3.05
3.87
0.58
2.66
-1.08
1.6
-2.4
-0.91
0.81
0.71
-0.9
3.86
-3.8
3.56
-1.65
2.87
3.61
-0.76
-3.35
-3.39
0.57
3.25
3.28
2.04
2.12
1.98
1.15
1.28
-3.18
-1.95
