-2
1.39
0.06
-0.73
-1.37
0.52
-0.4
1.43
-3.14
-3.58
3.9
2.3
0.96
0.53
3.68
0.05
4
-0.12
-0.67
2.2
3.31
2.96
0.09
-3.33
-2.48
-3.74
-1.64
-3.25
-1.35
-3.22
-3.24
-3.2
-3.62
0.81
1.8
-2.89
-2.57
-3.41
-0.22
1.87
-2.98
3.92
0.6
-1.92
-2.66
-1.21
0.59
-3.01
0.02
3.42
-3.55
3.81
0.92
1.92
-2.73
4
-1.57
-1.92
3.46
1.23
-2.86
-0.4
-3.79
-1.56
1.13
-3.97
0.01
1.34
2.67
-1.02
-3.93
-3.45
3.75
-1.88
2.53
2.32
-0.49
-3.2
1.81
1.57
2.23
-2.42
-1.5
3.02
3.5
-0.78
-1.68
0.33
-0.05
-0.21
-2.41
-2.9
2.23
0.38
-3.27
-1.31
-2.22
3.9
0.87
-3.54
2.52
-1.17
-2.81
3.35
-3.29
1.91
-0.42
-0.17
-0.11
2.13
2.53
-3.17
-2.19
3.87
-2.47
2.57
-3.18
-1.48
-4
0.67
-1.47
0.35
