-5
-1.9
3.29
-1.94
0.72
1.44
-2.1
-3.04
2.68
-1.44
0.44
-1.89
2.47
0.53
0.69
1.99
-3.53
0.87
-1.44
2.38
0.92
3.09
2.11
1.14
-0.17
-2.57
3.22
-0.95
0.07
-3.25
-3.41
-3.64
-3.76
-1.02
-2.34
3.27
-1.52
-2.46
3.24
0.34
-0.41
-1.67
2.57
2.62
-2.58
-1.92
2.81
-1.24
-0.76
1.2
2.02
3.77
-3.17
1.89
3.08
2.95
-0.4
1.74
1.68
-1.98
-0.38
0.21
3.42
-0.38
-2.49
2.29
-2.55
-2.1
1.68
-3.72
-1.93
-2.2
-0.72
-2.5
2.29
-1.66
0.67
3.84
-1.24
-3.27
1.88
0.46
-3.77
-1.11
2.25
2.9
-0.42
-2.51
-0.79
1.08
0.26
0.64
-3.05
3.87
0.54
2.66
3.87
-2.26
-3.69
-0.91
0.81
-1.86
3.7
-1.47
-3.8
-0.09
-1.65
2.82
3.28
2.43
-2.05
1.14
0.25
0.65
1.78
0.28
2.12
1.98
1.15
0.44
-2.84
-3.96
