-2
-1.05
-0.62
0.97
-1.98
-1.94
2.98
-3.1
3.79
3.08
-0.05
2.71
-1.87
-2.32
-3.6
-0.45
1.17
-3.05
-3.77
-1.54
-3.94
3.58
0.58
2.17
-3.3
1.61
-3.11
1.37
1.46
-0.84
0.77
-0.86
-0.06
0.19
0.16
-1.09
-2.38
2.63
3.23
-0.53
-3.86
-2.97
-3.87
-1.6
-0.67
0.84
-3.04
-3.02
-1.9
0.93
0.92
-0.12
-3.06
-2.24
-3.18
-1.25
-3.7
-2.86
2.42
-0.96
-4
3.27
-0.55
-2.78
0.38
2.28
-3.38
0.64
-3.7
1.87
-3.57
0.08
-1.04
1.58
3.13
-3.42
-0.51
-3.34
-0.2
1.95
2.68
-3.37
-2.68
3.17
2.88
1.46
0.42
-0.2
-3.96
0.15
-2.3
-2.53
3.14
-0.72
-3.6
-0.45
1.19
2.14
3.84
-0.03
3.84
1.81
3.96
-2.41
-2.04
-3.63
1.1
-0.4
-0.72
3.37
-3.2
-1.88
-2.65
3.49
-3.27
-0.43
1.89
2.57
-3.78
0.3
1.71
-2.82
