-2
-3.19
-3.11
2.58
-1.98
-3.1
0.9
0.15
2.94
0.11
-0.05
2.95
-0.14
-2.32
1.99
0.71
2.29
3.66
3.86
-1.54
1.71
3.58
2.92
1.7
-3.06
1.2
-3.11
3.08
2.57
-0.84
2.03
-3.72
0.36
0.19
0.16
-1.09
3.53
2.63
3.23
3.06
-2.98
-0.46
2.44
-1.6
-0.67
-1.43
0.17
2.3
0.52
0.93
0.92
-3.95
2.42
-2.24
1.28
-3.99
-0.24
-0.23
-1.93
-3.36
3.57
1.48
-2.02
-2
-1.85
-1.53
1.22
0.64
-3.7
-0.56
-3.57
0.08
-2.9
3.36
-2.88
-3.42
-3.48
-3.34
3.72
-0.36
3.45
-3.37
3.08
3.55
-3.55
1.46
-2.29
2.57
0.07
1.92
1.91
-2.53
3.14
-0.4
2.69
2.35
-0.85
2.14
2.94
-0.03
3.84
1.81
0.36
2.38
-2.04
3.87
1.87
0.01
0.25
3.37
-3.2
0.1
2
-0.12
-3.27
3.79
-2.44
2.49
-3.78
-2.06
1.71
0.95
