-5
-0.31
-3.86
1.26
-3.62
1.44
-0.1
-1.45
-1.45
-3.08
0.44
-1.89
2.47
0.06
0.69
3.81
-1.48
-3.13
-1.44
-1.13
-1.76
2.92
-3.81
2.6
-0.17
0.53
-2.5
-0.19
0.07
-2
3.52
-3.01
-3.41
-0.24
-2.34
0.4
-0.3
1.36
2.74
-0.76
3.6
0.77
-2.27
2.62
-2.36
-1.92
-3.6
-1.24
-0.76
-1.85
-3.84
-3.19
0.12
-1.77
3.08
2.14
0.54
3.57
-2.93
-1.98
0.89
-0.92
-2.96
-2.2
2.28
0.74
-2.55
1.68
-3.63
-3.96
-1.93
1.7
1.84
-3.33
-0.03
1.34
-0.88
-2.33
3.29
0.33
-1.89
0.46
2.44
-1.11
2.25
1.62
3.47
1.75
-2.92
-2.45
3.17
1.1
1.11
-1.16
3.63
-1.38
-1.08
1.6
0.1
-0.91
0.81
-3.58
-0.9
1.33
0.56
3.05
-1.65
2.87
3.61
-0.76
-0.97
-3.39
0.57
-1.48
3.28
2.04
2.12
1.62
1.15
0.44
-0.63
-2.75
