-4
-1.28
-2
-1.71
-1.21
0.68
-1.5
-2.95
-0.56
-2.47
3.34
2.58
-2.51
-2.15
-0.75
3.24
-1.81
0.92
2.37
3.76
-1.69
0.48
-2.77
1.81
-2.55
0.24
-3.82
3.42
1.84
2.61
-1
-0.85
0.52
2.05
3.94
-2.37
0.37
2.26
-3.03
-3.68
-1.29
-0.54
-1.52
3.79
0.72
-3.47
-1.37
-3.41
-2.09
-0.66
0.29
0.46
1.5
3.8
-1.94
-3.74
-3.91
-3.2
3.65
-2.51
-0.99
3.28
-3.58
1.03
-3.29
2.94
1.54
-3.09
-1.15
0.88
-1.14
-3.97
-2.6
3.34
1.07
1.18
-1.47
-2.72
2.87
3.41
-0.73
1.69
1.41
2.8
2.04
-3.57
-3.53
0.63
3.15
0.87
-2.01
-0.29
1.52
3.02
-2.69
1.16
-3.5
-2.22
-0.76
1.35
0.77
-0.89
2.19
-3.95
3
0.01
-2.25
-0.38
-1.78
1.04
-3.06
-1.68
-0.89
0.48
-1.17
3.23
-2.07
0.49
3.83
3.11
3.37
-2.14
