-4
-2.68
3.29
-2.04
0.72
1.44
-2.1
3.81
2.68
2.9
1.77
-1.25
1.86
0.53
0.69
3.93
3.37
-0.69
-0.63
2.38
0.92
2.75
-3.62
1.69
-0.17
-2.57
0.36
-0.95
-0.1
-3.25
-3.41
-3.64
-1.71
-2.37
-2.12
-1.08
-1.52
2.65
3.24
-0.76
3.6
-1.67
0.1
-0.88
1.06
-3.08
-0.45
1.94
2.35
-1.75
3.53
-3.19
2.15
1.89
3.08
-0.11
-0.4
1.74
-2.93
2.15
-0.06
0.21
-2.84
-0.38
0.32
2.29
1.85
-1.9
-3.63
2.34
-1.04
-2.2
1.84
-1.63
2.29
2.07
1.41
3.84
-1.24
0.33
2.72
-0.44
-3.77
-3.18
2.69
-3.17
-0.42
-2.96
-0.79
-3.34
0.56
0.64
-3.05
2.07
0.54
2.66
2.26
-3.35
-2.4
-1.75
0.81
1.57
-0.9
-2.03
3.84
0.8
-1.98
2.82
-3.37
2.43
-2.05
1.14
0.25
-2.75
2.96
0.28
2.12
1.98
1.78
-0.51
-2.84
2.33
