-10
-3.44
-3.69
3
-0.84
0.18
-3.76
-2.42
-1.95
2.13
3.22
0.88
2.22
-0.29
1.68
-0.36
-2.68
3.61
0.48
-0.48
-3.13
-3.34
-2.05
1.33
0.73
2.99
0.47
3.7
-3.3
0.25
2.6
1.36
1.4
-1.17
2.6
2.44
0.87
-1.21
1.27
3.9
-0.07
-3.34
3.71
-0.1
-3.05
-1.19
-2.74
3.18
-3.3
-3.51
3.58
-3.95
-0.68
-2.73
-1.93
3.38
3.88
-1.28
2.82
0.17
-1.24
-1.97
-3.99
-1.85
3.92
-1.6
-0.25
3.67
0.93
2.6
-2.25
-3.26
2.1
3.01
2.94
3.01
-1.37
-2.14
-0.12
-1.25
-3.26
-2.59
0.45
-2.36
3.52
1.17
2.01
2.93
-3.82
-1.54
1.43
-2.23
-3.49
-1.68
-2.57
-2.1
3.43
1.01
-2.12
2.33
-1.65
-1.95
1.3
-1.61
2.69
2.33
-1.84
2.39
-0.94
-3.67
-1.77
-0.69
2.85
-3.59
-3.11
-1.01
2.87
-1.09
-1.15
0.28
3.09
1.01
