-8
3.93
1.99
-2.16
1.79
-1.8
-1.29
3.87
2.23
-3.15
2.42
1.1
-2.32
-1.11
-0.55
-1.52
-1.72
3.64
-0.32
-1.48
2.21
1.09
-1.71
1.66
-1.59
0.24
1.03
2.34
-1.3
-0.23
1.08
-1.33
0.59
3.24
1.05
-0.32
2.11
-1.87
0.76
2.42
-3.42
1.67
-3.81
-3.35
0.16
-2.24
3.88
2.55
-1.31
0.9
1.9
2.86
2.99
-2.54
0.31
-1.23
0.22
2.53
3.12
1.27
-1.16
-0.58
3.52
-0.05
-2.2
3.9
-1.01
-0.49
3.86
2.12
1.55
1.13
0.17
-1.18
2.55
-1.23
0.45
-3.07
3.45
-1.55
-0.85
3.75
-3.99
3.52
-3.36
-2.55
2.95
3.98
2.87
-3.93
3.14
1.72
-1.41
1.54
-1.81
1.61
-2.42
0.68
-3.03
0.26
2.39
3.52
0.12
2.3
0.43
2.56
2.58
-1.83
-3.28
2.06
-2.33
3.43
-1.62
-0.29
3.3
-1.76
-2.5
2.07
-3.49
-1.45
3.62
-0.98
