-6
3.56
0.05
-1.31
-2.38
2.81
1.7
-2.09
3.91
-3.59
0.69
2.3
2.73
-2.72
2.05
1.36
1.26
2.83
-0.67
2.2
-1.6
-1.98
0.33
1
1.65
-2.96
1.67
-1.15
-3.93
-3.22
3.38
0.74
-2.8
-2.61
-2.6
-1.17
-3.35
-0.96
-1.23
-1.77
-2.6
1.87
0.6
-3.95
-0.92
3.37
2.75
3.51
-1.21
1.31
-2.4
3.41
0.92
2.99
-1.54
4
-1.57
-1.92
-2.92
1.23
1.56
2.76
-2.16
-1.56
-0.7
-3.97
0.01
-3.03
2.84
-1.02
-0.49
-1.79
3.75
-2.96
2.53
0.92
-0.49
1.41
-3.07
-3.76
1.38
-2.42
2.83
3.02
1.49
-0.78
3.82
-3.75
-0.05
-0.21
3.9
-2.9
2.68
0.38
-2.39
2.21
1.15
-3.15
0.87
-2.07
-0.9
-2.39
-2.81
1.7
-0.73
3.44
-2.31
-0.17
-0.11
2.13
3.44
-0.6
1.05
0.67
1.09
-0.58
1.71
-1.48
0.3
0.67
-0.22
-0.36
