-10
-2.76
0.99
-1.36
2.76
3.04
3.17
-0.62
-1.6
-3.74
2.64
0.43
2.38
0.27
3.62
-1.73
-3.97
0.66
-2.04
-3.63
-1.6
1.46
2.09
-3.33
-2.26
1.18
3.14
0.56
-3.36
-1.26
2.37
-2.94
3.18
0.04
-3.63
-3.65
-2.93
0.35
-1.01
-2.26
-0.83
3.85
-1.66
2.55
0.84
-3.97
-0.68
-0.51
-0.48
-2.94
-1.55
2.14
-1.59
-2.38
2.29
1.39
-2.42
3.44
1.73
0.29
-1.02
2.82
-1.26
-2.88
1.33
3.6
0.97
-0.54
-2.48
-0.28
2.54
-0.96
2.54
-1.59
1.2
-3.67
0.97
2.79
-3.01
-0.36
3.53
-0.26
-2.36
-0.46
-0.68
2.59
0.72
3.22
2.49
3.31
0.26
-2.05
-1.64
1.63
3.82
1.65
2.93
-1.43
-2.43
0.93
-1.19
-0.79
-0.72
2.96
-2.92
0.35
2.36
-3.51
-2.52
1.99
1.72
2.56
2.44
0.63
0.73
3.44
-3.82
-2.04
1.8
-1.78
-0.41
3.69
