-5
2.89
-3.69
1.8
-0.84
1.07
-3.53
-2.42
-1.95
2.43
-2.2
0.88
1.11
0.48
1.68
2.14
-3.88
0.98
0.06
-0.48
-1.46
-3.33
-2.05
-2.8
0.73
2.99
0.47
3.7
-2.29
-2.31
3.46
-3.01
0.6
2.55
2.6
2.44
0.87
-1.21
1.27
-1.2
-0.07
-3.34
0.55
2.36
-2.55
-1.03
-2.74
2.86
-3.3
-1.58
3.58
-1.71
-0.68
-2.73
-0.93
3.38
3.88
-1.28
1.49
0.17
-0.25
2.51
-3.99
-1.85
-2.99
-1.6
3.79
2
-2.44
3.01
-3.75
-3.26
3.79
-1.2
2.94
3.01
0.25
2.89
-0.36
-1.25
-3.26
-2.99
0.45
-2.23
-1.19
1.17
2.01
2.93
1.03
-3.82
-3.55
-2.23
-3.74
-0.09
-2.57
-2.1
3.43
1.01
-2.12
2.33
-1.65
-1.95
3.25
-1.61
3.01
-0.82
3.42
2.39
-0.94
1.07
-0.47
-0.69
2.85
-3.59
-1.05
-1.55
-3.32
-1.09
-2.29
0.28
3.09
1.01
