-7
-3.22
0.45
-2.79
-2.39
-1.65
-0.42
1.33
-0.56
-2.2
1.22
0.31
-3.04
-3.59
3.37
-1.75
0.09
0.92
-2.62
1.69
-1.69
-2.53
0.21
3.2
2.36
2.48
2.36
3.28
3.62
3.07
-1
-2.57
-0.24
-2.9
-0.95
-0.2
2.74
-1.42
-1.99
0.49
-2.12
-3.94
-3.02
1.05
-3.9
1.05
-0.48
-1.41
2.1
1.37
1.15
1.94
3.07
-1.32
-0.58
2.66
0.87
2.69
2.97
1.72
0.27
-1.47
-2.33
2.6
-0.75
-2.08
0.71
-3.39
-1.6
1.3
0.29
-0.75
1.89
3.34
2.68
-0.23
-0.23
1.2
-2.91
-1.24
3.42
-0.17
-3.04
2.8
-3.17
-3.57
0.2
-0.86
1.38
-1.95
2.93
-3.83
-0.16
3.62
-3.12
-1.66
-3.89
3.26
3.29
1.35
0.5
1.28
0.16
-1.13
1.15
-3.48
-3.14
-1.73
-0.62
-2.19
3.94
-0.91
1.78
-2.85
0.93
-3.03
0.49
1.61
-3.15
2.05
1.92
-0.59
