-5
-1.9
3.29
1.26
0.72
1.44
-2.1
1.72
2.68
-1.44
-3.31
-1.25
2.32
0.53
0.69
1.99
3.37
-0.69
2.32
-1.13
0.92
2.75
-3.62
1.69
-0.17
-2.88
-1.74
0.46
0.07
-3.25
-3.41
-3.64
-1.71
-2.37
-2.12
-1.08
-1.52
2.65
3.24
-0.76
3.6
-1.67
0.1
-2.78
0.28
-1.92
-1.69
1.94
2.35
-0.68
3.53
-3.19
-3.17
1.89
3.08
2.95
-0.4
1.74
-2.93
-1.98
-0.06
-2.29
-2.84
-0.38
0.32
-1.79
1.85
-1.9
2.58
-3.72
-1.04
-2.2
1.84
-1.4
-2.86
-1.66
1.41
3.84
-1.24
0.33
2.72
-0.44
-3.77
-3.18
2.69
1.62
-0.42
-2.96
-0.79
-1.61
0.56
0.64
-3.05
2.07
0.54
2.66
3.15
-2.26
-2.4
-1.75
-0.88
1.57
-0.9
-1.47
-2.92
0.8
-1.98
2.82
-3.37
-3.18
2.04
1.14
0.25
-2.75
-1.47
0.28
2.12
1.98
-1.41
0.44
-2.84
-2.25
