-2
-3.94
0.99
-1.36
-3.89
3.04
3.65
0.56
-1.6
-3.54
2.64
0.43
2.38
0.62
-3.66
-1.52
-3.97
3.99
-2.28
-2.06
2.36
1.46
2.2
-3.33
-3.57
-3.7
1.72
-3
-3.36
2.14
0.83
0.62
0.09
2.98
3.3
3.96
-2.93
0.35
-0.48
-2.26
-0.83
1.84
-1.66
2.55
-0.53
-0.94
-0.68
-1.92
-2.97
-3.31
3.17
-0.13
-1.59
-3.38
2.29
-1.31
0.96
3.51
0.98
1.81
-1.02
-1.28
-1.26
0.69
1.33
3.6
0.97
3.05
-0.55
2.1
2.54
-2.75
2.54
-1.59
-0.01
-3.67
-0.89
2.79
-3.01
-0.36
1.19
-2.47
3.28
2.03
-0.68
2.59
0.39
3.22
2.49
2.46
-2.97
-2.04
-1.66
1.63
3.82
3.44
0.46
2.81
1.37
0
-1.19
0.24
-0.72
-2.7
-0.98
0.02
3.03
0.84
0.73
1.99
0.14
2.14
0.34
0.63
0.73
3.2
2.25
-2.04
-0.46
-0.79
-3.94
3.69
