0
-1.28
0.45
-2.79
-2.37
-1.65
-0.42
-2.95
1.95
-2.47
-1.16
0.81
-0.16
2.83
-0.75
-1.75
1.22
-3.59
0.77
1.69
2.52
0.07
0.36
-2.6
2.36
2.48
-3.13
3.42
3.74
3.07
-1
-0.46
-1.62
-2.9
-0.95
-0.2
0.37
-1.42
1.11
-3.58
-1.59
-3.94
-1.31
1.05
0.72
1.05
-1.37
-3.53
2.1
-1.64
1.15
-2.38
1.75
1.96
-1.94
1.39
-1.44
2.69
3.92
-2.51
3.83
0.84
-2.33
0.84
-0.75
-2.08
2.12
2.37
0.31
1.3
-1.14
2.65
-2.6
2.22
1.07
-0.37
0.14
2.44
-2.91
1.68
-0.73
3.79
1.97
2.8
2.04
0.26
-3.53
1.49
1.38
0.87
3.34
-3.83
1.52
4
-2.69
-2.98
-0.87
3.26
3.49
1.35
-3.84
-2.01
0.16
-1.13
-0.31
-3.48
-1.54
-1.73
-2.07
1.04
0.12
-1.68
1.78
-3
-0.12
-3.32
0.49
1.61
-3.15
-0.27
3.62
-0.25
