-8
3.93
-1.02
-2.16
1.79
-1.8
-1.29
3.87
2.23
-3.15
2.42
-3.92
-3.84
-1.11
-0.25
-3.01
-3.92
3.64
-2.05
2.09
2.21
1.09
-2.51
0.48
-1.59
1.9
2.64
-2.91
-1.3
-0.67
-0.35
-0.58
-1.11
1.29
1.05
-0.83
2.11
-1.87
0.76
2.42
2.51
1.67
3.47
-3.35
0.16
-0.84
3.88
3.45
-1.31
0.9
1.9
2.86
2.99
-2.54
0.31
0.85
0.22
2.53
0.78
1.31
-1.16
-0.58
3.52
-0.05
-2.2
3.9
-1.01
-0.49
3.86
2.12
-2.22
1.13
0.17
-1.18
2.12
-1.23
2.74
-3.07
-1.27
-1.55
-0.21
3.75
-0.56
3.52
-3.36
-2.55
0.44
3.98
-2.32
-3.93
-2.88
-1.79
-3.12
-0.71
1.62
1.61
-2.95
0.68
2.95
0.26
2.39
3.97
0.12
2.3
0.43
3.64
2.58
0.77
0.39
-1.25
0.31
-2.54
1.19
-0.29
0.81
-2.94
1.86
-4
-3.01
-1.91
3.62
-0.98
