-10
3.79
3.77
-1.36
3.55
1
3.17
0.56
2.2
0.23
2.64
0.43
-3.66
0.62
3.62
1.17
-3.97
0.66
-2.04
-3.63
-1.45
1.46
2.2
-3.33
-2.26
1.18
1.72
0.56
-3.36
2.62
2.37
-2.94
3.18
0.04
-2.49
-0.03
-2.59
0.35
-0.93
0.1
-0.83
3.85
-1.66
2.55
0.84
0.33
-0.68
-0.51
-2.97
-2.94
3.17
2.14
-1.59
-2.38
1.64
1.39
1.15
3.44
0.83
0.29
0.74
-1.28
-1.34
0.69
1.24
3.6
0.97
-4
-0.66
2.1
2.63
-0.96
2.54
-1.59
-0.01
-3.67
0.97
2.79
-3.01
1.48
1.19
0.99
-2.36
3.96
-0.68
2.81
2.15
3.22
2.49
-2.41
-2.97
2.78
-1.66
1.63
3.82
3.44
0.46
-1.43
1.37
0.93
-1.22
-0.79
1.79
0.45
-0.98
2.31
1.47
-3.51
1.19
1.99
1.72
2.56
2.44
-0.85
0.73
3.2
-3.82
-2.04
1.8
-2.5
-0.41
3.69
