-10
1.43
-3.4
-1
2.31
-0.23
3.7
0.09
2.67
-0.2
-0.74
0.38
0.69
-3.84
0.97
2.25
-0.91
1.87
-4
0.81
3.25
3.87
1.06
-0.37
-3.44
-3.49
-1.81
-2.85
-2.82
3.08
2.51
-3.71
3.86
-0.68
-2.62
1.51
-1.75
1.66
0.87
1.46
2.9
-1.09
-2.48
-2.22
-1.65
-1.52
0.1
3.43
1.91
3.78
3.08
2.53
-1.53
-2.21
-2.53
0.05
0.31
-1.6
-3.91
2.99
-2.16
2.54
-3.79
3
0.91
0.42
-0.86
0.96
-2.45
-3.97
0.26
-2.54
-0.45
-3.2
2.62
2.23
-3.56
3.34
-1.67
-3.07
3.45
0.05
-1.22
-3.88
1.07
-0.09
-0.35
0.98
3.23
-1.45
3.39
0.82
3.84
-1.91
2.75
-0.82
2.95
2.36
1.89
-2.11
-0.74
-1.69
-0.95
3.27
-1.58
-3.48
2.51
-2.51
-1.43
0.25
-3.57
-2.77
-1.6
3.43
0.68
-1.76
0.84
2.55
1.46
2.33
3.76
-2.22
