-2
3.52
-0.51
-2.02
1.34
-1.46
3.99
-1.24
-0.26
2.11
1.69
3.81
-1.55
-1.56
1.16
-1.59
-0.74
1.92
-3.03
3.61
-1.15
1.61
0.5
-1.71
-1.58
-0.5
2.5
3.82
-0.17
1.48
1.84
-2.4
-2.38
-2.57
2.34
3.25
0.09
2.37
3.97
-3.7
3.33
2.3
1.55
0.75
2.55
-3.31
-1.49
-1.5
1.37
-1.39
-2.97
3.22
0.6
1.74
2.4
-3.55
-0.98
-2.8
3.57
-2.17
0.05
-3.84
2.94
2.26
-3.74
0.08
2.18
-2.98
0.1
1.91
2.32
0.9
1.95
-3.34
-3.73
0.56
-3.94
3.75
-0.26
-2.28
-3.01
-0.01
-1.55
-2.78
0.45
2.63
1.01
-0.12
-0.97
1.89
0.22
-1.12
2.81
2.14
0.26
3.16
3.37
3.29
0.49
-1.54
-1.49
-2.51
2.4
3.46
0.29
0.14
-2.74
-0.07
1.47
-2.16
-3.62
-0.72
1.46
1.84
-3.16
-3.95
1.71
1.72
-2.2
-2.36
3.07
-1.7
