-7
2.54
-3.63
-2.39
-3.55
-0.1
-0.05
3.92
1.67
0.87
2.32
-1.34
1.23
-2.38
-2.13
3.76
-3.38
2.14
0.03
-1.58
-2.09
3.91
-0.17
-0.5
3.78
1.17
-1.76
2.09
-1.66
0.7
-2.3
0.18
-1.13
1.95
3.39
3.76
2.65
-2.29
2.88
-3.98
2.92
0.79
2.96
-1.95
-3.43
0.05
3.03
2.96
2.38
3.54
-1.92
3.26
-2.8
-2.9
2.5
-1.08
-1.3
0.87
-2.16
-0.72
-2.34
1.87
1.57
-3.04
-0.84
-1.87
3.79
3.28
-1.77
-1.88
-2.9
2.91
3.27
0.01
-0.5
1.12
-3.06
-2.23
-1.07
-0.28
2.15
-0.72
3.71
-1.19
-1.38
-1.55
-1.02
-2.24
3.46
0.46
1.05
-2.22
3.87
-0.41
2.36
-2.95
3.22
1.99
2.9
2.44
0.26
3.76
0.72
0.26
2.43
-0.83
4
1.19
1.6
-2.63
-2.03
-3.07
-2.06
2.13
1.14
2.38
2.16
-1.24
2.35
-3.29
3.15
2.02
