-8
-1.09
-2.83
-1.31
-1.37
3.93
1.7
0.04
2.86
-1.88
3.15
2.3
1.74
-0.67
3.68
-3.84
1.26
1.83
-0.67
0.06
-1.88
-1.71
-3.55
1.53
1.06
-2.96
-1.64
-1.92
1.72
1.91
1.32
0.65
-3.76
-2.68
-2.6
-0.96
-3.35
-0.91
-3.9
-1.77
3.66
-3.01
-2.78
3.65
0.03
-3.83
0.54
-1.19
0.12
0.39
-3.17
-2.4
0.92
0.45
3.46
-2.41
-1.54
-2.63
1.63
-2.41
0.78
-3.01
-0.44
-1.56
-0.72
-3.97
0.01
-3.03
2.67
2.43
-3.65
-2.32
-2.66
1.47
2.09
-1.55
-1.85
1.41
1.35
-3.95
2.33
-1.16
-1.62
0.09
3.26
2.62
-1.87
-3.75
1.31
-3.52
0
-0.13
-0.63
2.52
-2.39
2.21
0.08
-3.15
0.37
-2.52
0.3
3.72
1.58
1.7
1.06
3.44
-1.52
1.54
-3.95
-2.67
-3.98
-2.35
-1.55
0.8
-1.87
-1.32
-3.18
1.66
0.3
0.67
0.73
2.17
