-5
-1.9
3.64
1.26
0.72
-1.17
-2.1
0.43
2.33
1.31
0.44
1.11
-0.24
0.53
2.69
1.99
1.5
0.87
-1.44
-1.13
3.71
-0.11
-0.44
2.6
2.41
-3.94
3.22
-0.48
2.31
0.65
-3.41
3.7
-3.76
1.12
-1.47
-0.53
-0.08
-2.46
3.24
-2.58
-0.41
1.48
3.3
2.42
1.22
-1.92
-2.96
-1.24
1.38
2.63
-3.84
3.77
0.12
-2.14
-3.62
-3.86
-2.28
2.82
2.85
0.65
0.89
0.93
3.42
-0.38
-2.31
0.74
-3.87
-2.1
-3.63
-3.96
-2.26
1.7
-2.08
-1.63
-0.03
-0.55
0.67
2.35
-3.95
0.33
2.72
3.28
2.44
-3.18
2.25
2.9
-0.42
2.38
-1.75
-1.61
3.17
1.1
-3.05
2.07
0.54
2.66
-1.08
-0.33
2.2
-2.61
-2.05
-2.09
-3.68
-1.47
-3.36
3.56
-1.65
2.81
3.28
-0.76
-1.18
-0.93
-3.09
1.74
-2.37
0.34
0.68
-3.02
0.45
-0.51
-2.84
-0.09
