-10
-1.05
0.92
3.13
-1.98
1.48
0.9
3.37
-0.61
-0.18
-0.05
1.24
-1.76
0.47
-3.6
1.48
-3.31
-3.05
-3.77
3.36
0.12
-3.94
3.27
2.63
1.95
3.5
-3.11
-1.93
-0.42
-0.84
2.03
-3.64
-0.06
-3.37
3.02
0.86
0.46
-2.12
-3.45
3.14
0
-2.97
-3.87
0.83
-2.5
3.9
-3.04
-3.74
-2.19
0.42
0.29
-0.41
2.42
-3.63
0.57
-2.63
-0.31
-2.86
2.36
-0.96
-0.52
1.48
-3.1
-2
0.38
0.15
-2.46
-2.75
-0.75
-0.56
-0.24
0.08
-2.9
-3.49
-2.88
-3.42
3.34
-0.96
-1.73
2.38
3.45
-3.37
3.08
3.17
-3.22
-1.57
-0.24
2.57
2.2
0.15
-2.16
3.71
3.14
2.28
2.69
-0.45
-0.85
2.14
2.94
-0.03
3.32
-3.37
3.96
2.38
-2.04
2.73
1.1
0.01
-1.32
1.7
-1.97
-3.35
-2.65
3.99
3.3
3.79
1.89
1.55
-0.87
0.3
1.71
-3
