0
-1.36
1.48
-1
-0.33
-3.57
-2.54
0.92
2.67
3.33
1.47
0.43
2.92
3.7
0.11
-1.6
0.32
-0.94
-3.57
-1.22
3.13
-0.22
1.06
-0.37
-1.09
-3.55
-1.81
0.15
-2.82
3.85
3.57
-2.43
-1.84
2.85
-1.43
-0.08
-1.75
-0.48
3.47
1.94
-1.75
2.71
1.64
-2.11
-1.65
1.14
2.75
-0.31
2.88
3.19
1.87
-1.34
3.21
-3.09
2.35
3.64
0.31
-1.6
-1.05
-1.4
0.85
3.14
-0.26
-3.6
-1.94
-0.19
-0.86
-0.85
2.47
0.54
2.56
-3.39
3.84
3.98
1.08
2.23
2.19
1.89
-1.43
3.98
1.69
2
-3.66
-3.88
-0.66
-1.91
2.52
1.29
-3.11
-1.06
-1.94
3.63
-2.17
-2.24
0
3.91
1.75
0.22
-1.64
0.75
2.77
2.39
2.92
0.87
-1.58
1.94
1.46
-0.9
-0.16
-3.88
-2.56
2.83
-1.6
3.47
0.04
-0.25
1.21
-0.39
1.46
1.16
-3.85
-0.27
