-1
3.41
0.18
-2.27
-2.91
1.98
-1.29
1.21
-2.95
-3.15
2.33
1.1
3.72
1.1
-0.25
-2.91
1.71
2.61
-2.27
0.97
-0.2
3.51
0.54
2.32
3.82
2.72
2.37
2.34
1.83
-0.23
-0.35
1.91
-1.11
-0.66
1.05
-2.66
0.79
1.92
0.76
-1.28
1.69
-2.67
-3.17
-0.56
-3.37
-0.26
3.51
-3.09
-3.65
0.9
-1.48
-3.02
2.76
-1.66
-1.81
-1.82
2.72
-1.83
3.12
1.27
-1.16
3.72
-2.85
0.25
-2.25
0.8
-2.54
1.81
1.84
2.12
1.55
1.13
-3.55
1.26
-3.73
1.18
1.84
0.88
3.79
3.26
-0.85
1.73
-1.05
3.52
2.98
-1.18
-0.32
-0.74
-2.32
0.6
-0.69
-1.79
-0.2
-2.36
1.62
-0.61
3.24
0.89
-0.63
-2.32
-3.89
-3.93
-2.4
2.3
0.68
-3.23
-3.39
-1.83
-0.85
-1.25
3.34
1.12
-1.62
-1.86
3.62
-2.94
-2.5
-1.48
-3.49
-1.45
-1.17
-0.2
