-2
3.93
1.99
-0.2
-2.3
-1.8
-2.13
-3.57
2.23
-3.15
2.42
1.1
-2.32
-1.11
-0.55
-3.01
-1.72
2.27
-0.32
2.09
1.24
1.09
-1.71
1.66
-1.24
0.24
-3.17
-2.91
-1.3
-0.67
-2.33
-1.33
-1.11
1.29
1.05
-0.83
2.11
-1.87
0.76
2.42
2.51
1.67
-2.28
-3.35
-3.37
-0.84
3.88
3.45
-1.31
0.9
1.9
2.86
2.76
-2.54
0.31
-1.23
0.22
2.53
0.78
0.18
-1.16
-2.34
3.52
-2.38
-2.2
3.9
-1.01
-0.49
3.86
2.12
1.55
1.13
0.17
2.46
2.55
-1.23
0.45
3.1
-1.27
-1.55
-0.21
3.75
-0.56
3.52
-2.24
-2.55
0.44
3.23
-2.32
-3.93
3.14
-1.79
-3.12
1.54
1.62
1.61
-2.95
-2.02
-3.03
0.26
2.39
3.52
0.12
2.3
0.43
-3.23
2.58
-1.83
-3.28
2.06
-2.33
-2.54
0.55
-0.29
0.81
-2.94
1.86
-4
-3.01
3
3.62
0.24
