-5
-1.9
3.29
1.26
-1.29
-2.47
-2.1
1.72
2.68
-3.08
1.77
-1.89
1.86
2.57
0.69
1.99
3.37
-0.69
2.32
2.38
0.92
2.75
-3.62
1.14
-0.17
-2.57
0.36
-0.95
0.07
-3.25
-3.15
-3.64
-1.71
-2.84
-2.12
-1.08
-1.52
2.06
3.24
-0.76
1.7
-1.67
0.1
-0.88
1.06
-3.08
1.96
1.94
-0.76
-0.68
3.53
-3.19
2.15
1.89
3.06
2.95
-2.28
1.74
-2.93
-1.98
-0.38
0.21
-2.84
-0.38
0.32
2.29
1.85
1.68
1.68
-3.72
-1.04
-2.2
-0.82
-2.5
2.29
-1.66
0.67
3.84
3.29
-3.27
2.47
-0.44
-3.77
-3.18
2.69
2.9
3.47
2.98
-0.79
-2.45
0.26
0.64
1.11
2.07
0.54
2.66
2.26
1.6
-3.69
-0.91
0.81
-3.58
-0.9
-1.47
-2.92
3.56
-1.98
2.82
-3.37
2.43
-2.05
-0.93
0.25
0.65
0.35
0.28
2.12
1.98
1.15
0.44
-2.84
-2.25
