-5
-1.23
-3.6
-2.79
-1.21
-1.65
-2.58
-2.95
-1.36
-2.2
3.34
0.31
-0.16
2.83
-2.82
-2.63
0.09
0.92
0.77
1.69
-1.69
-2.53
0.36
1.81
2.36
2.48
-3.13
3.42
3.74
-2.19
-1
-0.85
-3.54
-0.93
-2.54
-0.2
0.37
-1.42
1.11
-3.58
-1.59
-1.3
-0.84
3.79
2.12
1.16
-1.37
-3.41
2.1
0.11
-1.6
-2.38
3.07
1.96
-1.94
3.17
-1.44
2.69
3.92
-2.51
0.27
-1.47
-2.33
0.84
3.6
-2.08
1.54
-3.39
-1.15
1.3
-1.14
-0.99
1.89
3.34
-0.1
2.42
0.14
-2.72
-2.91
1.68
-0.73
-0.17
-3.04
2.8
2.04
0.26
0.47
1.47
1.38
2.65
3.34
-3.83
1.41
4
-1.39
-1.97
-0.87
3.26
3.49
1.35
3.92
-2.01
0.16
-1.13
1.15
-3.48
-2.25
-1.73
-0.35
1.04
0.12
2.44
1.83
-3
0.93
-3.32
0.49
1.61
-3.15
-0.27
3.62
-0.25
