-2
-1.05
1.06
3.3
0.2
1.6
2.35
-3.1
1.17
-1.6
-2.58
0.34
0.47
-0.95
1.06
2.18
2.75
-3.05
-3.77
3.36
0.47
1.18
-0.94
-0.75
0.21
0.16
-3.11
3.43
-0.35
-0.84
2.03
-3.64
-1.39
0.19
0.16
0.94
3.53
3.65
3.23
3.06
-3.86
-0.46
2.44
1.86
-0.67
3.9
-3.04
-3.02
3.63
0.93
0.92
-0.12
-3.06
-2.24
-3.18
-2.68
0.17
2.64
2.36
-3.53
3.57
3.27
-0.55
1.47
0.38
-1.53
-3.42
0.64
-3.7
-2.96
-0.24
0.08
-1.09
-3.49
-2.88
-3.42
-0.51
-3.34
-3.36
1.95
2.68
-3.37
-2.68
-2.94
1.42
1.46
-0.24
0.2
3.28
-0.84
-0.98
3.71
3.14
-3.08
-3.6
1.62
-0.85
2.14
3.84
-2.86
3.84
1.81
3.96
-2.41
-2.04
-0.04
1.1
0.01
0.25
3.37
-3.92
-3.45
-2.65
-0.12
3.3
-3.94
-2.15
-3.09
-0.87
0.3
1.71
-2.82
