-8
0.58
-2.83
-1.21
-1.37
1.34
3.76
-2.09
3.91
-0.02
-2.1
-3.24
3.24
-2.72
3.68
-1.95
4
-2.56
-0.72
2.2
-1.6
-1.98
-1.86
1
3.72
-2.96
0.51
-2.47
1.11
1.91
-3.94
3.89
1.74
0.76
-1.95
-1.17
3.85
-0.96
-2.17
-1.77
-2.6
3.36
0.6
-3.95
0.03
2.6
-1.72
3.51
-1.21
0.39
-1.67
3.41
-3.14
-2.59
-1.54
4
-3.19
-2.6
-2.92
1.23
1.56
2.76
0.49
-3.06
4
-1.39
0.01
-3.03
1.5
-0.94
-0.49
-1.79
0.13
-1.88
-0.32
3.58
-0.49
1.41
1.81
-3.76
2.27
-3.68
-1.62
3.02
3.17
1.76
-2.49
0.33
-0.05
3.15
3.9
-3.91
-2.05
0.38
-2.39
-1.28
2.25
-3.15
3.29
-3.54
2.56
3.25
-2.81
3.74
-0.27
0.18
-0.42
-0.17
1.73
0.59
1.69
-2.35
-1.55
0.67
1.09
3.12
1.71
-3.72
0.3
0.67
-0.22
-0.36
