-9
3.79
0.99
-1.36
2.42
3.04
1.12
0.56
-1.6
-3.54
2.64
-1.84
3.11
-1.51
2.15
0.34
3.01
1.31
3.29
-2.06
-1.45
2.74
2.48
-3.33
-2.26
0.2
3.14
0.56
-2.32
-1.26
2.37
-1.52
-2.63
0.04
-2.49
-3.65
-2.59
0.35
-1.01
0.1
-1.47
3.85
-1.66
2.55
-0.53
-3.97
-3.95
0.06
-1.09
-3.31
-0.52
2.14
-1.59
1.84
0.35
1.39
-0.68
3.44
1.73
0.29
0.06
2.82
0.01
0.69
1.24
3.6
-1.2
3.12
-2.48
2.1
2.63
3.68
2.54
-3.84
-0.01
0.89
0.97
0.8
0.79
1.48
3.53
-0.26
-2.07
3.96
2.98
-3.9
-1.05
3.95
1.37
2.88
-2.97
-2.72
-1.64
1.63
3.82
3.44
2.93
-1.43
1.37
0.93
-1.22
-0.79
-0.72
2.96
2.94
2.31
1.47
0.84
0.73
1.3
3.94
-1.13
-0.11
-0.85
2.47
3.44
-3.82
-4
-0.46
-3.19
-3.4
3.69
