-5
-1.23
-2
-2.79
-2.37
0.68
-0.42
-2.95
-0.56
1.05
-1.16
0.31
-0.16
-3.59
-2.82
-2.63
2.52
0.92
3.66
1.69
3.5
-2.53
-3.58
-2.6
2.36
-3.53
-3.13
3.42
3.74
3.07
-1
-0.85
-3.54
2.05
-0.95
-0.2
0.37
2.26
-3.03
-3.58
-1.59
1.03
-0.84
1.05
2.12
1.16
0.11
-3.53
2.1
-0.66
-1.52
-0.21
1.75
1.96
-1.94
3.17
-1.44
-2.29
3.87
1.72
-1.02
-1.47
-2.33
0.84
0.54
-0.83
2.12
-3.09
2.21
1.3
-1.14
3.04
-2.6
0.02
-0.1
0.94
-1.47
-2.72
-0.94
0.6
2.1
1.69
-3.04
2.8
2.04
-3.78
-3.53
0.63
1.38
-1.04
-0.3
3.99
-3.2
3.02
-3.36
-1.97
-0.87
-0.38
3.49
-1.21
-3.84
-2.01
0.75
-3.95
-0.31
0.01
-2.25
-0.38
-1.78
0.96
0.12
-1.68
1.83
-2.77
-1.17
-3.32
0.49
0.49
0.74
2.05
-3.5
-0.25
