-5
-1.9
3.29
1.26
-1.29
1.44
-1.32
1.72
-3.27
-1.44
1.77
-1.89
1.86
2.57
0.69
1.99
3.37
-0.69
-0.63
2.38
0.92
3.09
-3.62
1.69
-0.17
-3.94
-1.74
0.46
0.07
-3.25
-3.41
-3.64
-1.71
-2.37
-2.12
-1.08
-1.52
2.06
3.24
-0.76
3.6
-1.67
0.1
-0.88
1.06
-3.08
-0.45
1.94
-0.76
-0.68
3.53
-3.19
-3.17
1.89
3.08
2.95
-0.4
1.74
-2.93
-1.98
-0.06
0.21
-2.84
-0.38
0.32
2.29
-2.55
-1.9
-3.63
-3.49
-1.93
-2.2
-0.72
-1.63
-2.86
-1.66
0.67
3.84
-1.24
0.33
2.72
-0.44
-3.77
-3.18
2.69
1.62
-0.42
-2.96
-0.79
-1.61
0.56
0.64
-3.05
2.07
0.54
2.66
2.26
-2.26
-2.4
-1.75
-0.88
1.57
-0.9
-1.47
-2.92
3.05
-1.98
2.82
-3.37
2.43
-2.05
1.14
0.25
-2.75
1.78
0.28
2.12
1.98
-1.06
0.44
-2.84
-2.25
