-6
3.56
0.06
-0.73
-1.37
3.93
-0.4
-1.14
3.91
-1.88
3.9
-3.24
2.73
-2.72
3.68
1.36
4
-0.12
-0.67
2.2
3.31
-1.98
-3.55
-3.33
1.12
-2.96
-1.64
-1.92
4
-3.22
-3.17
-1.6
-1.01
0.81
1.8
-0.94
-3.35
-0.92
-1.23
1.87
-2.6
1.87
0.6
0.47
-0.92
3.37
0.54
-1.04
0.12
3.42
-2.4
3.41
0.92
1.92
-2.5
4
-1.57
-1.92
-2.92
1.23
-2.86
2.76
-3.79
-1.56
-0.7
-3.97
0.01
-3.03
2.67
-1.02
-0.49
-1.79
3.75
1.47
-0.32
2.32
-1.85
-3.2
1.81
-3.76
1.38
-3.68
1.93
3.12
3.5
-0.78
-1.68
-3.75
1.31
3.15
3.9
-3.15
2.23
0.38
-2.39
-1.28
1.15
-3.15
0.87
2.71
2.52
-1.17
-2.81
1.57
-1.62
3.44
-0.42
-0.17
-0.11
-2.67
3.44
-0.6
1.05
3.58
1.09
-2.2
1.71
-1.48
0.3
0.67
-0.22
-0.36
