-2
-0.22
1.47
1.15
2.68
-1.16
-0.26
0.09
-2.46
-3.66
1.22
0.38
0.69
-3.28
-0.68
2.25
-3.64
1.87
-4
0.81
-3.81
3.87
3.97
-1.98
-3.44
-1.31
-1.67
-2.85
-2.82
-3.38
1.5
1.94
1.91
-2.31
-2.62
1.51
2.5
1.66
0.87
1.46
2.9
-1.09
-1.79
-0.11
-1.65
-1.23
0.1
-3.28
-3.23
-2.95
3.08
2.53
-1.53
-3.28
2.3
3.64
-0.05
0.98
1.21
2.99
-1.03
1.64
-1.84
3
-0.9
0.42
-1.06
0.73
2.91
-3.97
0.26
3.76
-0.21
-3.2
1.41
1.34
2.19
3.34
-0.5
-2.99
-0.83
0.05
-1.22
-3.88
-1.28
0.91
1.32
0.98
3.23
-1.06
-3.67
1.51
-3.2
-2.45
-0.35
-0.18
2.95
3.14
1.3
-2.11
2.77
2.22
-0.58
3.27
-1.58
-1.81
2.51
-2.51
-1.43
-3.88
3.64
-2.77
-1.6
-2.09
0.68
-0.25
-2.93
0.19
1.46
0.45
3.76
-2.22
