-2
3.56
0.05
-1.31
-2.38
2.81
-2.89
-2.09
3.91
-1.88
0.69
2.3
2.73
-2.72
2.05
1.36
1.26
-0.74
-0.72
2.2
3.31
-2.14
-1.86
-3.33
1.12
-3.74
-1.64
-1.92
4
0.8
3.38
0.74
-2.8
-2.61
-2.6
-1.17
-3.35
-0.96
-1.23
-1.77
-2.6
1.87
0.6
-3.95
-0.92
2.6
2.75
3.51
-1.21
1.31
-2.4
3.41
0.92
1.92
-2.5
4
-1.57
-1.92
-2.92
1.23
1.56
2.76
-3.79
-1.56
-0.7
-3.97
0.01
1.34
2.84
-1.02
-0.49
-1.79
3.75
-1.88
3.42
3.58
-1.85
1.41
-3.07
-1.22
1.38
-3.68
2.83
3.12
1.49
3.38
-1.68
-3.75
-0.05
-0.21
3.9
-2.9
2.68
0.61
2.11
-1.28
2.25
2.99
0.87
2.71
-0.9
-2.39
-2.81
1.7
-0.73
3.44
-2.31
-0.17
1.11
0.59
3.44
-0.6
-1.55
0.67
1.09
-0.58
1.71
-1.48
0.3
0.67
-0.22
-0.36
