-8
3.41
1.99
-2.16
1.79
-2.53
-1.29
3.87
-3.98
-3.15
-2.74
-3.92
-2.32
1.1
-0.25
1.4
-3.92
3.64
-2.05
2.09
2.21
-0.4
-1.71
-0.77
-1.24
1.9
1.03
-2.91
-1.3
1.66
0.77
2.74
-1.11
3.24
1.05
-0.83
-1.89
-1.87
-3.89
-1.28
2.51
1.67
-3.81
-3.35
0.16
-0.84
3.88
3.45
-1.31
-0.51
1.9
0.22
2.76
-2.54
0.31
0.85
0.22
2.53
3.12
1.31
-1.16
-2.34
-2.85
-0.05
-2.2
3.9
-3.98
-0.49
3.86
2.12
-3.64
1.13
0.17
-1.18
3.03
-1.23
0.45
3.1
-2.5
-1.55
-0.21
3.75
-0.56
3.52
-1.12
-2.55
0.44
3.98
-2.32
-3.93
3.14
-1.79
0.96
1.54
1.62
1.61
-2.95
-2.02
2.95
0.26
2.39
3.52
-2.4
2.3
3
2.56
2.58
-1.83
-3.28
2.06
-1.63
-3.71
-1.62
-0.29
3.3
-2.94
1.86
2.07
-3.49
3
1.89
-0.98
