-5
0.84
-1.76
1.8
-0.84
0.18
-3.53
-2.42
-1.95
2.43
-2.2
0.88
1.11
-0.29
1.68
2.14
-2.68
2.33
0.06
-0.48
-3.13
-3.56
-2.05
-2.8
-2.42
2.99
0.47
-0.36
-2.29
0.25
-0.61
-3.01
0.6
-1.17
2.6
2.44
0.87
-1.21
1.27
3.9
-0.07
-3.34
-3.71
-0.19
-2.55
-1.19
-2.74
0.53
-3.3
-3.51
3.58
-1.71
-0.68
-2.73
-0.93
3.38
3.88
-1.28
2.82
0.17
-0.25
-2.84
0.68
-1.85
-2.99
-1.6
3.79
2
-2.44
3.01
-2.25
-3.26
3.79
-1.2
3.83
3.01
-1.37
-2.14
-0.36
-1.25
-3.26
-2.59
0.79
-2.36
-1.19
1.17
-2.68
2.93
-3.82
-3.82
1.43
-2.23
-3.49
-1.68
-2.57
0.22
3.43
1.01
-2.12
2.33
-0.97
-1.95
3.25
-1.61
3.01
-0.82
-1.84
2.39
-0.94
1.07
-0.47
-0.69
2.85
2.26
-1.05
-1.01
-3.32
-1.09
-2.29
0.28
3.09
1.01
