-10
1.43
-3.4
1.15
2.31
-2.6
3.7
0.09
0.48
-0.2
1.22
0.38
0.69
3.7
0.97
0
-0.91
-0.82
-4
0.81
3.25
3.87
3.97
-0.37
-3.44
-3.49
-1.81
-2.85
-2.82
-3.38
2.51
-3.71
-2.87
1.36
2.53
1.51
-0.62
1.66
0.87
1.94
2.9
2.97
-2.48
-2.22
-1.65
-1.52
1.95
-3.28
2.88
-2.95
-2.51
2.53
-1.53
-2.21
2.35
0.05
-0.05
-1.6
1.21
2.99
-2.16
2.54
-1.84
-3.6
0.91
-1.85
-1.83
0.96
-2.45
-3.79
0.26
1.75
0.15
-2.55
2.62
0.93
-3.56
3.13
-1.32
-1.66
3.45
2.51
-1.22
-3.88
-1.28
0.91
-0.37
0.98
3.23
-0.73
3.62
1.7
-3.76
-0.42
2.75
-0.82
2.95
3.14
1.3
-1.81
-0.74
2.04
-0.95
-3.9
-1.58
-3.48
-3.79
-2.51
-0.68
0.25
-3.57
-2.77
-1.6
-2.09
0.68
-1.76
0.84
2.55
1.46
2.33
-3.58
-2.22
