-3
0.8
3.64
1.26
-3.62
-2.46
-0.1
-1.45
2.68
-1.44
1.77
-1.89
1.86
0.53
0.69
1.99
-3.53
-0.69
-0.63
-1.13
-3.97
2.92
-3.62
-3.71
-0.17
-2.57
-1.74
-0.95
2.31
-3.25
-3.41
-3.64
-1.71
-1.02
-2.12
-1.08
-1.52
1.36
3.24
-2.58
1.7
-1.67
0.1
-0.88
-2.58
-3.08
-0.45
-1.24
-0.76
2.63
-3.91
-3.19
-3.17
1.89
3.06
-1.85
-2.28
3.57
1.68
-1.98
-0.38
0.21
-2.84
-0.38
0.32
2.29
1.85
-2.1
1.68
-3.72
-1.93
-2.2
1.84
-1.63
2.29
2.07
0.69
3.84
3.92
2.79
1.88
-0.44
-3.77
2.48
2.25
1.53
3.47
-2.96
-1.75
-2.45
0.26
0.64
-3.05
2.07
3.63
2.66
2.26
1.6
2.2
-0.91
-0.88
1.57
-3.68
-1.47
-2.92
1.48
-1.65
-2.42
-3.37
2.43
-2.05
1.14
0.57
0.65
3.28
0.28
0.05
1.98
-1.06
-0.51
-2.84
-2.25
