-3
-1.05
1.06
3.86
-1.98
0.9
2.98
0.15
1.17
3.08
-0.05
2.8
-3.15
-2.32
1.06
-0.45
-3.72
1.02
3.98
-2.41
0.47
1.1
-2.42
2.17
-3.99
-1.88
1.33
1.37
-2.84
-0.84
2.03
-3.64
-0.06
0.61
0.16
3.19
-2.38
-2.12
-3.92
-3.73
-3.86
-2.97
-3.87
-3.42
-0.47
0.84
2.94
-3.02
-3.65
-1.05
0.92
-2.25
-3.06
3.72
1.28
-2.63
-0.24
-0.23
-0.24
-3.57
-4
3.22
-0.55
-2
0.38
2.28
1.22
-2.75
2.4
1.87
-3.57
0.54
-1.09
0.56
3.13
3.16
-0.51
-3.21
-0.2
3.87
3.77
0.36
0.48
3.17
-3.22
1.46
2.23
0.2
3.28
-0.84
-2.3
-2.53
1.25
-3.08
0.82
1.62
-1.37
1.22
0.12
0.66
3.84
-2.65
-2.24
-0.78
-2.04
0.37
-3.83
-2.42
0.25
3.37
-3.2
-2.34
-2.65
2.09
-1.11
-0.43
-0.24
2.57
-3.78
-2.06
1.71
-3
