-10
-3.44
-1.76
1.8
-0.84
0.18
-3.76
1.38
-1.95
2.13
-2.2
0.88
2.22
0.48
1.68
2.14
-2.68
3.61
0.48
-0.48
1.39
-3.34
-2.05
-0.43
0.73
2.99
0.47
2.41
-3.3
-2.31
3.46
-3.01
1.4
-1.17
3.56
2.44
0.87
-1.21
1.27
-1.2
-0.07
-3.34
3.71
-0.19
-2.55
-1.19
-2.74
0.53
-2.76
-3.51
-1.76
-1.71
-0.68
-3.21
-1.93
3.38
1.58
-1.28
2.82
0.01
-1.24
-1.97
-3.99
-2.15
3.92
-1.6
2.62
2
-2.44
2.6
-2.25
-3.26
0.47
3.97
2.94
3.01
-1.37
2.89
-0.12
-1.25
-3.26
-2.99
0.45
-2.36
3.52
1.17
2.01
2.93
1.03
-1.54
1.43
-2.23
-3.49
-1.68
-1.48
-2
-3.6
1.01
-2.12
-2.75
-0.97
-1.95
3.25
-1.61
2.69
-0.82
-1.84
2.39
-0.94
-3.67
-1.77
-0.69
2.85
-3.59
-1.05
-1.55
2.62
-1.09
-1.15
2.62
3.09
1.01
