-8
3.93
1.99
-2.16
-2.3
-2.53
-2.13
-3.57
2.23
-3.15
2.42
-3.92
-3.87
-1.11
-0.25
-1.52
-3.92
2.27
-0.32
2.09
2.21
1.09
-1.71
1.66
-1.24
1.9
1.03
-2.91
-1.3
-0.67
-2.33
-0.58
-1.11
1.29
1.05
-0.32
2.11
-1.87
-3.89
2.42
2.51
1.67
-2.28
-0.78
0.16
-0.84
3.88
-3.09
-1.31
-0.51
1.9
2.86
2.76
-2.54
0.31
-1.23
0.22
2.53
0.78
1.31
-1.16
-1.25
3.52
-0.05
1.37
3.9
-1.01
-0.49
3.86
2.12
1.55
1.13
0.17
2.46
2.12
-1.23
0.45
-0.92
3.45
-1.55
-0.85
3.75
-2.76
3.52
-3.36
-2.55
2.95
3.98
2.87
0.17
3.14
-1.79
-3.12
1.54
1.62
1.61
-2.42
-2.02
-3.03
0.26
2.39
0.18
0.12
2.3
3
-3.23
2.58
-1.83
-3.28
2.06
-2.33
3.43
-1.62
-1.86
3.3
-2.94
1.86
-4
-3.49
3
-1.17
0.24
