-1
1.71
0.18
-3.33
-3.59
-3.8
-0.38
-2.79
2.99
-2.1
-1.43
-3.56
-1.08
-0.87
3.83
1.59
-1.72
2.27
2.4
2.09
2.21
1.09
-1.71
1.66
-1.59
-0.94
2.64
-2.04
-0.99
-1.4
-2.33
3.44
-1.11
-2.3
2.35
-0.83
-0.31
-1.87
-1.56
1.04
1.87
1.67
-3.81
-2.65
0.16
0.55
-2.64
-3.09
1.09
-0.51
3.27
0.73
0.06
-1.66
-2.24
0.85
0.22
-1.12
-0.34
1.31
-1.16
-1.25
1.89
0.39
1.37
3.9
0.36
-2.79
-3.86
0.66
1.55
2.02
0.17
-1.55
3.95
-2.17
0.16
-3.07
-0.78
3.26
-2.3
1.73
3.55
3.52
-1.96
0.19
-0.62
-3.45
-3.64
0.17
-2.88
-3.2
0.53
1.13
-1.81
-0.61
-0.76
-0.2
-3.64
0.26
1.3
-3.95
0.12
2.98
0.43
-1.46
-1.31
1.4
-0.42
-2.78
-1.63
-3.22
1.03
-1.86
-1.84
1.12
-1.89
-2.59
3.75
-1.45
-0.01
-2.74
