-5
2.18
-3.86
1.26
0.35
-2.94
-0.14
1.72
-2.74
1.31
-2.45
-1.25
3.44
0.53
0
-1.1
-1.48
-2.85
-0.63
-1.13
3.71
2.75
-3.62
-3.47
2.41
0.53
3.22
-0.48
1.39
-2
3.19
2.41
-3.76
-1.36
-1.91
1.98
2.07
3.81
3.24
-2.58
3.6
-1.67
3.3
-1.48
-2.15
-1.92
1.96
-1.24
2.68
-1.17
-3.48
3.77
0.12
-2.04
-3.62
3.71
-2.28
-1.5
-3.68
0.52
0.89
2.39
3.42
-0.38
0.32
0.74
1.52
0.79
-0.77
-3.29
-2.26
-3.03
-2.08
-2.06
3.28
-1.66
-2.12
1.87
3.92
0.33
2.72
0.46
-3.75
-3.18
2.25
-3.17
-0.42
2.38
-1.75
-1.61
0.56
0.64
-2.78
2.07
3.63
2.66
-1.08
1.6
2.2
-3.53
-2.05
-2.83
-3.68
-1.47
-2.92
3.56
-2.78
-3.86
-1.42
3.36
-0.97
-0.93
-1.42
-1.48
1.81
3.16
2.12
2.59
1.78
-1.93
-2.84
-2.25
