0
-1.28
0.45
-2.79
-2.37
-1.65
-0.42
1.33
-0.56
-2.2
-0.91
-1.16
-0.16
-3.59
-2.82
-1.75
0.09
0.92
-2.62
1.69
-1.69
-2.53
0.36
-2.6
0.38
2.48
3.99
3.28
3.62
3.07
-1
2.88
-0.24
2.34
-1.92
-0.2
0.37
-1.42
-3.03
0.49
-1.59
-3.94
-0.41
1.05
1.06
1.05
-1.37
-1.78
-2.86
-0.66
1.15
-1.05
3.07
-1.32
-1.49
2.03
0.87
2.69
3.92
1.72
0.27
-1.47
-2.33
0.84
-0.75
-2.08
1.54
-3.39
2.59
1.3
-1.14
2.46
1.12
3.34
1.07
-0.23
-0.23
1.2
3.45
-3.42
3.42
-0.17
-3.04
2.8
2.04
-3.57
0.47
-0.86
1.38
2.65
2.93
-3.83
1.52
-1.41
-1.39
-1.97
-3.89
3.26
-2.77
1.35
3.92
-2.01
0.16
-1.13
1.15
-3.48
-3.14
-1.73
-0.35
1.04
2.52
2.44
1.78
0.48
0.93
-3.32
0.49
1.61
-3.15
2.05
0.31
-3.39
