-5
3.81
1.99
-1.32
-2.3
-1.8
-2.13
3.87
0.39
-1.94
2.42
-2.65
-2.32
-1.11
1.55
-1.52
-1.72
2.27
-0.32
0.97
2.21
1.09
0.7
-0.52
-2.35
-1.13
-3.17
3.07
-1.3
-0.67
-2.33
3.7
0.59
3.24
-1.79
-0.32
2.11
-1.87
0.76
-2.38
1.35
-2.96
3.47
-3.35
-0.76
-0.53
3.88
-0.25
-1.31
0.9
0.73
-2.61
2.76
-2.54
0.31
-0.3
-2.68
-2.48
-2.26
0.73
-1.91
0.29
-2.56
-0.05
1.37
0.73
-1.01
-0.49
3.86
1.2
1.55
1.13
1.33
-2.04
3.35
-3.4
0.45
3.1
-1.54
-2.86
-0.38
3.75
-0.56
-3.11
-3.36
-2.71
-2.85
3.98
-2.32
0.69
3.59
1.66
-3.12
3.81
-1.81
-1.23
-2.42
0.68
-3.03
0.26
2.39
2.95
0.12
3.59
1.81
2.56
-1.02
-1.83
0.39
2.06
-0.45
3.5
0.55
-1.86
3.3
0.19
-3.53
-3.83
-3.01
3
-1.54
-1.47
