-8
-0.22
-3.35
1.15
-0.48
-1.52
-0.26
0.76
2.67
-3.66
1.22
3.63
2.92
-3.28
-1.45
0.13
2.13
-1.18
-4
-3.63
-3.81
0.81
3.97
-1.98
3.5
-0.09
-1.67
1.83
-1.75
-3.38
-1.01
1.94
-2.87
-2.31
1.3
1.51
2.5
1.81
0.87
1.46
2.9
-1.82
-1.57
-0.11
-3.78
-3.13
2.23
-3.28
1.91
-2.95
3.08
2.53
-1.53
-3.25
-0.34
3.64
-0.67
0.98
1.21
2.99
1.96
1.64
-3.49
3
1.6
2.77
-1.06
1.66
3.74
-3.97
-1.5
3.76
-3.51
2.52
1.41
1.34
2.19
0.47
-0.47
-3.31
3.45
1.41
-0.53
-3.88
0.1
1.19
1.32
-0.27
3.23
-1.06
-3.67
3.08
2.8
-2.45
-0.35
-0.82
2.95
3.23
2.89
-2.83
0.22
0.61
-3.33
3.27
-1.58
-1.81
-3.49
-2.9
0.2
0.25
-3.84
-0.27
-1.6
-2.09
1.48
-0.25
-2.93
0.19
0.76
-3.77
3.76
-2.22
