-3
-1.28
0.45
-2.79
-2.37
-1.65
-0.42
-3.04
1.95
-2.2
1.22
3.24
-0.16
-3.59
-2.82
-1.75
0.09
0.92
-0.01
1.69
-1.69
2.92
-2.77
1.81
2.36
2.48
-2.97
-1.28
3.62
3.07
-1
-0.85
-3.54
-2.9
-0.95
-0.2
0.37
-1.42
-3.03
2.48
-1.59
1.37
-0.41
-1.52
-0.38
1.05
-1.37
-1.41
2.1
-0.66
1.15
-1.05
1.75
1.96
-1.94
3.47
0.87
2.69
3.92
-2.51
0.27
-1.47
1.05
0.84
-0.75
2.94
1.54
-3.39
-1.15
-0.84
-1.14
2.65
1.89
-2.07
0.99
-0.23
-0.23
3.37
3.45
1.68
-0.73
-0.17
-3.04
2.8
2.04
-3.57
0.47
1.49
1.38
1.7
-0.3
-3.83
1.41
-1.41
-2.69
-1.97
-3.89
3.26
-2.77
1.35
2.02
-2.01
0.16
-3.95
1.15
0.06
-3.14
-0.38
-0.35
1.04
2.52
2.44
1.78
0.48
0.93
-3.32
0.49
1.61
1.37
2.05
3.62
-0.25
