-8
1.71
1.99
-2.16
-2.3
-1.8
-2.13
3.87
-3.98
-3.15
2.42
-2.65
-2.32
-1.11
-0.25
-1.52
-1.72
2.27
-0.32
0.97
2.21
1.09
0.7
1.66
-1.59
0.24
-3.17
-2.91
-1.3
-0.23
-2.33
-0.58
0.59
3.24
1.05
-0.32
2.11
-1.87
0.76
2.42
-3.42
1.67
-3.81
-3.35
-0.76
-2.24
3.88
2.55
-1.31
0.9
1.9
2.86
2.76
-2.54
0.31
0.85
0.22
2.53
0.78
1.31
-1.16
-2.71
3.52
-0.05
1.37
3.9
-1.01
-3.4
3.86
2.12
1.55
1.13
-3.55
-1.18
2.12
-1.23
0.45
-3.07
-1.27
-1.55
-0.85
0.48
-3.99
3.52
-3.36
-2.55
2.95
3.98
2.87
-3.93
3.14
1.72
-3.12
1.54
1.62
1.61
-2.42
0.68
-3.03
0.26
2.39
3.52
0.12
2.3
0.43
2.56
1.87
-1.83
0.39
2.06
2.53
3.43
-1.62
-0.29
0.81
-1.76
1.86
0.61
-3.01
3
3.62
2.41
