0
1.61
-1.16
1.2
-2.37
-1.65
-1.31
-2.95
1.95
-3.16
-1.16
0.31
-2.51
2.83
-2.82
-2.63
0.09
0.19
3.66
1.69
-1.69
0.48
-2.77
1.55
-2.55
-2.7
-3.13
3.42
3.74
3.07
-1
-0.85
-3.54
-2.83
-0.95
-0.2
0.37
-0.87
-2.07
-3.68
-1.83
-1.99
1.62
3.96
2.12
1.1
-1.04
-3.41
-1.61
-0.09
-1.52
0.46
3.07
3.8
-3.69
3.17
-1.44
-3.23
-3.8
-2.51
2.77
-1.47
3.62
-3.14
-1.06
-2.08
2.49
3.31
2.21
0.88
-1.14
2.65
-2.6
3.34
-0.1
-0.23
2.87
0.82
2.87
0.6
2.1
-2.98
-3.04
-3.44
-2.99
-1.76
-2.59
1.47
3.18
0.87
-0.3
-3.83
-1.08
-0.09
-2.69
-3.19
-2.95
-0.38
-1.02
1.35
-3.84
-2.01
0.75
-1.13
-0.31
1.49
0.43
1.08
-0.35
0.55
0.12
2.44
1.83
-3
0.93
-3.32
0.49
2.87
-0.04
-3.3
3.62
-0.25
