-5
1.22
3.09
2.06
1.71
-1.11
-3.53
0.33
0.97
3.59
3.22
0.88
1.11
0.48
1.68
-3.69
-2.68
2.33
-3.8
-0.48
1.39
-1.64
-0.29
-2.8
-0.18
-1.99
-2.8
0.56
-2.3
0.25
2.6
-3.01
3.25
-0.11
-1.16
2.14
0.87
-1.21
1.27
3.9
1.29
2.91
3.71
1.88
-3.05
3.78
-2.74
-3.82
-3.3
-1.58
-3.32
-1.71
-0.68
-2.73
-1.93
0.13
3.88
-2.61
-0.82
0.17
-2.82
-2.84
0.68
1.97
-2.99
-1.75
-0.25
2
1.25
2.6
0.09
-0.97
1.33
-1.2
0.55
3.01
1.35
-2.14
-0.12
2.86
1.27
-2.59
0.45
-2.36
2.36
0.73
-1.13
2.52
2.15
2.22
2.95
2.16
1.3
-0.09
1.51
-2
-3.6
1.01
-2.38
2.33
-2.64
-1.95
-1.06
-3.82
2.69
1.22
3.18
-3.58
2.5
3.52
-0.47
-3.71
2.85
-3.59
0.91
-1.21
-3.33
-0.79
-1.83
-0.4
0.58
1.01
