0
3.68
1.71
-1.38
2.42
3.04
3.17
1.7
-2.81
0.23
2.64
-1.84
-3.66
-2.44
-2.4
1.17
3.37
3.99
3.29
2.52
-1.6
1.46
2.2
3.33
0.49
0.2
1.72
0.56
-3.36
2.62
0.83
0.86
3.18
0.04
2.1
-3.65
-2.02
-2.1
-2.23
3.63
-1.47
1.84
0.39
2.55
-0.53
-3.97
-1.08
-1.94
-2.97
3.23
3.07
2.14
1.78
1.48
1.64
-2.34
-0.65
2.93
-1.89
0.36
-1.02
2.82
-1.26
0.69
1.33
3.6
-0.73
-0.54
1.08
-2.81
-2.66
3.68
1.75
0.49
1.2
-1.94
-0.89
2.79
-3.01
0.7
3.53
0.99
2.57
-1.01
-0.68
2.81
0.87
1.96
2.49
3.31
-2.97
2.78
-1.64
1.63
-0.64
3.44
1.11
1.49
1.37
3.99
-0.19
-3.22
3.58
0.45
2.94
2.76
0.61
-3.51
0.73
0.62
-2.55
3.19
-0.11
-1.15
-2.42
1.99
-3.82
-2.29
1.8
-2.5
-2.99
-3.74
