-8
0.58
-2.83
-0.09
-2.38
3.93
1.7
2.75
3.34
-1.88
-0.55
-1.05
0.24
-2.72
2.05
2.36
-2.36
1.83
-0.72
2.2
-1.6
-1.71
-1.86
-3.33
1.06
-3.69
-1.64
3.96
1.11
-1.7
-3.94
0.74
-1.01
0.76
-0.22
-1.17
-3.35
-0.96
-2.17
2.38
-1.48
0.29
2.19
-3.95
0.03
0.82
-1.72
-2.85
-1.97
0.39
-1.19
3.41
-3.03
4
-2.5
4
1.03
-2.92
1.63
1.23
-2.86
-3.03
-2.16
3.54
-0.86
-3.97
0.01
1.34
2.15
-0.94
3.34
0.66
2.56
-1.88
2.09
-1.55
-1.85
-3.2
2.56
-3.95
1.38
-1.98
-1.62
3.02
-0.53
-0.78
-2.49
-3.75
1.74
-0.41
0
-3.91
2.23
0.61
-2.39
-2.47
2.25
1.24
3.29
-2.07
-0.9
3.72
-2.81
1.57
1.1
3.44
2.07
-0.86
1.73
0.59
-3.98
-2.35
1.55
0.8
3.3
-1.32
-3.18
-1.48
-3.96
0.67
-2.13
-0.36
