-10
-0.22
3.44
1.15
0.02
-3.57
1.97
3.97
2.67
-0.18
-0.67
-3.95
-2.35
-0.79
2.08
2.25
-0.91
-0.82
-4
1.58
3.25
2.49
3.97
-1.98
3.85
-1.31
-1.81
2.34
3.6
0.13
-2.98
-2.43
1.7
-1.56
-1.43
1.17
-0.76
0.87
0.37
1.94
-2.29
-1.69
-2.48
-3.38
-1.65
-1.52
1.95
0.81
0.78
-1.58
3.43
2.53
-1.53
-3.28
-2.82
3.64
0.31
-3.22
2.94
-3.98
-2.16
2.54
1.54
-1.47
-1.94
1.74
-1.83
0.96
-2.45
-3.44
-3.39
1.75
0.29
-3.2
1.41
0.93
-2.27
3.34
-0.02
0.68
3.45
3.33
-1.42
-3.88
-0.66
-1.83
3.59
0.98
3.23
-1.06
3.62
0.82
3.84
-1.91
2.75
-1.03
1.32
2.36
-2.75
0.75
-0.74
2.04
-1.73
2.75
-2.28
-3.48
-1.71
0.97
-2.81
0.25
3.64
-2.05
-1.6
-2.09
-2.09
-1.76
-2.16
-2.46
0.28
-1.54
-3.58
-0.36
