-7
-3.22
0.45
0.07
-2.39
-1.65
-0.42
1.33
-2.95
-2.2
1.22
0.31
3.36
-3.59
3.37
-2.44
0.09
0.92
-2.62
1.69
-1.69
-2.53
0.36
-2.54
2.36
2.48
2.52
3.28
3.62
3.07
-1
-0.85
-0.24
-2.9
-0.95
-2.14
2.74
-1.42
-1.99
0.49
-2.12
-3.94
-0.41
1.05
-3.9
1.05
-0.48
-1.41
2.1
-2.82
1.15
-1.05
3.07
1.96
-2.77
2.03
0.87
2.69
2.97
1.72
0.27
-1.47
-2.33
3.79
-0.75
-2.08
0.71
-3.39
0.83
1.3
-1.14
-0.75
1.89
3.34
2.68
-0.23
-0.23
1.2
-2.91
-3.42
-1.07
-0.17
-3.04
3.89
0.78
-1.15
0.2
-0.86
1.38
2.65
2.93
-3.83
1.52
-1.41
-3.12
-1.66
-3.89
3.26
3.29
-3.46
0.5
1.28
0.16
-1.13
1.15
-3.48
-3.14
-1.73
0.92
0.64
3.94
-0.91
1.78
-2.85
0.93
-3.03
0.49
1.61
-3.15
2.05
1.92
-0.59
