-4
-1.23
-2
-1.71
-1.21
-0.08
3.28
1.58
1.95
-3.16
-1.16
-1.09
2.9
2.81
-1.8
3.24
-3.85
2.67
-1.37
3.76
-1.69
0.07
0.06
1.81
2.36
-2.7
-3.59
-0.14
3.68
3.07
-1
0.99
0.33
2.05
-1.48
-0.2
0.37
2.36
1.11
-3.58
-1.83
1.86
-0.1
3.83
0.72
1.1
0.11
2.57
1.59
-0.09
-2.38
0.46
-0.42
-3.9
-1.61
1.39
-3.91
2.69
-3.17
-2.51
3.02
-1.47
3.51
3.07
1.82
-2.08
3.98
3.31
0.31
0.88
-1.14
-3.97
0.95
3.34
-0.82
-0.37
2.87
1.78
2.87
0.36
1.42
-0.17
-3.04
-0.23
-2.56
2.55
2.82
0.63
1.38
-1.04
-0.3
-3.83
-2.19
-0.09
-2.69
-2.98
-2.95
-0.38
3.49
-1.21
2.62
-0.44
-0.68
-1.89
1.78
-1.27
1.65
3.46
0.92
1.04
-3.06
-1.68
-0.89
0.48
-1.17
3.23
3.26
1.61
3.43
1.39
-3.5
-0.25
