-10
-3.8
-3.4
1.15
0.02
1.36
-0.5
0.09
3.69
-0.18
-1.75
-0.41
-2.35
-3.84
2.08
-3.09
-0.12
2.36
1.29
1.58
-3.81
3.87
0.26
-0.37
-3.44
-3.49
-1.81
2.34
-0.44
3.08
3.57
-3.71
3.86
0.34
-1.43
1.17
-2.59
0.56
-1.43
1.94
2.97
2.97
2.6
-2.11
0.7
2.83
-2.13
-1.95
-1.94
3.41
3.43
-0.08
-2.68
-0.18
-2.53
3.64
-0.05
0.98
1.21
0.79
-2.75
-1.12
1.54
-0.44
-1.94
1.39
1.82
1.32
-3.54
-3.44
-3.39
-3.39
-0.45
-3.01
2.62
-1.71
2.19
3.13
-1.43
-3.07
-3.25
2.51
-2.2
0.15
2.8
0.91
1.32
1.31
-2.15
-1.45
-2.79
0.82
3.84
-1.33
0.21
0.09
1.32
3.14
-3.69
-2.11
2.77
-2.25
-0.95
2.75
-2.28
-3.48
-3.64
-2.51
0.4
-3.05
-2.56
-2.05
1
-2.09
-2.09
-1.25
-2.93
0.25
1.46
1.86
-3.31
3.98
