-1
1.71
3.88
-0.2
1.79
-2.53
-0.38
-0.17
-3.98
3.05
-1.43
3.25
4
1.46
-0.55
1.54
-1.72
2.61
2.4
2.09
-1.04
-1.33
-2.51
1.66
-1.24
2.72
2.64
-2.59
-0.99
-0.23
-3.09
-1.33
-1.11
2.79
2.35
-0.32
-0.31
-1.18
-1.56
3.59
1.87
1.67
-3.81
-1.61
0.16
-0.84
-2.64
-0.45
1.09
1.49
4
2.86
0.06
0.82
-2.66
-1.82
0.22
-1.12
2.54
1.31
-1.16
-2.34
1.89
-0.87
1.37
-2.77
-3.98
-0.49
-3.86
2.12
1.55
0.36
2.35
-1.55
3.63
-2.17
-1.52
-3.07
-0.78
-3.73
-0.85
1.73
-2.76
3.52
0.51
-1.18
-0.09
2.94
1.09
0.17
-2.92
3.16
0.53
-3.9
-1.81
-0.61
-0.76
0.68
2.95
0.26
2.8
-3.95
0.12
2.98
0.43
2.56
2.58
-0.63
-1.61
-2.78
0.31
-3.71
-2.64
-1.86
-3.48
1.12
-2.5
-4
-1.65
0.8
0.15
-0.2
