-5
0.8
3.64
1.26
-1.29
-2.94
-2.69
-1.45
2.68
-1.44
1.77
-1.89
2.47
0.53
0.69
1.99
-3.53
-2.85
-0.63
-1.13
-3.97
2.75
-3.62
-0.59
-0.17
-2.57
0.36
-0.95
2.31
0.65
-3.41
-3.64
-1.71
-1.02
-2.34
3.75
-3
1.36
3.24
-2.58
-0.41
-1.67
-2.27
-0.88
-2.58
-1.92
2.81
-1.24
-0.76
2.63
-0.97
3.77
-3.17
1.89
3.08
2.95
-2.28
1.74
-2.93
-1.98
-0.38
0.21
-2.84
-2.2
0.32
2.29
-1.25
-1.9
-3.63
3.95
-1.93
1.7
1.84
-1.63
2.29
1.46
0.69
-2.33
3.29
-3.27
2.47
-0.44
-3.77
-1.11
2.25
2.9
-0.42
-2.51
-0.79
-1.61
0.56
0.64
-3.05
2.07
0.54
2.66
-1.08
1.6
0.1
-0.91
0.81
1.57
-0.9
-1.47
-2.92
1.48
-1.98
2.87
3.28
2.43
-2.05
1.14
0.25
3.25
1.78
0.28
2.12
1.98
-1.06
-0.51
-2.84
-1.95
