-2
-1.05
-3.11
2.58
0.2
-1.94
2.98
-3.1
3.79
-1.6
-3.07
2.95
-3.15
-2.32
-3.6
-0.45
-3.31
-3.05
-3.45
-1.54
0.5
3.58
0.58
-0.75
2.35
0.16
-3.11
1.37
2.57
-0.84
2.03
-0.86
-0.06
-3.81
0.16
0.94
-2.38
3.65
3.23
3.06
-2.98
3.1
2.44
-1.6
-0.47
0.84
-3.04
2.82
-3.75
0.93
0.92
-0.41
-3.06
3.72
-3.18
-2.63
0.17
-2.86
0.96
-3.36
-3.15
3.22
-0.55
1.47
0.38
-0.69
-2.46
0.64
-3.7
1.87
-3.57
0.08
-1.04
-3.49
-2.88
-3.42
-0.51
-3.21
-1.73
1.95
2.68
0.36
0.48
3.17
2.88
-1.36
0.42
2.57
-3.96
0.15
-2.3
3.71
1.25
-0.72
-3.6
1.62
-0.85
2.14
3.84
-2.72
0.56
1.81
3.96
-2.41
3.32
-2.78
1.1
-2.42
0.25
3.37
-3.2
-1.88
2
-0.12
3.3
-0.43
1.89
2.57
-3.78
0.3
-2.54
-3
