-2
-1.05
0.02
1.15
-0.48
3.2
-0.26
1.96
2.67
0.11
1.22
0.38
3.01
-3.28
-0.68
2.25
2.13
3.61
-4
-3.63
-3.81
3.87
3.97
-1.98
-3.44
-1.31
-1.33
-2.85
-3.02
0.01
-2.98
-1.55
-2.87
-2.31
2.53
1.51
-2.44
1.66
0.87
1.46
2.9
-1.82
1.04
1.79
-3.78
-3.81
1.1
-3.28
1.91
-2.95
3.08
2.53
-1.53
-3.28
0.76
3.64
-0.67
0.98
1.21
2.99
-1.03
1.64
-1.84
3
-0.9
0.42
-1.06
-1.97
3.74
-3.97
0.26
3.76
-0.21
2.52
1.41
-1.44
2.19
3.34
-0.47
-1.66
3.45
0.05
-1.22
-3.88
-2.79
0.91
1.32
0.98
3.23
-1.06
-3.67
1.51
1.06
-2.45
-0.35
3.89
0.02
0.46
2.52
-1.81
2.77
0.61
-0.95
3.27
-1.58
-1.81
2.51
-2.51
-1.43
0.25
3.64
3.31
0.62
-2.09
0.68
-0.25
-2.93
0.19
0.76
-3.77
-0.47
-2.22
