-3
-1.28
-2
-2.79
-2.37
-1.65
-0.42
-3.04
-1.36
1.05
3.34
0.81
1.35
2.83
-0.75
-1.75
0.09
-3.59
0.77
-2.09
3.5
-2.53
0.36
-2.6
2.36
2.48
-3.13
-1.28
3.74
3.07
-1
-0.46
-3.54
-0.93
-0.95
-0.2
0.37
-1.42
-3.03
-3.58
-1.59
-3.94
-1.31
1.05
-0.38
1.16
0.11
2.57
2.1
-1.64
1.15
-0.77
3.07
1.96
-1.94
3.17
-1.44
2.69
3.92
-2.51
0.27
3.28
-2.33
1.03
-0.75
-2.08
1.54
2.37
2.21
1.3
-1.14
2.65
-2.6
2.22
-0.1
-0.37
0.14
2.44
-2.91
0.6
-0.73
-0.17
1.97
2.8
2.04
0.26
-3.53
0.63
1.38
2.65
-0.04
-3.83
1.52
-1.41
-2.69
-2.98
-0.44
-0.38
3.49
1.35
-3.84
-2.01
0.16
-1.13
1.15
2.5
-0.79
-1.73
-0.35
0.96
-3.06
2.44
1.78
-3
0.93
-3.32
0.49
1.61
-3.15
2.05
3.62
-0.25
