-8
0.01
-1.02
-2.16
-2.3
-1.8
-1.29
3.87
2.23
-3.15
2.42
-2.65
-2.32
-1.11
-0.25
-1.52
-3.92
3.64
-0.32
-1.48
1.24
1.09
0.7
-0.77
-1.76
0.24
1.03
2.34
-1.3
-0.67
0.77
-1.33
0.59
3.24
1.05
-0.83
-1.89
-3.42
-3.89
2.42
2.51
1.67
-2.28
-3.35
-3.37
-2.24
3.88
3.45
-1.31
0.9
1.9
2.86
2.76
-2.54
0.31
-1.23
0.22
2.53
0.78
1.31
-1.16
-0.58
3.52
-2.38
3.68
3.9
-1.01
-0.49
3.86
2.12
1.55
1.13
0.17
-1.18
2.12
-1.23
0.45
-3.07
3.45
-1.55
-0.21
0.48
-0.56
3.52
-3.36
-2.55
2.95
3.98
2.87
-3.93
3.14
1.72
-0.2
1.54
1.62
1.61
-2.95
0.68
-3.03
0.26
2.39
3.97
0.12
2.3
0.43
2.56
2.58
-1.83
-3.28
2.06
-2.33
3.43
-3.66
-1.86
3.3
-1.76
1.86
-4
-3.01
-1.91
-1.17
0.24
