-10
-0.22
3.07
1.15
-0.48
1.57
-0.26
0.76
2.67
-3.66
1.22
-0.53
2.92
-3.28
-1.45
0.13
0.7
1.87
-4
0.81
-3.81
1.02
3.97
-1.98
-3.44
-1.31
1.4
-2.85
-1.75
-3.38
-2.98
1.94
-2.87
-2.31
-2.62
1.51
2.5
1.81
0.87
1.46
2.9
-1.82
1.04
-0.11
-3.78
-3.13
-3.23
-3.28
1.91
-2.95
3.08
2.53
-1.53
-3.25
-0.34
3.64
-0.67
0.98
1.21
2.99
1.96
1.64
-3.49
3.79
-0.9
2.77
-1.06
-1.97
3.74
-3.95
0.26
3.76
-0.21
2.52
1.41
1.34
2.19
-1.81
-0.47
-1.66
3.45
1.41
-0.4
-2.65
0.1
0.91
1.32
-1.91
3.23
-1.06
-3.67
1.51
-3.04
-2.45
-0.35
-0.82
2.95
0.46
2.52
2.85
0.22
0.61
-0.95
0.01
-1.58
-1.81
-1.57
-2.9
-1.43
0.25
-3.84
-0.99
-1.6
-2.09
-0.45
-0.25
-2.93
0.19
-2.75
-3.77
3.76
-2.22
