-10
3.79
0.99
-1.36
-3.89
3.04
3.17
0.56
-1.6
0.23
2.64
0.43
2.38
0.27
3.62
1.17
-3.97
0.66
1.62
-3.63
-1.6
1.46
2.2
-3.33
-2.26
3.92
1.72
0.56
-3.36
2.14
0.83
-2.94
3.18
0.88
3.3
-3.65
-2.93
0.35
-1.01
0.1
-0.83
1.84
-1.66
2.69
-0.53
-0.94
-0.68
2.11
-2.97
-3.31
2.43
2.14
-1.59
1.84
2.29
-1.31
1.15
2.93
1.73
0.29
-1.02
2.82
-1.26
0.69
-1.47
1
0.97
-0.54
-2.48
-0.28
2.63
3.68
2.54
-2.96
-0.01
-3.67
0.97
2.79
-3.06
-3.69
1.19
-0.26
3.28
3.96
-0.68
2.59
2.15
1.96
2.49
-2.41
-2.97
2.78
-1.66
1.63
3.82
3.44
2.93
-1.43
1.29
0.93
-1.19
0.24
-0.72
0.45
2.94
0.02
2.36
-3.51
0.73
1.99
1.72
2.56
-1.35
0.63
0.73
3.2
0.49
-4
-0.46
2.65
-3.94
3.69
