-5
-2.02
-1.76
-2.81
-0.84
0.18
-3.76
0.76
-1.95
2.13
-2.2
0.88
2.22
-0.29
1.68
-0.96
-2.68
3.61
0.48
-0.48
1.39
-3.33
-2.05
-2.8
0.73
-2.98
0.47
2.41
-3.3
0.25
3.46
1.36
0.6
-3.91
2.6
2.44
0.87
1.42
1.59
-1.2
-0.07
3.37
2.25
0.55
1.91
-1.03
-1.39
-0.15
-3.3
-3.51
-1.76
-3.95
2.62
-2.73
-1.93
3.38
3.88
-1.28
-2.26
0.17
-1.24
2.51
-3.99
-2.15
3.92
-1.6
3.79
-2.81
-2.44
2.6
-2.25
-3.26
0.47
3.01
3.1
3.83
-1.37
-2.14
-0.12
-1.25
-3.26
-2.59
0.45
-2.36
-0.43
1.17
2.01
2.93
1.03
-3.82
-2.09
-2.23
-3.49
-1.68
-1.48
0.22
-3.6
1.01
-2.12
-2.75
2.06
-1.95
3.25
1.42
2.69
-0.82
-1.84
2.39
-0.94
-3.67
-0.47
-0.69
2.85
-3.59
1.6
-1.01
2.87
-1.09
-1.15
0.28
3.09
1.01
