-2
-3.19
-3.62
0.97
0.2
-1.94
2.35
0.15
3.79
-1.6
-0.05
2.95
-3.15
-2.32
-3.6
-0.45
-3.31
-1.21
-3.45
-1.54
0.47
1.1
-2.35
2.17
0.21
0.16
-3.11
1.37
-0.42
0.6
-2.66
-3.64
-0.06
0.19
0.16
-1.09
-2.38
-2.12
3.23
2.7
-2.98
-2.97
-3.87
-1.6
-0.47
0.84
2.94
2.82
-2.39
-1.81
0.92
-0.41
-3.06
-2.24
1.28
-2.63
-3.7
-0.23
3.06
-0.96
-3.84
3.27
-0.55
1.47
0.38
-1.53
-3.38
1.59
-3.7
1.87
-3.57
0.08
0.32
-3.49
3.13
-0.98
-0.51
-3.21
0.13
1.95
3.45
-3.37
-2.68
3.17
2.88
-1.36
0.42
2.57
3.28
-0.84
-2.3
3.71
3.14
-3.04
-3.6
1.62
-1.37
2.14
3.84
-0.03
3.32
-2.65
3.96
-0.84
3.32
-3.63
-3.83
-0.4
0.25
3.37
-3.2
-2.34
-2.65
2.09
-3.27
-0.43
1.89
2.57
-3.78
0.3
-2.54
-3
