-8
-1.23
0.45
-2.79
-1.21
-1.65
-0.42
-3.04
-1.36
-2.47
3.34
0.31
-0.16
-3.59
-2.82
-1.75
0.09
-3.57
0.77
1.69
2.52
0.07
0.36
-2.6
2.36
2.48
2.36
3.42
3.74
-2.19
-1
-0.85
-3.54
-2.9
-2.54
-0.2
0.37
-1.42
1.11
-3.58
-1.59
-1.68
-0.84
3.79
-0.38
1.16
-1.37
-3.41
2.1
-0.66
1.15
-2.38
3.07
1.96
-1.94
3.17
-1.44
2.69
3.92
1.72
-1.02
-1.47
1.05
0.84
-0.75
-2.08
1.54
3.31
-1.15
1.3
-1.14
2.65
1.89
3.34
-0.1
2.42
0.14
-2.72
3.45
1.68
-0.73
-0.17
-3.04
2.8
2.04
-3.57
-3.53
-1.61
0.25
2.65
3.34
-3.83
1.52
3.02
-2.69
-1.97
-0.87
3.26
3.49
1.35
3.92
-2.01
0.16
-1.13
1.15
0.01
-2.25
-0.38
-0.35
1.04
2.52
3.35
1.78
-3
0.93
-3.32
-2.04
1.61
-3.15
-0.27
3.62
-0.25
