-7
1.39
0.06
0.22
-1.37
3.93
-0.4
-2.09
3.91
-3.59
0.69
2.3
3.24
-2.72
3.68
2.77
1.26
-0.12
-0.67
2.2
-1.6
-1.98
-1.86
-3.33
1.12
-3.74
1.67
-1.92
4
0.8
-3.17
1.41
-1.01
-2.61
-2.6
-3.12
-3.35
-0.92
-1.23
1.87
-2.6
1.87
0.6
0.47
-0.92
3.37
-1.72
3.25
-3.28
0.54
-2.4
3.41
0.92
2.99
-2.5
4
-1.57
-1.92
-2.92
1.23
-2.86
2.76
-3.79
-1.56
-0.7
-3.97
0.01
1.34
2.67
-0.94
-0.49
-1.79
3.75
-1.88
-0.32
2.32
-0.49
-3.2
1.81
-3.76
2.33
-2.42
2.83
3.02
1.49
-0.78
-1.68
-3.75
-0.05
3.15
3.9
-3.91
-2.05
0.38
-2.39
-1.28
1.15
1.24
0.87
-2.07
2.52
3.25
-2.81
3.35
1.1
3.44
-2.31
-0.17
-0.11
2.13
3.44
-0.6
-2.19
3.58
1.09
3.12
-3.18
-1.48
0.98
0.67
-0.22
2.17
