-3
-1.28
-1.16
2.32
-2.37
-1.65
-0.42
-3.04
1.95
-2.2
1.22
0.31
-0.16
2.83
-2.82
-1.75
0.09
0.92
-2.62
1.69
-1.69
-2.53
0.36
-2.6
2.36
-2.57
2.36
-1.28
3.62
-2.19
3.14
0.17
-3.54
-0.9
-0.95
-0.2
0.37
-1.42
-3.03
-3.58
-1.29
-0.65
-0.41
3.79
-0.38
1.05
-2.54
-1.41
2.1
-0.66
1.15
-0.21
3.07
3.61
-1.94
3.47
0.87
2.69
3.92
-2.66
0.27
-1.47
-2.33
0.84
-0.75
-2.08
1.54
-3.09
-1.15
-0.84
-1.14
2.65
1.89
3.34
1.07
-0.37
0.14
-2.72
3.45
1.68
-0.73
-0.17
-3.04
2.8
2.04
-3.57
0.47
1.49
1.38
0.87
1.8
-3.83
1.52
-1.41
-1.39
-1.97
-3.89
3.26
-2.77
1.35
3.92
-2.01
0.16
-1.13
1.15
-3.48
1.65
-0.38
-0.35
1.04
2.52
2.44
1.78
0.48
-0.59
-3.32
0.49
1.61
-3.15
2.05
3.62
3.05
