-9
-3
1.69
1.03
-0.1
-3.19
1.29
-1.43
1.74
-1.76
-2.55
0.96
0.72
-3.15
3.37
2.71
3.32
3.56
0.68
0.56
-0.71
-3.07
2.25
3.96
1.82
2.87
-0.7
3.87
2.58
-2.3
0.5
-3.18
1.91
0.53
2.32
-3.16
1.5
3.18
-2.96
-0.83
-3.37
-0.64
-0.7
1.86
2.42
-1.53
1.16
3.96
0.1
-0.94
-1.75
2.43
-0.59
-2.46
0.74
0.94
-2.19
2.74
-0.96
0.27
-2.23
1.1
-3.88
-0.16
-3.68
-3.95
-3.79
-1.9
-0.19
-3.46
-3.35
3.82
-0.44
3.07
1.51
0.9
-3.51
1.27
-0.51
-1.08
3.37
2.57
-2.86
0.79
3.56
-3.64
-3.28
-1.13
3.02
0.86
-3.36
-2.63
0.98
-1.42
0.9
-1.77
3.91
3.2
-0.92
-2.34
1.29
2.28
-0.47
-1.11
3.34
-1.19
3.76
-3.13
-1.22
-3.51
-2.02
0.02
3.76
-3.47
-2.11
-3.25
1.16
-3.47
-3.36
0.1
-1.62
-2.64
3.96
2.17
-1.21
-3.97
-0.93
-2.78
1.14
-1.06
-3.03
1.06
-3.19
3.29
-1.15
3.57
0.85
-3.55
1.13
-0.52
2.85
2.69
0.41
-1.44
1.3
0.94
1.39
2.41
2.88
-0.32
-1.83
0.84
-1.94
1.08
1.55
2.13
-1.37
-2.08
2.53
0.24
-1.97
2.51
-1.35
-0.94
1.37
1.47
-2.39
3.91
-0.87
0.62
-3.88
-0.16
-2.89
2.68
1.63
0.16
-1.11
-2.04
-2.65
2.27
-2.58
1
2.38
0.44
-0.71
-1.28
-0.36
3.85
0.47
-2.3
0.91
0.92
-3.86
-1.34
-0.92
1.31
-1.02
-1.34
-2.38
-3.8
-1.17
0.67
0.32
2.56
-1.59
3.68
0.8
-3.41
2.94
1.25
0.8
1.07
-3.35
-3.05
-0.52
1.62
-0.14
3.81
-1.76
-1.96
-2.94
-3.49
2.03
-2.22
-1.81
2.65
-2.62
3.58
-1.44
2.69
1.02
-2.47
1.42
2
-1.89
2.43
3.71
-2.72
2.48
-0.58
-2.69
-2.8
2.59
1.94
3.08
1.62
-1.03
1.03
-3.68
1.54
-1.56
-2.02
-1.26
-0.31
0.44
-1.34
-1.72
-2.83
3.82
-0.53
-0.32
1.6
3.03
1.85
2.48
-1.43
-0.67
2.28
-1.53
-0.75
0.49
-3.96
0.14
1.15
-3.55
-3.1
-1.56
-1.58
0.31
1.66
0.17
1.65
3.28
-1.56
3.23
1.94
-2.22
-1.14
-2.45
2.2
2.27
2.67
1.45
-1.44
2.98
2.93
-1.32
1.54
1.71
1.88
0.8
-2.79
-3.29
0.39
-0.9
-2.51
-3.86
0.86
-1.71
4
3.12
3.34
-1.63
-1.93
-2.05
-0.26
-3.58
2.57
2
3.53
-2.97
-3.73
-1.78
0.94
3.07
-0.05
2.9
0.23
-2.04
1.14
1.56
4
1.54
-0.59
-1.43
1.06
3.02
2.61
-1.83
-3.65
-1.39
0.59
2.09
2.93
-1.31
0.92
-1.83
3.89
-0.01
-3.89
-3.75
-2.43
0.68
2.61
3.59
-0.68
-3.94
2.38
-0.04
3.67
-1.74
-0.34
0.09
-2.53
1.13
1.61
0.59
-1.17
-3.17
0
3.35
-1.55
-3.76
2.48
0.58
-1.29
0.28
3.8
0.08
-0.72
-1.4
-2.37
0.35
0.07
2.79
-0.23
0.72
1.41
2.59
1.81
-0.71
0.36
3.66
0.8
0.09
2.11
-1.43
2.47
-3.67
-3.09
0.86
2.94
-1.54
-2.13
-1.74
-0.55
-2.34
1.82
-1.76
1.73
-3.83
3.63
-2.03
1.03
-1.39
-3.13
2.07
1.32
-0.47
1.61
0.13
-3.14
0.94
2.36
1.31
1.77
-2.18
-1.81
0.46
2.3
0.53
-2.51
2.2
0.39
0.11
-1.69
-2.45
3.99
2.32
-3.9
0.76
-2.28
3.89
-0.06
-1.03
-1.35
0.98
-3.53
2.97
-3.96
-2
-0.4
0.32
1.38
-1.23
-3.98
3.71
-2.33
2.09
2.29
3.82
1.75
-2.17
-3.13
-3.89
3.18
3.25
-1.58
-1.48
1.59
1.87
3.11
-2.41
2.48
-1.23
-0.06
-1.69
-2.55
-3.78
1.39
-1.95
0.69
-0.61
-0.11
-2.87
-0.07
1.71
-0.52
-1.31
-3.41
-2.72
-0.64
-2.14
2.82
-1.49
2.13
-3.64
-0.07
0.22
-0.23
-3.92
-1.32
3.6
2.31
2.43
3.69
-3.73
3.27
-3.01
-0.39
-1.23
1.71
1.48
-0.94
3.05
2.68
1.12
1.18
-3.38
1.18
1.29
-2.15
-2.89
3.74
-1.35
-2.79
2.75
3.7
2.22
-3.78
-3.99
-0.55
-0.81
0.13
3.12
3.7
3.34
-0.49
-2.84
-0.12
1.11
-1.67
0.25
1.43
0.32
3.76
2.83
2.15
3.99
-3.55
1.53
3.18
-2.5
3.36
-3.69
1.75
-1.09
-1.44
1.4
0.93
-3.57
-2.17
-2.64
-0.23
0.22
-3.41
3.78
1.42
0.48
-3.19
1.91
0.97
3.39
-1.18
1.31
3.21
1.52
0.03
0.44
-1.31
-0.65
-2.22
0.79
-2.09
0.14
-0.97
1
-2.49
-4
0.11
0.38
-0.14
-2.14
-0.36
3.73
3.02
-1.88
1.88
-3.23
-3.53
0.32
2.46
2.03
3.8
-2.61
-3.75
1.83
3.76
-0.69
-2.35
-2.57
3.56
0.95
-2.74
-1.89
-2.19
1.79
0.66
1.84
2.83
-0.93
-2.1
-0.06
2.11
-2.77
-2.72
1.54
0.69
3.51
-1.67
-1.41
-3.45
1.77
1.47
-2.08
-3.48
0.92
-1.31
1.49
3.89
2.91
3.45
0.79
2.07
-2.81
-0.33
-3.55
-0.2
1.36
1.75
2.65
1.49
-1.9
-3.37
2.47
0.3
-2.71
-0.29
0.93
1.56
0.23
-3.43
-0.93
1.64
1.41
-3.88
-1.41
-3.64
1.5
1.61
0.47
-1.62
0.59
-1.2
0.61
-1.07
3.54
-3.9
0.43
3.08
3.63
-1.07
2.21
-3.21
-1.33
3.44
0.46
2.79
1.29
-1.94
3.97
3.8
3.04
-0.05
-1.87
3.04
-2.43
2.18
-2.14
3.8
-3.29
1.44
3.49
2.53
2.4
0.03
1.25
3.35
1.88
3.94
2.89
2.8
0.67
1.67
0.14
-0.27
-2.84
-3.8
3.89
2.47
1.06
-3.82
-1.05
-1.32
3.72
1.73
0.63
-2.71
-2.92
1.17
-0.8
0.56
3.64
-2.12
1.36
-0.25
0.13
1.97
3.81
1.78
2.42
-3.28
1.19
1.42
3.17
-1.68
0.49
-2.19
3.13
-2.12
-0.47
1.08
3.76
-0.55
3.41
-1.26
0.31
-0.96
-0.24
-3.43
-0.19
-3.94
-1.03
1.86
-1.34
1.88
2.94
-1.81
0.03
-3.46
2.42
1.47
-3.9
-3.69
-0.8
2.48
-2.25
2.37
-3.5
0.25
3.97
3.54
2.03
-0.83
1.34
0.49
-1.96
-0.69
1.72
3.32
1.17
-1.08
2.76
-2.18
1.98
-2.88
1.6
-1.05
-3.34
-1.99
3.74
3.67
2.35
-1.92
-0.62
2.68
3.47
-0.37
1.12
-0.09
2.72
-1.94
-1.1
-2.14
1.61
-3.94
-0.45
-1.79
-3.58
-1.16
3.19
2.02
3.36
2.97
1.27
2.53
-1.31
2.89
-1.1
3.75
-3.55
-1.33
1.83
-0.55
0.76
0.01
1.99
2.85
-1.66
-3.17
0.56
-0.99
2.73
3.38
3.01
-1.98
-2.11
-0.32
2
2
1.24
0.45
-3.59
0.22
2.97
3.85
0.12
3.19
1.62
-2.86
-3.33
-0.12
2.63
-1.15
-1.79
-1.86
2.3
2.21
-1.79
-0.37
-1.78
-3.58
-1.82
-0.35
2.71
-3.17
-2.19
2.06
-2.05
-1.53
2.12
1.35
-2.72
-3.84
-1.81
1.54
3.72
-1.58
-3.39
-3.42
0.84
2.65
-1.79
0.4
1.13
1.97
1.85
-1.73
-2.45
-0.33
-2.23
-2.86
-3.51
2.06
1.74
1.06
0.94
1.49
0.62
-0.91
-3.87
2.06
3.4
-1.16
3.9
-0.93
-2.53
-1.23
-3.25
1.76
-2.35
2.57
-2.06
-3.42
1.82
3.25
-2.62
-0.96
-0.29
3.77
-2.91
-0.98
3.48
-2.91
3.19
-0.38
3.31
3.7
-1.13
0.41
2.67
1.31
-1.31
-0.35
-1.99
2.53
-1.22
-3.78
1.51
-2.18
2.09
2.42
-0.88
2.63
-2.04
0.25
-2.98
2.16
-2.83
-3.95
-1
3.03
0.75
0.22
2.82
-2.99
-2.04
-3.88
0.63
3.09
0.61
-2.88
2.18
0.42
3.01
-0.57
3.35
-1.66
3.68
-2.83
-3.79
2.2
0.2
0.76
1.22
1.83
-3.84
-3.1
3.36
1.79
0.84
3.49
-3.08
-2.14
0.48
0.5
-0.93
-2.18
3.43
3.42
-1.03
1.86
-3.48
3.13
2.98
-2.91
1.43
-0.82
3.12
2.44
2.23
1.15
-3.39
0.73
-3.64
-2
0.11
-0.64
-3.1
-0.27
-1.09
0.82
1.39
-0.78
-0.7
2.12
-1.02
2.39
3.22
-0.38
0.49
2.74
2.08
-2.32
-0.19
1.98
1.49
-3.73
-0.18
1
-3.18
1.31
-1.35
3.31
1.67
3.16
-3.61
-2.57
-1
-1.42
-1.1
-1.13
-0.33
-0.71
-0.68
0.26
-2.75
-0.94
-2.35
0.67
-2.99
-1.9
-1.26
1.46
2.19
-1.32
2.17
-2.62
2.05
-2.93
-0.2
-1.68
3.81
1.6
0.43
2.02
-2.29
-1.19
-1.99
2.19
0.93
3.17
-0.58
-0.86
0.78
3.03
-0.12
1.99
-0.97
0.13
0.79
-0.53
-1.51
2.45
2.43
-2.21
0.27
-1.15
0.33
0.81
-2.01
-2.99
-3.76
1.9
-3.11
0.09
-3.96
-1.4
-3.53
3.35
2.78
-0.59
-3.13
-0.23
-2.48
-2.21
0.73
-0.92
0.46
-2.88
0.32
-2.22
-1.44
-2.42
2.47
-2.62
-2.2
1.54
2.42
-0.29
3.35
-1.06
2.73
-1.9
2.31
-1.2
-2.29
1.88
-3.2
2.48
-2.21
1.69
-0.09
-2.36
0.09
1.34
-0.48
0.95
2.49
-3.96
-0.72
-3.14
-1.29
3.89
2.07
-1.85
-3.52
-2.96
1.11
-0.89
-3.85
0
-3.66
0.07
-3.48
2.11
0.49
3.15
-3.8
-3.87
-0.32
-1.56
-2.88
-2.01
0.21
-2
3.54
-0.73
-1.06
3.43
-3.87
0.67
-1.02
-1.68
1.04
0.5
-0.75
-1.38
1
-0.85
2.48
2.28
2.69
1.19
-0.36
1.64
0.34
2.87
-2.73
-0.79
-1.64
0.35
-3.78
1.22
3.84
-3.98
-2.71
-2.28
-1.36
2.68
1.71
-1.4
2.75
-0.51
-2.07
0.44
-2.5
-1.11
-2.55
1.86
-3.16
3.86
2.57
1.77
0.3
0.69
-0.33
-3.77
2.37
1.67
1.25
-1.61
-3.41
2.57
-0.08
-2.03
-0.61
2.96
0.46
-1.49
1.47
0.58
0.35
-2.68
1.04
0.88
1.07
-3.83
-0.04
-2.91
-2.83
-0.21
-3.29
3.84
2.38
-3.2
1.8
2.67
3.3
-0.56
0.84
-2.18
-3.73
0.49
3.13
0.45
2.27
-3.27
2.48
1.51
-1.15
0.78
-1.6
2.31
0.01
2.81
0.08
0.66
0.37
-2.03
-1.44
3.26
-0.24
-2.29
2.81
0.97
3.7
-1.8
3.4
3.09
-1.78
1.05
-2.73
-2.3
-1.69
2.59
1
-2.82
0.17
-3.82
-2.11
-2.39
1.89
-3.89
1.07
1.54
-1.49
-0.14
-1.24
-1.5
1.56
-1.65
-3.44
-0.17
-2.17
-0.46
-2.08
-3.26
3.13
-3.87
-1.63
3.19
3.47
-0.57
1.13
-2.12
-2.21
0.36
3.65
-3.2
-1.29
1.59
-3.77
2.68
2.85
-0.81
-2.66
-1.13
-3.34
3.82
-2.65
2.33
-1.32
3.36
-3.75
1
0.79
-0.36
-2.13
3.67
-1.14
3.64
-1.58
-1.33
3.47
-2.83
3.22
2.98
-1.18
-0.78
-2.45
-0.96
-2.27
-0.51
-1.98
0.24
3.97
1.54
3.68
-1.13
-0.33
-1.64
2.22
-3.16
-1.27
-2.69
-3.72
-3.7
2.12
1.21
-1.51
0.19
1.85
-1.69
-0.46
-1.9
1.91
3.38
2.66
1.94
-3.04
3.64
2.57
3.49
2.27
0.21
-0.47
-3.72
-3.7
-2.46
-1.98
3.08
-2.22
-3.61
1.84
0.72
-2.46
0.54
2.56
-2.53
-1.24
2.9
-1.17
-0.15
-3.12
-2.97
0.55
2.88
-3.68
-2.71
-0.74
3.31
-2.54
-1.84
-2.31
-3.1
-3.46
-0.53
-1.03
-0.85
-1.29
-1.61
-0.89
-2.08
3.74
-3.88
3.58
-2.11
0.46
-0.74
-0.17
-3.87
-1.16
-1.63
2.46
3.32
-1.55
0.32
-2.73
1.33
-2.82
3.37
0.24
-1.23
1.94
-0.56
1.2
1.44
-3.72
-1.41
-0.06
1.37
-1.2
-1.53
2.18
-0.27
-1.9
3.54
2.78
-2.74
1.74
1.48
-3.12
2.91
-0.9
3.1
-1.96
-0.19
1.66
0.11
0.45
-0.91
-0.02
-1.22
-1.49
-2.28
-1.07
-3
3.93
2.35
0.93
2.13
-1.29
1.29
-3.76
1.24
-1.53
2.17
3.96
0.09
-2.48
3.59
-3.1
-3.68
-2.59
0.74
-0.55
-3.22
-3.49
0.63
-0.4
3.38
3.9
3.44
-3.03
3.31
-2.8
0.58
-1.28
-1.88
0.35
-1.97
2.36
2.29
1.79
-1.73
-0.84
0.63
-4
2.89
2.7
1
-1.11
2.85
-2.14
-1.14
3.85
3.82
3.5
-0.23
-1.83
-3.86
-2.26
-0.82
0.12
-1.63
-2.76
1.93
2.33
-2.02
-3.06
-2.55
-2.05
-3.62
-1.01
2.42
1.37
0.72
-2.87
2.09
1.69
-3.91
-3.91
3.63
-3.21
3.18
-1.16
0.81
1.74
-1.52
2.49
0.58
2.3
1.19
3.89
0.96
1.57
3.41
1.83
2.77
0.91
-0.31
-2.98
1.89
-2.91
3.7
-1.29
3.9
2.76
-2.44
0.5
3.22
-0.13
-3.21
-3.97
-1.03
-0.66
-3.02
2.56
-0.21
-0.8
-3.78
-3.87
3.94
1.56
-3.06
1.44
-0.91
0.86
2.27
-2.16
1.41
0.35
-2.39
-0.7
-1.04
1.4
-2.16
-1.02
-0.79
0.59
3.49
-1.73
-2.22
1.36
0.6
-0.53
0.74
1.81
0.17
3.21
3.61
0.88
-2.23
2.16
0.67
-3.35
-1.8
-0.09
1.5
-1.43
1.88
0.13
3.48
-1.86
2.46
0.74
-3.17
1.89
-0.12
-1.22
0.62
1.62
2.37
2.72
1.18
-2.83
1.63
-1.01
-1.22
-0.68
-1.47
-1.95
0.11
-3.33
-2.95
2.37
0.46
0.86
2.1
3.86
-3.52
1.51
-3.92
0.51
3.07
-2.76
1.8
-3.75
2.1
-3.43
-2.2
