-3
-1.23
0.45
-2.79
-1.21
-0.17
-0.42
-3.04
1.95
-2.2
1.22
0.31
-0.16
2.83
-0.75
-1.75
2.52
0.92
0.77
1.69
-1.69
-2.53
-2.77
-2.6
-2.55
2.48
2.36
-3.46
3.62
3.07
-1
-0.46
-3.54
-2.9
-0.95
-0.2
0.37
-1.42
-3.03
2.48
-1.59
-3.94
-0.41
1.05
2.12
1.16
-1.37
-1.41
2.1
-0.66
1.15
-2.38
1.75
1.96
-1.94
1.39
0.87
2.69
3.92
-2.51
0.27
3.28
1.05
0.84
-0.75
-2.08
2.12
-3.39
-1.15
1.3
-1.14
2.65
-2.6
3.34
-0.1
-0.23
-0.23
2.44
-2.91
1.68
-0.73
0.32
-3.04
2.8
2.04
-3.57
0.47
1.49
1.38
0.87
1.8
-3.83
1.41
-1.41
-1.39
-2.98
-0.87
3.26
-2.77
1.35
3.92
-2.01
0.16
-3.95
1.15
0.01
-0.79
-1.73
-0.35
1.04
2.52
-1.68
1.78
-3
0.93
-3.32
-2.04
-2.87
-3.15
2.05
3.62
-0.25
