-7
1.41
2.43
0.07
-1.67
1.11
1.83
-3.89
-3.34
0.64
-0.42
1.09
1.83
-3.92
-1.81
2.05
2.84
-2.99
-1.4
-3.13
1.05
1
3.46
3.68
2.63
-3.93
-1.1
-1.29
-0.38
2.7
0.91
-2.06
-3.11
-2.08
-1.15
-2.71
-0.83
-2.57
-0.18
1.35
0.51
-1.91
0.84
-0.66
-2.88
-0.73
2.97
2.31
2.4
3.03
-0.73
-2.41
-0.3
2.8
3.63
1.68
1.95
2.75
1.45
-1.75
-1.79
-0.88
0.49
-2.04
3.74
-2.37
0.2
-0.09
1.23
-3.11
-1.13
1.4
1.19
1.25
0.36
-1.04
-3.85
0.12
2.56
-0.64
-2.89
0.59
0.31
0.59
-0.58
-0.69
2.24
-1.91
-1.71
1.18
-0.65
0.42
-0.01
-2.43
-0.86
-2.61
1.6
-1.12
-0.4
3.49
3.07
-0.95
-2.92
1.5
0.15
1.88
0.41
2.46
-1.56
0.67
1.52
-2.18
-3.82
-1.92
-2.87
1.62
2.81
3.91
2.54
0.43
-0.61
-1.9
-2.38
-3.95
1.55
2.46
-2.59
-0.39
-1.9
-1.04
1.37
1.28
-3.48
3.08
0.29
2.07
-0.49
2.82
-3.56
1.55
2.9
3.79
3.66
1.63
3.67
-2.48
0.23
-2.1
-3.56
1.52
-1.42
1.7
0.34
3.18
0.09
0.96
-2.58
-2.98
3.95
1.69
0.46
-3.21
0.35
3.48
3.31
-3.77
-2.71
-2.89
1.8
-0.94
-1.9
4
3.46
-3.01
1.53
-0.4
-1.55
0
-3.61
0.02
-1.78
3.52
-0.83
0.58
-3.62
3.67
-3.06
-2.65
-1.02
3.33
0.64
-1.52
2.87
-1.24
-2.91
2.11
-0.56
-3.83
2.32
3.43
-3.78
-0.89
0.11
1.38
-0.59
-1.42
2.24
-0.65
-2.36
-3.51
-1.49
1.43
-3.37
-0.08
-0.53
0.95
1.63
3.77
3.09
3.64
3.3
3.95
2.14
2.47
2.42
3.62
-2.87
0.7
3.9
3.43
-3.84
-1.73
1.68
-3.03
-0.2
3.11
-0.59
1.79
-2.84
1.8
-2.57
1.59
3.71
-1.51
0.82
3.22
-2.15
-1.06
3.29
0.15
-3.53
-0.32
-2.91
2.69
-3.88
-3.73
0.97
1.64
2.96
-0.2
-2.56
-2.46
-0.55
-1.78
-3.68
-3.77
3.76
3.67
-3.88
0.36
-2.46
3.85
2.6
-2.72
2.21
-2.3
-3.76
-0.35
-2.35
3.21
1.77
2.2
1.41
-0.25
2.96
0.48
-2.82
2.99
-3.16
-0.48
-1.87
1.78
2.83
1.37
0.35
3.89
-1.86
1.49
-1.84
0.58
3.46
-1.81
-1.19
-1.07
-1.39
-3.37
1.09
3.81
-3.52
2.42
-3.97
-2.68
-0.02
3.76
2.03
-0.75
0.14
3.7
-0.73
-0.15
3.06
-3.24
2.82
0.61
-1.78
-0.24
-2.99
-2.78
0.94
2.32
3.57
-1.24
-2.51
1.08
3.75
-0.43
-0.62
-1.53
-2.86
2.32
3.4
-2.62
2.51
-1.58
-0.52
-3.19
-2.21
3.08
3.35
-2.9
-0.25
-1.56
-1.78
2.32
1.52
2.7
-0.62
2.21
-3.29
2.85
3.62
-0.13
-1.13
-1.84
2.86
1.28
3.84
2.91
-4
-1.54
3.87
-2.34
2.56
0.95
0.45
1.68
-1.74
0.39
-2.88
-2.6
-2.03
-2.07
-2.12
-0.17
-1.43
1.13
-3.46
-0.83
3.56
-2.95
-3.81
1.18
-2.25
-1.7
2.7
-0.47
2.52
0.34
-0.43
2.21
-3.02
-1.11
3.08
0.89
-2.77
-1.92
-0.11
1.27
-2.14
3.85
0.43
2.99
1.08
3.32
0.87
1.69
-2.01
3.04
3.6
-2.27
0.74
0.66
3.35
2.95
-1.74
-1.32
3.91
0.25
2.25
-3.08
3.17
1.93
-3.19
-1.08
-3.59
3.08
-1.14
0.99
-1.4
-3.51
-2.77
-0.73
-2.69
3.72
0.63
-2.8
-3.9
-1.56
1.43
-2.99
-2.46
3.48
0.75
-2.16
-2.54
0.33
-0.45
-3.87
-1.38
2.55
-1.83
3.64
3.02
-3.06
-3.32
2.5
2.17
-1.85
2.9
1.79
-1.18
1
0.44
3.1
-3.51
-2.54
-0.65
3.63
-1.69
-2.95
-1.42
1.47
2.82
1.24
3.38
3.69
-2.82
2.98
-2.54
0.09
-0.47
-1.27
-1.63
0.05
2.33
-2.4
0.25
-3.64
3.04
2.13
-0.96
1.96
-0.45
3.65
2.2
0.55
-0.96
1.65
-2.65
4
-3.02
-0.08
1.82
-2.44
-0.03
0.71
-3.19
-2.22
-2.44
-3.01
1.32
3.2
-3.31
-1.2
-1.75
-3.91
-1.38
-3.62
-3.23
2.9
1.21
-1.02
-3.41
0.18
2.02
0.63
-2.09
3.18
3.05
-1.17
0.65
-0.47
1.63
-2.54
-0.89
3.62
0.91
-3.2
-3.92
-2.38
-3.22
-1.54
2.81
2.05
-3.19
-0.16
1.27
-3.25
1.39
2.1
-2.08
-1.34
0.88
-1.55
-1.22
2
-0.68
-2.37
-0.45
3.35
-1.2
-2.36
-1.26
2.73
0.35
-2.22
-2.43
3.23
3.69
-1.36
-0.82
-2.18
-3.71
3.15
2.12
-1.25
0.18
-1.45
-0.63
-1.82
3.36
-2.85
-2.22
-3.06
-3.09
-2.02
2.66
-0.83
2.68
1.11
0.29
-0.72
1.26
-3.26
2.83
3.14
3.73
-3.93
-2.31
3.03
-1.74
2.04
-2.94
-1.25
-1.08
-3.91
-1.64
1.73
0.34
-3.97
-2.18
-3.23
2.26
-2.63
3.99
-2.36
3.86
-2.2
1.81
-1.64
-0.87
2.4
-3.45
-1.42
2.35
3.91
0.57
3.56
-3.68
2.98
-0.98
0.1
-3.15
0.34
3.92
-2.68
-3.91
3.04
2.03
-3.19
3.63
-3.08
2.84
2.64
-0.72
-0.48
1.02
-0.11
-3.24
1.18
3.28
1.92
-1.74
3.34
-0.1
-0.13
1.48
2.49
0.41
-0.98
-0.47
-1.19
1.41
1.36
1.02
1.73
3.92
-2.08
-2.55
2.66
-2.45
-3.18
-0.22
0.99
-1.26
-1.8
3.57
-2.08
3.3
-1.18
-1.12
-3.32
2.79
-0.86
3.7
1.11
-2.17
-2.48
-3.56
0.05
-0.15
-2.39
-1.37
-0.99
1.29
0.82
-0.48
-2.53
-2.38
1.55
-0.39
-0.9
-1.57
-1.89
-0.37
2.46
-1.86
1.27
0.59
-2.31
0.3
-0.44
3.19
-2.42
-3.87
-1.15
0.02
-1.74
1.66
3.92
-0.1
2.39
-2.52
1.41
-1.19
3.95
2.19
-3.23
3.71
1.93
2.69
2.1
-3.71
-2.26
3.21
3.79
2.26
0.68
3.52
-2.77
-1.04
0.56
0.94
2.75
3.75
-3.72
-1.58
-2.95
-1.13
-1.56
-3.2
-2.74
-0.19
-2.29
-2.35
1.23
-2.38
1.02
3.3
-0.31
-3.73
-2.63
1.57
2.67
-0.99
2.21
-0.74
1.44
-1.63
-3.65
0.6
3.34
-1.25
0.42
0.95
3.34
-2.55
-1.27
1.67
-1.48
1.52
1.14
1.9
1.27
1.13
1.42
-1.72
2.59
-3.91
-2.02
2.16
-2.76
1.38
-0.18
-3.04
-2.42
3
2.27
-0.27
-2.46
1.02
0.99
2.68
-1.48
1.84
-2.54
2.51
3.39
0.76
-1.69
-0.22
2.89
3.36
0.78
2.18
-0.86
-0.52
-3.71
-2.46
1.59
-0.08
0.68
1.35
-3.61
-1.81
-0.64
-2.05
2.93
-0.54
-0.64
-3.66
-0.82
3.01
0.12
1.5
-3.48
2.47
-0.62
3.43
-0.34
2.92
-1.11
-2.18
1.78
2.21
3.28
-2.12
-3.4
1.65
1.83
2.11
2.7
0.73
2.14
1.62
-3.66
3.65
2.29
-3.68
-1.52
3.52
3.58
-0.07
-2.6
-2.03
-3.4
3.89
-0.77
3.28
1.65
0.68
-3.91
-3.13
1.88
2.68
-2.97
-1.15
3.57
-1.82
-1.09
-2.53
-2.66
-2.72
1.64
1.25
-2.35
2.45
-3.14
2.5
1.15
-3.12
-3.83
-0.95
0.94
0.14
3.34
2.97
-3.58
-0.19
1.61
3.4
2.65
-2.68
-4
-2.85
2.01
1.82
2.86
3.47
0.59
1.5
-3.93
0.1
1.41
-2.99
2.17
2.3
2.29
0.15
-3.69
-1.85
3.02
0.74
-1.88
0.77
0.5
1.05
-0.07
-2.27
3.35
-1.93
-1.58
-0.24
0.58
-0.48
-1.18
-3.99
-2.72
0.49
3.25
-0.17
3.6
-2.6
-2.09
3.66
-3.2
0.08
1.64
-0.07
1.97
-2.97
-3.33
0.28
-0.5
-0.55
-3.63
-2.09
3.21
-0.76
0.66
-3.04
-2.11
1.12
-3.89
-1.49
-0.93
0.32
3.53
-2.11
2.2
2.16
1.02
-2.2
0.91
0.48
-1.44
1.61
-1.18
-1.54
-0.04
-3.58
3.42
-4
-0.23
2.31
-2.6
2.15
-3.74
-2.88
-0.86
-3.1
-3.19
2.05
3.84
2.28
-2.06
-1.52
-2.72
3.4
0.59
0.48
0.55
-0.25
1.73
3.82
0.02
2.87
3.38
3.02
-3.11
-1.23
3.09
0.74
3.28
0.23
-2.45
-2.12
-2.65
-2.19
-2.89
0.92
0.06
2.4
2.75
1.29
1.34
2.98
-2.03
2.63
-1.47
-3.92
0.32
-0.57
1.88
3.49
-0.13
-0.34
-1.72
-0.05
-1.72
-1.47
2.77
-2.76
-3.77
-3.63
-2.19
0.08
2.77
-0.4
0.73
-3.94
-2.87
3.48
2.28
3.67
-3.58
2.15
1
-3.57
-1.52
1.05
0.89
-3.25
0.49
-3.2
2.45
-0.34
2.86
3.79
-3.65
1.89
3.61
1.4
3.53
2.59
2.16
-1.19
2.17
2.38
-0.53
-2.74
-3.8
2.38
-2.11
-1.53
2.96
0.85
1.15
2.21
3.07
1.73
2.67
-2.16
-2.53
1.24
1.64
2.02
0.76
3.43
-2.08
2.16
1.22
2.99
-0.76
2.85
-3.55
-0.27
3.95
3.7
-2.49
1.61
3.98
2.63
0.96
-2.79
0.85
2.52
2.86
-1.99
-2.15
-2.4
2.51
-3.36
-3.28
-1.37
3.22
1.77
-0.07
-1.71
-3.06
-3.87
2.06
2.75
0.45
1.32
0.04
-2.78
-0.86
-0.95
-1.99
-0.78
0.9
1.46
0.7
-2.54
1.75
-3.96
0.88
-3.75
-3.62
3.13
3.17
-1.26
1.57
-3.68
3.66
0.57
2.26
-3.4
3.63
-1.31
3.8
1.66
2.76
-2.62
3.55
-2.77
-1.83
3.65
1.18
-0.37
-0.62
-0.19
-4
2.63
0.7
-2.95
-0.05
3.27
0.89
3.18
-3.11
-0.32
-2.1
-2.19
-3.04
-0.69
-2.83
0.13
1.67
3.48
-1.04
-1.47
-0.58
3.33
-0.58
3.25
2.71
-0.68
-2.09
0.51
1.87
1.23
-0.92
0.76
-0.25
-0.65
-1.26
2.94
-0.38
2.61
-3.39
2.99
-0.28
-3.56
-2.2
0.12
-0.25
0.94
-3.59
0.24
-3.94
2.04
-2.02
1.7
-3.34
-3.15
-3.62
-3.33
-0.79
1.46
-1.66
-3.37
1.36
-3.63
-2.7
-0.34
-3.4
1.15
2.07
1.61
-3.44
-1.77
-3.49
3.07
2.86
-0.02
2.81
-1.03
1.52
3.3
-0.51
-2.24
-1.1
1.68
0.45
3.84
-0.75
1.38
0.1
-1.1
-1.03
-1.94
-0.27
2.16
0.26
3.99
-2.37
-0.66
3.14
2.15
-0.48
2.61
2.88
-1.2
-0.33
1.84
1.52
-1.09
2.85
0.69
-1.96
1.41
-0.84
-0.09
-2.04
-3.42
1.73
3.68
-0.07
-2.53
-3.6
-0.78
-2.95
-0.83
-1.36
2.5
2.5
-1.64
-1.19
2.87
-1.66
-0.53
-0.16
3.38
-0.22
0.89
-1.11
-3.9
-1.99
2.61
-1.69
-3.67
2.53
3.41
-3.14
1.56
2.91
3.83
0.2
-0.33
-1.75
-2.05
3.42
1.67
1.74
-3.71
1.56
-0.3
-3.84
1.17
3.34
-0.84
-3.9
3.98
-1.65
2.58
-2.43
-0.22
-3.88
1.08
1.69
1.63
1.67
1.32
3.16
-3.94
0.7
-2.36
-1.69
1.09
3.59
2.68
2.16
3.14
0.62
-3.62
0.05
2.17
-2.37
-0.52
3.34
3.19
3.94
0.84
3.28
3.15
-3.77
2.56
1.06
-1.71
-0.02
-0.87
3.7
3.12
1.99
0.63
0.29
-1.91
2.51
1.68
-0.4
-0.09
-2.61
-0.92
1.58
-3.34
1
-3.03
-0.64
-2.04
-1.48
-0.6
-1.86
0.64
1.75
2.51
1.69
-3.18
2.05
-4
3.84
2.15
0.58
-3.98
-2.9
0.46
2.98
3.05
-2.85
4
0.1
-2.04
3.67
-0.04
3.89
-0.58
1.79
0.86
3.27
2.61
-1.85
3.26
-0.81
-0.91
3.77
-3.42
-3.02
-0.95
-2.63
3.48
2.94
-0.54
0.04
2.5
1.84
1.46
3.33
-2.63
-2.03
-2.89
-2.32
1.96
3.83
-0.63
1.87
-3.45
-0.26
2.18
0.76
-1.68
-3.29
-3.18
-2.44
3.45
1.86
-3.43
-1.05
-2.51
-3.75
-3.48
-0.53
-0.08
1.67
-2.33
-2.95
-3.37
1.92
-2.83
2.13
-1.57
0.09
0.42
-1.11
2.15
0.92
0.19
3.44
3.83
1.23
3.21
0.84
-1.2
2.3
3.05
2.77
2.11
-2.1
0.6
-3.37
1.26
-1.5
1.84
-2.88
-2.55
1.64
1.76
-3.71
2.15
-1.69
1.24
-1.36
-1.43
-3.95
-1.67
2.24
0.29
1.94
-0.58
-1.48
-2.33
-2.86
-0.87
0.26
-2.96
-0.32
-3.33
1.63
2.62
-1.1
-1.05
2.74
-2.68
-3.47
-3.14
3.93
2.25
-0.71
-2.57
-3.5
3.16
-0.1
-2.72
1.51
3.99
0.57
-1.73
-1.25
-0.04
-3.19
-1.53
-3.84
2.49
-1.92
2.97
0.12
3.38
-2.43
-3.93
1.78
0.97
-3.87
-2.32
-0.75
3.37
2.51
-2.68
-1.97
3.2
-1.6
4
-3.01
0.5
-1.09
-0.64
1.77
3.86
1.63
0.27
0.47
-2.59
1.93
-2.34
1.8
-3.58
-1.22
-3.76
3.24
-2.44
0.74
-3.45
0.67
-0.78
-0.34
-0.47
3.03
-1.78
2.04
2.14
-2.52
-0.75
-3.77
-0.45
-2.44
-3.19
-2.53
-0.34
-0.43
2.72
-2.81
0.26
-2.25
1.3
-0.39
0.36
3.05
2.47
-0.12
-1.18
0.59
2.26
-1.92
-3.54
-1.54
-2.15
-0.68
1.78
-3.16
3.38
0.34
-0.45
-2.18
3.49
-1.21
-2.78
-2.83
-1.63
-3.9
0.99
2.96
3.12
0.68
-3.48
-3.63
-3.53
2.8
3.37
3.61
3.3
0.49
-3.44
2.34
-0.78
-2.46
-0.77
-2.83
3.77
-2.91
3.71
1.49
-0.3
-1.18
0.2
-1.62
1.64
-1.56
-1.74
-1.49
-1.62
-0.81
0.67
2.36
2.9
-0.13
1.48
-2.42
-2.45
-3.91
-2.02
-0.95
-0.04
2.17
