-3
3.61
2.4
3.96
2.46
1.23
0.18
0.45
-2.35
-1.17
2.53
2.5
-0.26
-0.88
1.81
-3.09
-2.97
2.79
-3.53
3.93
0.83
3.51
-2.2
2.85
2.73
-2.02
-0.78
3.62
2.38
-3
-1.44
2.95
-2.45
-2.91
-1.07
2.97
0.61
-1.29
-3.39
-0.18
1
-2.4
-1.49
-3.79
-1.48
-0.5
3.85
-0.3
1.26
-0.16
-1.83
0.09
2.51
3.26
2.26
1.85
1.81
3.56
-2.77
0.47
-1.99
0.56
2.08
-3.35
-3.74
3.58
0.94
-1.35
-3.82
2.84
0.31
2.33
2.18
0.65
-1.07
-0.78
1
-2.42
0.33
-0.78
-1.87
3.53
-1.64
-1.47
2.83
2.47
-3.56
-1.7
-1.17
1.08
-2.84
1.05
-2.53
0.14
-2.19
-3.57
-0.47
-2.14
3.95
-1.06
2.56
1.2
-0.49
2.42
3.54
-0.16
1.92
-2.15
0.33
-0.96
-3.15
0.22
-0.78
2.01
-1.67
-1.52
-1.8
-0.46
-2.18
-2.21
3.13
-1.36
3.83
-0.9
1.68
3.26
0.86
-1.97
-1.17
-1.51
3.7
-0.86
-2.37
-2.61
0.67
0.94
0.01
-0.05
-1
-1.02
-3.45
2.59
1.97
3.8
0.23
0.94
-2.18
-0.53
-2.2
3.34
2.24
3.99
-3.97
2.16
-0.19
-0.08
1.38
-3.59
-3.27
-3.73
2.99
-0.12
3.03
-2.17
-0.66
1.72
-1.42
-2.17
-2.66
1.4
2.48
2.26
-3.46
2.85
-2.76
-3.46
0.67
-3.98
2.88
-3.26
1.44
-2.61
-3.77
-0.51
0.26
3.71
-0.9
-0.52
1.58
-3.26
3.57
-0.4
-0.79
-1.28
-0.01
0.68
3.57
0.14
0.45
2.51
-1.65
3.99
-1.88
0.41
-3.14
3.99
3.45
-2.81
0.92
-0.73
3.26
1.35
-2.47
4
-1.16
1.6
-0.35
-0.46
1.58
-0.37
-1.38
3.11
0.25
-3.4
1.83
-1.13
-0.96
1.82
-1.15
0.56
-3.03
-3.47
-0.42
-3.64
2.39
1.45
3.27
-0.18
-1.37
0.28
-3.74
-2.09
2.57
-1.69
-2.52
-1.78
-1.94
-0.78
3.89
2.4
-2.97
0.03
2.56
-3.19
-0.11
-0.75
-0.26
-2.48
2.58
1.99
0.94
-2.38
2.34
-3.65
-1.71
2.73
-2.23
-2.83
-2.39
1.4
2.34
3.83
-3.1
-2.7
-0.63
-3.3
-3.46
-2.06
3.12
-0.39
-3.2
3.83
1.94
0.46
-0.47
0.95
-2.03
-1.24
0.47
-0.86
-2.29
1.74
1.25
0.64
3.34
2.65
-0.43
2.21
-3.98
-1.25
-3.55
-3.11
-2.4
-1.52
-3.94
-2.8
-0.88
1.25
1.45
-0.81
-1.29
-2.21
-1.6
-1.04
1.19
1.11
-0.32
-2.13
0.83
1.34
0.75
3.01
0.71
2.48
-0.31
-3.41
-1.42
0.27
-2.04
0.72
1.14
-1.67
-2.09
0.36
-0.84
3.92
2.22
-0.54
0.4
-1.68
-2.17
0.72
1.31
-2.72
-3.58
3.92
-0.66
-1.72
3.46
-1.77
-1.03
-2.31
-2.62
-1.32
2.01
-2.56
0.19
-0.87
2.8
3.47
2.63
2.86
-0.71
-3.27
2.05
-3.63
3.89
2.05
3.8
1.27
2.89
-3.79
1.47
-1.49
-0.49
-3.98
-2.3
-0.58
2.05
-0.22
1.26
-3.71
0.81
3.74
-2.25
-0.56
-3.05
3.23
2.36
-2.28
-0.27
-0.91
0.66
0.93
-0.31
-1.03
-2.57
0.57
-0.77
-3.96
-3.97
1.29
-1.51
-1.82
-0.66
-1.25
0.23
2.87
3.18
1.98
3.75
-3.24
1.09
-0.98
-1.79
2.34
-1.96
-0.45
2.99
-1.39
3.43
-3.35
3.69
2.08
-2.46
-0.2
-0.44
-3.46
2.83
-3.47
2.6
1.13
-3.81
2
-0.26
3.97
1.81
-1.37
0.39
3
3.22
-1.92
-3.95
-3.62
-2.02
-1.03
2
-2.36
-1.29
1.36
-3.07
1.88
1.59
-3.39
-3.39
3.38
1.61
0.42
-3.36
3.54
3.2
-0.32
-3.96
2.65
3.39
-1.39
-3.44
3.09
3.28
-1.75
-3.48
3.42
3.17
3.99
-0.6
1.35
-3.4
3.31
0.09
2.58
1.8
-2.09
1.83
-2.54
3.61
-3.29
3.54
3.58
1.38
0.37
-1.65
-2.61
-2.02
0.85
3.81
-0.47
-1.97
-2.6
-3
3.37
-1.6
2.92
-1.63
-3.54
0.83
-2.49
2.72
1.6
1.22
-0.73
2.78
2.31
-3.68
-1.93
-2.27
1.28
1.86
2.58
3.05
2.67
-0.92
-3.01
-2.3
-1.09
3.9
3.14
1.43
-1.69
-3.82
3.88
-0.69
3.2
2.3
0.72
0.17
2.89
3.55
1.37
0.63
2.09
-2.01
-2.07
-1.64
-1.89
1.59
0.05
-2.94
3.92
-0.89
-1.48
1.67
-0.54
-1.64
-1.67
0.29
-2.59
1.21
3.46
-3.44
1.7
0.09
0.41
1.42
1.35
3.97
3.58
-4
-0.4
1.9
-1.15
1.73
-3.51
-2.06
-3.05
0.67
-2.86
2.64
3.6
1.32
-0.15
2.07
1.52
3.2
1.66
-1.8
3.86
0.84
-0.03
-3.57
-1.24
-2.32
-3.92
0.81
2.94
-2
1.59
0.52
1.01
-1.86
2.01
0.05
1.46
-1.99
-3.74
0.8
1.18
-2.49
-2.6
1.66
-0.85
-1.22
1.61
-1.86
0.72
3.63
2.58
1.21
3.77
-0.85
-3.9
-1.26
0.04
-0.83
-0.86
-2.84
1.65
-0.31
-0.99
2.96
3.09
0.63
-2.38
1.46
3.32
3.8
-3.39
-0.5
2.93
-3.14
1.02
2.35
-0.57
2.31
1.29
3.99
0.08
1.95
-3.91
3.32
-0.57
-3.63
0.75
-2.14
-1.97
-0.74
-3.99
-1.71
2.88
3.1
3.15
-2.51
2.5
-1.55
2.58
2.53
-2.85
-3.85
-1.18
0.92
3.02
-0.92
2.29
2.91
2.13
-2.24
3.32
1.73
1.89
-0.85
1.09
3.7
-0.4
-0.31
-0.47
2.71
3.88
3.76
-0.58
0.05
3.79
2.32
0.62
3.83
-2.29
-0.47
3.85
-3.03
3.74
2.77
2.83
-0.08
-0.88
-0.83
-3.7
-3.65
-1.91
1.85
-0.26
-3.73
-0.05
-1.72
0.41
-0.28
-1.99
3.46
1.9
-1.2
2.93
3.87
2.65
-2.6
0.74
2.78
1.14
-3.31
2.46
2.46
1.19
-1.41
-2.08
2.34
2
3.13
0.33
-2.84
0.57
-3.58
-0.61
-0.83
0.62
-1.98
0.02
-0.86
-3.91
1.5
-2.09
-3.11
1.82
-1.75
1.64
1.04
-1.95
3.87
-3.89
1.43
3.19
0.35
2.04
3.61
-2.11
-0.36
-3.35
-2.86
2.35
1.61
0.29
1.28
3.4
-3.16
-1.11
1.47
3.42
-0.25
-0.75
0.63
1.39
-2.41
2.68
3.64
2.79
1.56
-3.37
-1.06
0.96
0.88
0.28
2.14
3.02
2.9
-2.02
-3.79
-1.62
-0.21
-2.72
-3.03
-2.64
-1.13
0.8
-1.52
-2.79
0.63
-2.5
0.98
3.36
-3.84
1.63
2.31
0.61
-0.51
-3.96
1.6
1.67
2.41
-3.18
0.33
-1
1.72
0.19
-2.54
-2.67
2.16
2.27
-3.5
2.86
-1.33
-0.91
-0.38
-1.53
-1.73
-0.74
-1.49
0.8
0.19
2.43
-1.85
0.06
-0.35
-0.42
0.79
3.26
1.98
-2.48
-0.48
2.86
0.39
-1.45
-0.02
-1.03
0.95
1.97
-0.35
2.68
-0.67
-2.85
-0.94
2.36
-3.01
2.12
0.69
1.08
-2
-0.16
-1.67
-3.77
1.53
-3.2
-2.53
3.98
2.67
-3.74
3.36
-1.87
3.4
-1.79
-0.65
0.63
-1.26
-2.36
-1.53
-3.88
3.11
-3.35
1.52
0.3
3.61
-0.16
-2.54
-0.96
-0.63
-0.21
-0.94
1.53
2.9
3.72
1.25
-1.86
3.19
-0.71
-2.68
-0.42
-2.92
0
0.3
0.68
2.62
-2.49
3.29
-2.88
1.81
2.43
-0.39
3.35
-0.35
0.56
1.97
-2.65
2.32
2.03
-3.38
-2.31
3.34
2.44
0.61
-1.12
1.2
-2.18
-0.76
3.68
0.96
-2.8
1.44
3.46
-3.68
2.89
3.05
-0.9
0.35
-3.16
1.69
2.1
0.55
-3.66
1.23
0.94
-3.83
-0.29
-2.12
-1.67
-2.26
-0.1
-0.17
-2.85
-1.33
3.63
0.25
-1.36
3.4
-2.58
3.48
0.8
2.28
3.61
0.16
0.6
-3.01
0.16
3.03
0.76
1.52
-1.13
1
1.48
-3.66
-1.48
1.14
2.99
-2.8
3.68
-1.3
-2.52
3.94
-3.1
1.93
-2.95
1.38
0.28
0.78
-3.31
-1.36
0.4
-0.29
-1.07
-2.64
-3.12
3.83
0.95
0.18
-3.37
-0.05
0.01
0.69
1.12
0.82
2.88
2.91
2.36
-3.19
-3.86
-1.52
1.26
-2.57
3.72
2.72
1.99
0.86
1.37
-2.33
-0.9
3.22
0.71
3.38
2.33
-1.88
-2.88
3.16
-1.94
0.11
3.46
-1.3
-3.81
-1.19
-3.43
-0.27
2.69
0.8
-1.18
0.09
3.06
-1.85
3.03
-0.53
0.63
2.21
1.38
-1.04
-0.01
0.21
-0.63
0.03
-1.55
-0.73
-2.93
-2.59
3.24
0.63
2.36
-1
-0.31
3.72
0.84
-1.76
-2.65
1.44
-1.71
-1.55
-3.14
-0.01
-3.97
-2.81
-1.96
-2.72
-1.38
-3.05
-3.81
-2.76
-1.26
-3.89
0.74
2.16
-0.83
1.86
-3.26
-0.57
-3.75
0.93
-2.27
3.17
0.49
-1.95
2.44
3.83
-3.61
3.34
1.31
0.79
-1.89
3.2
-0.08
-1.07
-1.9
-4
0.18
-1.83
-2.01
-2.84
-3.35
-3.88
-2.79
2
-2.12
2.25
2.26
1.54
0.55
2.99
-2.51
1.92
1.19
1.36
-3.28
-2.31
3.5
1.98
-1.24
-1.78
-3.11
-0.72
-0.36
-0.59
3.13
-0.45
0.2
-2.19
0.06
-0.83
-2.33
2.57
-2.56
3.1
0.28
-2.4
1.95
2.5
-3.84
-3.81
-2.44
-1.14
-1.21
2.33
-0.71
0.19
-2
2.56
-1.79
-3.6
-3.5
2.21
3.42
3.77
-3.73
1.38
0.48
1.81
2.88
2.34
-1.96
0.45
-2.53
-2.62
1.31
-1.07
0.48
2.09
-2.92
3.12
-0.25
-3
1.81
-1.44
-3.35
2.03
-3.52
1.31
-3.89
-1.07
-2.45
1.64
3.6
-0.35
-1.34
-0.54
3.15
-2.33
2.83
2.91
1.12
-3.87
3.62
-2.17
2.15
1.11
-2.62
-2.59
-2.99
-3.64
3.72
-0.08
1.48
-0.91
0.66
3.5
-3.6
0.86
3.11
-1.76
0.89
3.17
1.69
-0.06
0.78
0.41
0.85
1.83
2.72
-2.15
-0.22
-1.2
3.27
-1.82
-2.01
-0.39
-2.61
-0.03
0.42
-0.45
0.65
3.08
0.3
3.76
-0.79
1.64
-3.85
0.51
3
-0.84
-0.94
-1.71
-1.44
0.59
-1.99
1.96
-1.56
-0.33
1.05
-2.26
-3.74
-0.44
-1.31
3.17
0.58
0.91
0.65
-0.7
-2.91
-2.96
2.11
0.43
-3.56
-0.44
1.59
1.82
-1.13
1.94
-3.27
3.15
0.25
-3.66
2.83
-0.45
2.79
-2.52
-3.76
-1.32
-3.84
0.04
-2.84
1.72
2.92
-1.33
-0.71
-2.91
0.38
1.13
-0.83
2.31
-3.02
0.86
-0.59
1.95
1.06
2.64
-2.15
3
3
0.2
-0.92
0.51
-1.06
1.9
1.49
3.92
0.73
3.14
-3.62
-0.9
0.67
-2.03
-0.87
1.06
3.89
-3.61
1.51
1.77
-3.73
0.5
-2.57
1.75
-1.24
-1.58
2.17
3.39
0.93
-3.12
2.5
-3.85
3.63
-2.76
-0.31
-0.04
-3.04
0.65
-1.23
-2.99
1.19
-0.63
0.36
1.24
0.75
-3.93
-2.37
3.02
-2.28
2.36
2.07
0.67
-2.88
0.09
2.73
-1.51
-1.24
1.33
-2.25
-3.49
3.74
2.1
-1.01
-0.15
-3.36
-3.77
-0.53
-0.57
2.29
3.17
0.09
-0.77
1.62
0.5
-3.43
0.91
-3.87
0.19
-3
-1.32
-3.21
3.15
1.66
2.58
-1.19
-2.17
3.03
-0.46
-1.49
-2.81
-2.8
-0.37
-1.1
-1.75
-2.72
3.09
-3.63
-3.49
0.6
0.51
0.61
2.2
-3.27
-1.44
-1.74
-1.16
3.05
0.63
-0.49
-2.19
-1.65
2.58
0.33
3.07
3.73
-3.42
-3.57
0.42
-2.97
2.82
-2.8
3.94
-3.09
1.09
1.97
-3.54
-3.68
-0.63
-0.78
-2.51
0.53
3.63
3.6
0.49
2.08
-1.41
2.42
-0.9
0.31
3.98
-1.22
-1.6
-3.98
-3.3
2.84
-1.38
3.3
-0.16
-1.47
-3.31
2.65
-0.04
3.49
1.78
-0.69
0.67
1.29
-0.36
0.59
-2.2
-1.49
-0.32
-2.59
-1.98
1.28
-1.27
2.98
3.85
-3.02
1.13
-1.83
1.34
-3.9
-2.95
0.03
2.8
3.91
-3.79
2.26
-0.66
-2.84
0.49
-3.17
-1.48
-1.16
-3.43
-3.87
-2.19
-2.83
-2.59
1.31
-1.23
2.51
-1.49
1.47
3.11
-3.01
2
-0.58
0.1
-0.35
3.45
-1.15
1.4
2.52
-2.69
-0.15
2.43
-2.25
0.51
0.77
1.08
1.39
-2.76
-3.37
2.02
-1.16
2.89
3.18
0.71
-1.4
1.16
2.68
3.58
3.83
3.4
2.83
1.6
-0.41
0.92
1.81
-2.1
0.79
-1.85
3.7
-2.29
-2.36
-0.56
0
-2.47
0.72
-2.3
-3.94
0.66
0.64
-3.78
1.38
1.27
-2.13
3.45
0.27
-1.89
2.82
2.72
-2.5
2.5
-3.23
-0.72
1.57
3.13
-1.52
2.25
-1.16
0.83
2.71
-1.14
-3.72
-0.76
-2.45
2.92
0.38
3.41
-1.12
1.65
3.99
-3.11
1.09
-1.99
-1.07
3.6
-1.99
-2.44
-0.27
0.14
-3.35
-0.3
-0.92
2.08
-3.36
-2.8
-3.07
2.36
1.87
0.88
3.05
2.48
2.86
-0.77
1.95
-2.23
3.95
-1.86
-0.29
-1.05
-0.93
0.86
3.23
-2.83
2.73
-3.4
-2.6
2.77
-3.66
1.98
1.11
-3.08
-1.48
2.71
0.18
-0.99
3.79
-1.79
-1.41
-3.65
1.98
2.02
-2.46
2
2.6
-2.49
-1.97
-2.14
0.06
-2.84
3.66
3.88
1.85
-3.22
-2.94
-0.21
0.47
-2.09
3.35
-3.97
3.81
-1.83
2.02
3.9
3.78
2.13
-0.05
-3.85
3.06
-1.06
-2.01
1.73
3.55
-0.64
0.97
1.06
-0.68
-2.78
-1.43
1.22
2.58
3.54
-1.3
3.19
2.32
1.24
-0.93
-2.26
1.65
-3.62
2.54
1.88
-1.13
-1.45
-3.45
