-4
3.61
-2.09
2.39
-0.12
-1.62
-0.18
-2.6
-3.59
2.47
2.31
0.57
-3.04
2.79
-0.83
3.19
-2.71
-3.98
3.84
-0.98
1.5
-2.59
3.4
-1.87
0.54
2.1
2.96
1.1
-1.62
0.76
-2.91
-2.25
-2.09
3.4
-2.35
-3.36
-1.73
1.97
-2.99
-3.62
0.69
3.2
-1.69
3.69
-3.72
2.96
3.74
2.95
-1.97
-1.77
-2.71
-0.68
-3.21
-1.42
1.96
-0.97
-3.79
3.78
-2.16
1.79
-0.57
2.73
3.03
-0.34
1.38
0.55
-1.35
-2.43
1.14
-1.48
0.91
-0.67
3.02
3.46
2.34
2.31
3.11
3.72
-2.15
1.58
2.36
-3.99
-0.93
-3.86
-0.54
1.77
-3.04
3.34
-2.56
2.62
-3.57
-1.5
0.13
-0.78
0.96
1.97
-3.84
2.65
-1.7
-0.26
0.31
2.17
-2.19
3.51
1.32
1.97
0.31
-2.66
0.24
3.66
-0.07
-3.5
1.92
0.26
3.44
-0.59
-0.34
2.88
-3.81
3.61
-0.42
-0.68
-3.87
2.52
-1.92
-1.59
3.2
-0.21
-1.51
-3.64
2.14
-3.55
1.41
2.12
-2.73
-3.81
2.2
-0.44
-1.17
1.5
-2.54
3.63
-0.91
-2.22
-1.31
3.94
0.58
3.87
-0.21
-2.46
-1.69
-2.72
2.46
-1.3
-3.85
-3.02
2.03
-0.7
1.42
-1.09
2.78
-3.49
2.85
-0.12
-2.49
-0.53
-0.9
3.81
-1.02
3.24
1.22
-3.91
0.05
-1.3
2.15
-0.04
-3.78
2.35
-0.18
-1.85
1.83
3.33
-4
-3.06
2.06
0.86
-2
-1.3
1.97
-3.71
-1.84
-1.1
2.14
3.93
2.73
-3.05
-3.23
3.22
-3.73
3.23
0.84
0.77
0.89
0.55
0.33
-1.79
1.24
-0.24
0.56
0.19
-3.24
3.69
3.48
-0.73
1.08
3.45
-3.5
1.9
1.82
0.66
-2.54
-3.61
-2.16
-1.31
1.08
-1.69
-2.05
0.13
-0.02
1.19
-0.82
-2.99
2.08
0.59
1.31
-2.95
-1.56
-0.55
0.62
-0.15
3.62
2.25
2.15
-2.23
3.53
-1.52
-0.58
-1.13
-1.16
3.28
-3.56
-1.13
-2.61
-0.38
1.77
0.45
-1.07
-1.81
3.48
-1.98
-3.74
-2.89
3.78
3.37
-3
3.75
-2.4
-1.11
1.97
0.03
1
1.05
-2.72
-2.03
1.04
-0.78
-1.76
-3.93
-0.84
-1.41
2.89
3.09
-2.72
0.7
0.75
-3.69
3.62
-1.54
2.83
-3.15
2.13
-3.76
-0.02
-1.4
-0.42
2.51
2.47
2.79
-3.24
3.79
-3.13
-3.47
0.91
2.82
-1.73
-0.61
-2.41
3.43
2.58
-1.45
-1.8
-1.14
3.04
0.88
-0.87
-2.83
3.83
-0.92
-1.39
-3.31
-3.87
3.15
0.06
1.11
1.9
0.76
-2.94
2.69
2.39
2.53
0.75
-0.54
3.31
-0.62
-2.28
2.35
-1.82
-1.53
-1.58
-2.64
2.72
-3.82
-0.12
0.28
2.66
-0.74
-2.79
3.11
3.47
-1.59
2.69
-0.61
0.17
-3.93
3.65
-2.28
0.48
3.81
-3.09
1.52
-1.68
-1.1
-2.96
-3.95
1.8
2.74
-0.44
-0.35
-0.85
0.78
3
1.35
-3.35
-2.75
-2.03
3.95
-0.73
3.78
2.45
-1.37
-0.46
-2.04
3.22
-0.02
3.85
-2.64
3.3
3.23
-0.27
4
-2.13
-1.62
-2.44
0.91
3.04
-0.18
3.15
-0.17
2.49
3.92
3.71
1.57
-0.05
-1.32
-0.59
-2.67
-1.27
-1.09
2.1
3.71
2.46
0.7
-2.65
2.28
-2.03
-3.64
-0.32
1.06
-3.8
0.44
3.45
0.33
3.92
-0.84
-1.09
0.62
-0.21
-0.25
-1.78
2.16
-3.2
3.45
-2.71
2.54
-1.07
1.98
2.01
0.54
-3.44
2.51
2.64
0.39
-2.88
0.03
-2.46
1.17
-2.98
-0.71
-1.07
2.68
-3.87
-1.92
-0.38
-1.95
-3.53
-0.62
1.65
-3.21
3.77
2.79
1.55
2.98
-3.31
3.95
2.91
3.02
-0.6
-1.19
-0.65
0
-1.64
3.15
0.5
-2.3
1.8
-0.94
-0.8
-0.11
-2.38
1.74
-0.41
-3.5
-3.18
-0.45
2.03
2.72
-0.18
3.25
2.06
3.55
-3.67
1.21
0.77
-2.22
-3.04
3.67
-0.31
-2.82
1.13
-1.47
-2.23
2.21
3.94
2.93
0.31
-3.02
1.59
-2.09
0.25
1.42
-3.82
-2.25
3.18
-1.98
-0.81
1.04
2.15
1.15
-2.09
-3.82
-0.81
0.15
0.76
-0.2
-0.33
1.15
-1.63
-1.28
-3.26
2.14
3.37
-1.99
2.76
3.1
-0.03
1.39
-3.44
-2.1
3.24
1.04
-2.88
-2.1
-1
-3.36
3.37
2.58
2.04
-1.26
2.59
-0.08
-2.49
2.55
3.27
0.94
3.34
1.62
-2.55
0.14
-0.74
3.17
2.61
-1.13
-2.83
2.12
2.05
2.17
-1.01
-3.93
2.06
1.81
0.48
0.25
1.92
0.88
3.07
-2.72
-2.85
0.11
0.44
1.09
3.11
3.64
0.13
0.83
0.62
-3.18
-1.26
-2.18
3.76
2.36
-0.07
0.43
2.64
-3.94
2.43
2.25
-3.27
0.89
-1.4
-2.81
-0.42
1.96
0.69
-3.23
3.44
1.27
-3.37
-1.61
1.88
2.05
0.46
1.35
3.7
2.18
-3.95
2.98
2.74
0.35
-2.51
1.23
-0.58
-2.83
-3.68
3.7
-2.12
-3.96
1.61
1.85
2.45
-3.19
-3.45
0.27
-2.5
-0.76
-2.5
-2.85
-1.06
-0.64
1.39
3.35
-3.82
-3.65
-0.05
-2.3
-2.11
2.58
0.74
-3.54
-3.99
3.45
3.51
0.38
-0.61
1.38
1.77
-1.59
1.64
0.99
2.89
3.4
3.67
-1.22
-0.06
1.06
1.49
-3.81
-0.15
0.45
0.67
2.91
0.04
-0.62
2.97
-1.86
1.04
-0.93
1.23
2.62
1.81
-0.69
-0.69
1.15
1.84
3.01
-2.69
0.18
-3.13
0.13
1.48
3.1
-0.48
1.96
0.47
2
3.69
1.41
0.41
2.89
0.22
-2.3
-1.27
-3.72
-0.21
-2.89
-0.59
0.13
1.42
-2.76
-3.67
-1.3
1.18
3.03
3.19
-0.42
0.08
-1.49
0.95
0.94
-0.25
-2.69
3.32
3.73
2.98
1.57
-0.61
2.08
2.91
-3.03
-1.54
3.64
2.66
2.34
-1.6
0.1
-3.43
-0.97
-2.65
0.73
-0.41
1.18
2.76
3.63
-0.21
-1.23
-2.08
0.5
2.78
-3.11
-2.09
1.17
-3.55
3.48
-0.86
-1.1
-1.61
-0.99
-2.69
2.22
1.73
1.34
1.22
0.45
2.79
-3.3
0.05
2.84
0.62
-0.92
-1
-2.95
-2.84
-3.78
-2.65
2.57
-1.44
3.69
-0.07
0.2
-0.35
2.9
3.31
2.02
3.06
1.3
3.18
3.18
-0.81
3.51
-2.29
1.57
-2.29
-0.87
3
2.26
3.97
-1.69
-3.16
-0.92
2.73
-0.92
3.88
-0.31
1.89
-3.14
0
-3.78
2.13
0.58
-3.66
-1.3
3.08
1.11
-1.43
2.84
2.03
3.21
1.39
-2.51
-2.48
0.87
-0.36
1.12
-2.63
1.43
3.34
2.03
-2.78
-0.9
2.6
-3.76
2.84
-3.15
1.48
-3.43
3.02
-0.38
-3.87
2.2
-2.71
2.96
-2.95
2.62
3.17
3.01
2.5
0.61
-3.44
-3.84
-3.78
-3.24
0.92
3.36
-2.45
-2.15
3.44
-1.25
-1.69
-3.55
-2.48
1.98
3
-0.97
1.98
-3.91
-0.13
2.22
3.63
-2.01
3.82
-1.59
3.08
3.19
-3.8
-1.43
-0.18
1.03
1.96
-1.63
2.93
-1.27
1.46
-2.95
-1.13
1.84
-0.68
3.49
3.3
-0.37
-2.87
0.27
-2.7
3.68
0.68
-0.69
3.96
2.03
-3.37
3.07
-0.87
-3.72
0.98
2.57
-3.65
1.82
-2.32
1.73
3.16
2.99
2.04
-1.59
0.79
3.94
-2.48
2.8
-3.49
1.95
-3.85
-3.86
0.77
0.38
2.92
0
-3.14
-0.46
-2.9
3.4
-1.49
0.89
-1.39
1.79
0.4
2.89
3.24
2.65
1.75
2.9
-3.31
1.06
0.15
1.6
-3.67
-3.69
1.59
2.73
3.48
-2.63
2.15
1.88
-1.2
-1.99
1.87
-3.52
-1.7
2.76
-2.64
-3.02
1.71
0.81
0.71
-1.71
-0.78
-1.74
0.37
-3.76
2.01
1.9
-3.31
-1.13
-2.95
-2.38
1.25
-0.9
-0.01
3.18
0.05
2.61
2.42
-1.86
0.07
3.74
-2.76
0.63
-1.92
-3.4
3.93
-0.09
0.59
-3.52
1.29
0.77
-2.82
-0.11
-3.66
-2.14
-1.63
2.07
-0.06
1.34
-3.29
-2.43
-3.33
-0.73
0.83
-2.82
0.76
-1.23
0.5
-0.87
-1.3
-1.25
-1.43
-0.43
-3.26
0.98
-2.96
2.59
-3.83
-0.24
-3.68
-1.9
-2.69
-3.8
1.59
0.29
-3.57
-2.64
-1.25
-1.87
0.8
1.99
-1.34
-2.93
-2.58
-1.51
3.06
1.97
3.8
-3.1
-0.16
1.15
3.42
-2.54
1.79
-1.47
-1.8
1.62
-0.86
-0.63
-3.19
-0.21
1.89
-3.82
1.01
2.62
-3.75
-3.54
1.69
-3.46
-3.26
-0.6
-3.99
-1.63
2.33
0.72
-3.92
-2.51
-1.85
2.25
1.92
-0.93
2.79
3.28
3.92
-0.83
-1.32
3.86
-1.58
-0.95
-1.92
-1.19
2.22
3.39
-2.69
-2.99
-3.91
-1.52
0.06
-1.2
-1.76
2.59
-3.72
3.26
-3.85
-3.56
1.14
1.04
-0.87
-2.93
-1.55
-3.3
-0.53
0.9
1.45
1.74
1
2.62
-3.74
-2.17
-0.07
-3.6
2.05
-1.37
2.46
1.94
1.19
-3.37
-2.95
1.32
0.63
1.61
1.43
3.35
0.01
3.34
-1.21
3.54
3.12
3.48
2.04
1.65
0.72
-2.65
-3.4
-2.62
3.35
-2.68
-2.07
-0.43
0.01
-2.53
-1.79
-1.77
2.87
-2.17
-3.47
1.66
-3.21
-1.78
-0.75
0.51
-0.02
1.81
0.45
0.84
-0.72
0.12
-3.11
2.12
-1.05
1.47
3.5
-3.22
-0.2
2.29
-0.32
0.7
-1.98
1.08
2.59
-0.13
2.7
1.49
-2.69
-0.85
-0.61
-0.8
-3.53
-1.83
2.8
1.14
2.74
0.9
0.22
-2.47
-2.34
2.92
0.91
-0.23
2.11
-0.78
-3.57
-0.18
-3.38
2.54
-2.02
-2.57
2.43
-3.42
2.16
-0.16
-0.37
-0.29
-0.36
3.39
1.82
2.5
0.5
-2.71
-2.55
-3.93
-0.35
2.72
3.33
1.82
2.73
-1.4
0.57
-1.73
0.63
0.77
3.8
2.26
2.98
-0.64
-0.56
-1.13
0.87
-1.23
-2.84
-2.04
0.77
3.9
0.02
-1.05
-2.5
-0.98
-2.74
0.84
-0.28
-0.84
-1.59
-0.39
-1.69
2.03
3.58
-2.29
0.5
-1.2
3.81
3.38
0.86
0.16
-0.04
-2.62
0.04
1.37
0.74
-3.73
-0.05
-1.06
-2.37
-2.27
-3.87
3.5
-0.69
-0.24
-1.31
0.37
0.31
-0.3
-2.66
3.74
2.56
-2.54
-1.64
0.19
-0.05
-3.05
-0.21
-2.28
2.38
-1.94
-1.04
-2.21
1.1
-3.39
-0.06
-1.36
2.91
0.13
2.29
-3.02
-3.12
-3.23
-2.48
-3.33
-0.52
-1.18
-1.28
-0.18
3.03
-3.87
2.49
0.11
2.03
1.13
1.61
-1.51
3.03
3.86
-2.58
-0.21
0.48
-1.78
0.56
3.58
2.77
2.34
-1.61
-1.31
3.83
-3.95
1.46
-3.82
1.42
-3.65
2.85
1.78
3.94
-2.32
-3.29
-2.87
2.24
3.98
-1.3
2.25
-0.43
2.86
-0.24
3.97
-0.99
-2.56
-0.38
3.06
-1.29
-1.5
0.5
2.67
0.22
-2.05
-2.09
1.14
-3.58
-3.98
0
2.97
-1.33
2.31
2.69
1.67
2.29
3.83
-1.45
1.34
3.15
-3.71
1.56
0.51
3.53
2.32
0
3.92
-1.43
-1.57
3.69
2.38
0.44
2.41
1.48
-1.08
-0.14
-3.82
-2.44
1.99
3.78
-0.43
-3.3
2.21
-0.03
-0.27
-0.43
1.27
-3.84
2.09
-2.32
-0.82
2.89
2.28
3.91
-1.59
0.95
3.99
3.14
1.9
1.95
-2.01
-1.43
2
-3.67
1.62
-1.47
0.27
-3.17
-0.23
-2.19
2.11
2.27
0.57
1.57
-0.42
3.59
3.35
-3.47
-0.2
-1.25
2.74
3.75
0.48
-3.25
0.51
3.5
2.16
2.5
-0.94
1.98
-0.13
-2.96
-0.34
-3.97
1.78
-3
-1.29
1.87
2.36
-2.81
3.3
0.43
0.4
0.28
-0.43
0.92
-1.68
-3.29
0.33
-1.18
1.6
3.45
-0.66
-0.85
3.22
-1.75
2.09
1.24
-0.17
2.13
0.37
1.78
1.77
1.8
1.95
1.07
-1.4
0.53
3.79
-1.42
0.88
-2.53
-1.82
-1.4
-0.55
-1.7
-0.65
-3.8
1.18
3.59
1.18
1.45
-1.83
-3.76
-3.63
0.42
1.7
-3.49
-3.18
-0.47
-1.08
1.47
-1.96
-3.77
0.82
-2.49
2.66
2.6
2.34
2.51
-1.69
1.79
-3.08
-2.26
1.95
0.13
1.27
-3.26
3.7
0.91
2.91
1.88
-3.94
0.24
-3.05
2.93
-0.4
1.53
1.43
-2.48
3.37
-1.91
-0.29
0.25
3.67
3.41
3.44
-2.05
1.78
-2.07
-0.36
0.75
-2.13
2.67
1.28
3.4
0.53
-3.58
-1.71
0.25
3.15
0.96
-3.19
-0.09
0.63
1.04
1.41
1.8
3.28
1.9
1.91
-2.87
-2.83
0.81
3.15
-3.78
-1.93
0.67
-1.92
2.55
0.69
-0.68
-1.04
1.76
-2.74
-1.85
0.01
-2.61
2.97
-2.44
-1.6
-0.82
-0.76
-2.83
-1.62
-1.6
-2.73
3.8
3.63
-1.37
-2.01
-2.37
-1.33
3.89
0.02
-1.49
-0.43
1.07
3.53
1.05
1.32
3.86
2.34
-0.25
3.56
-0.17
-2
-0.94
-1.35
-1.53
-2.98
0.01
2.83
1.72
-0.5
-1.27
1.9
4
-1.57
0.75
2.95
-1.73
1.05
3.46
0.55
-0.94
-3.36
-0.92
-2.27
2.75
2.59
2.95
-2.14
-2.09
0.24
-1.46
0.84
3.49
-2.38
2.55
-3.6
2.22
1.15
1.16
-2.4
1.98
-1.2
0.95
0.38
-2.71
0.62
-0.43
-1.37
-1.22
2.1
-0.95
-1.19
2.88
3.21
0.5
-0.82
2.92
-2.68
-0.09
-0.11
-1.93
-1.85
0.92
-2.52
-3.05
1.89
2.41
2.38
-0.12
0.34
-3.27
1.13
3.89
1.86
2.57
-3.75
-0.3
2.7
-3.56
-1.88
-0.99
0.31
