-10
3.79
1.71
-1.38
-3.89
3.04
3.17
-0.62
-1.6
0.23
2.64
0.43
2.38
0.27
3.62
1.17
-3.97
3.99
-2.04
-3.63
-1.45
1.46
2.09
-3.33
-2.26
1.18
1.72
0.56
-3.36
2.14
0.83
-2.94
3.18
2.98
-2.49
-3.65
-2.93
0.35
3.77
0.1
-0.83
3.85
-2.7
2.55
-0.53
-0.94
-0.68
-0.51
-2.97
-2.94
3.17
2.14
-1.59
-3.38
-2.79
1.39
1.15
2.93
1.73
0.29
-1.02
2.82
-1.34
0.69
1.24
1
0.97
-0.54
-0.66
2.1
2.54
-0.96
2.54
-1.59
-0.01
-3.51
0.97
0.8
-3.01
1.48
1.19
-0.26
3.28
2.03
-0.68
2.59
2.15
3.22
2.49
2.46
-2.97
2.78
-1.66
1.63
3.82
1.65
2.93
-1.43
1.29
0.93
-1.19
0.24
1.79
0.45
-0.98
0.02
1.47
0.84
0.73
1.99
1.72
2.56
-1.35
0.63
0.73
3.2
-3.82
-4
1.8
-2.5
-0.41
3.69
