-8
3.93
1.99
-2.16
-2.3
-1.8
-1.29
3.87
2.23
-3.15
2.42
-3.92
-2.32
-1.11
-0.55
-1.52
-1.72
3.64
-2.05
-1.48
2.21
1.09
-1.71
0.48
-1.24
0.24
1.03
-2.91
-1.3
-2.2
0.77
-1.33
-1.11
3.24
1.05
-0.32
2.11
-1.87
-3.89
2.42
2.51
1.67
3.47
-3.35
0.16
-2.24
3.88
3.45
-1.31
0.9
1.9
2.86
2.99
-2.54
0.31
0.85
0.22
2.53
0.78
1.31
0.05
-0.58
-3.49
-0.05
-2.2
3.9
-1.01
-0.49
3.86
2.12
-2.22
1.13
0.17
-1.18
2.12
-1.23
0.45
-3.07
3.45
-1.55
-0.85
3.75
-3.99
3.52
-3.36
-2.55
0.44
3.98
-2.32
-3.93
3.14
-1.79
-3.12
1.54
-1.81
1.61
-2.42
0.68
-3.03
0.26
2.39
0.18
0.12
2.3
0.43
2.56
1.87
-1.83
0.39
2.06
-1.63
3.43
-1.62
-1.86
3.3
-2.94
1.86
-4
-3.01
-1.91
3.62
-0.98
