-5
0.84
-3.69
3
-0.84
0.18
-3.53
-2.42
-1.95
2.13
-2.2
0.88
1.11
-0.29
1.68
-0.22
-2.68
3.61
0.06
-0.48
-3.13
3.66
-2.05
1.33
0.73
2.99
0.47
3.7
0.97
0.25
3.46
-2.67
0.6
-1.17
2.6
2.44
0.87
1.42
1.27
3.9
-0.07
3.37
-3.71
-0.19
-3.05
-1.03
-2.74
0.53
-3.3
-3.51
3.58
-3.95
-0.68
-2.73
-1.93
3.38
3.88
-1.28
1.49
0.17
-1.24
-2.98
-3.99
-1.85
3.92
-1.6
3.79
2
-2.44
2.6
-2.25
-2.56
0.47
-1.2
2.94
3.83
-1.37
-2.14
-0.12
-1.25
-3.26
-2.59
0.79
-2.36
3.52
1.17
-2.52
-3.49
1.03
-3.82
-3.55
-1.05
-3.49
-1.68
-2.57
0.22
3.43
1.01
-2.38
-2.75
-0.97
-1.95
3.25
-1.61
2.69
-0.82
-1.84
2.39
-0.94
1.07
-0.47
-0.69
2.85
-3.59
-1.05
-1.01
2.87
-1.09
-1.15
0.28
3.09
1.01
