-5
-1.79
3.29
3.75
-1.29
-2.94
-2.1
1.72
2.68
-1.44
1.77
-1.25
2.47
-1.81
0.69
1.99
3.37
-0.69
-0.63
-1.13
0.92
2.75
-3.62
-0.59
-0.17
-3.94
3.22
-0.95
2.31
-3.25
-3.41
-3.64
-1.71
-1.02
-2.12
-1.08
-1.52
1.36
3.24
-2.58
3.6
-1.67
0.1
-0.88
1.06
-3.08
-0.45
1.94
0.55
3.57
2.02
-3.19
-3.17
1.89
3.08
-1.85
-0.4
1.74
-2.93
-1.98
-0.06
0.21
-2.84
-0.38
0.32
2.29
1.85
-1.9
-3.63
-3.72
-1.04
-2.2
1.84
-1.63
2.29
2.22
0.67
3.84
3.29
-3.27
2.72
-0.44
-3.77
-3.18
2.69
-3.17
3.47
-2.96
-0.79
-2.45
0.26
0.64
-3.05
2.07
3.63
2.66
2.26
1.6
0.1
2.7
0.81
1.57
-0.9
-1.47
2.8
0.8
-1.98
2.82
3.71
2.43
-2.05
-0.93
0.25
0.65
1.78
0.28
2.12
1.98
-1.06
-0.51
-2.84
-2.25
