-2
-0.22
-3.35
1.15
-0.48
1.57
-0.26
0.76
2.67
-3.66
1.22
0.38
2.92
-3.28
-1.45
-2.74
2.13
1.87
-4
-3.63
-3.81
3.87
3.97
-1.98
3.5
-1.31
-1.67
1.83
-1.75
0.9
-2.98
1.94
0.4
-2.31
-2.62
1.51
-2.44
1.81
0.87
1.46
2.9
-1.82
1.04
-0.11
-3.78
-3.13
2.23
-3.28
1.91
-2.95
3.08
2.53
-1.53
-3.25
-0.34
3.64
-0.67
-3.22
1.21
2.99
-1.03
1.64
-3.49
3
-0.9
2.77
1.93
-1.97
3.74
-3.97
0.26
2.6
-1.43
2.52
1.41
1.34
2.19
0.47
-0.47
-1.66
3.45
3.43
-1.22
-3.88
0.1
0.91
1.32
-1.91
3.23
-1.06
-3.67
1.51
-3.04
-2.45
-3.72
-0.82
2.95
0.46
2.89
-1.81
-3.86
0.61
-0.95
3.27
-1.58
-1.81
2.51
-2.9
0.2
0.25
-2.76
-0.27
-1.6
-2.09
0.68
-0.25
-2.93
0.19
0.76
2.47
3.76
-2.22
