-9
-2.76
0.99
-1.36
-3.89
3.04
3.17
0.56
-1.6
-3.54
2.64
-1.84
2.38
0.62
3.62
-1.73
-3.97
3.99
3.29
-3.63
-1.45
-0.2
2.48
-3.33
-2.26
1.18
1.72
1.73
-0.34
2.62
-2.56
-2.94
-2.63
2.98
-2.49
-3.65
2.54
0.35
-1.01
0.1
-1.47
3.85
-1.66
-0.72
-0.53
-0.94
-3.95
-0.51
-2.97
-2.94
-0.52
2.14
0.56
1.84
1.64
1.39
-0.68
3.44
1.73
0.29
0.06
2.82
-1.26
-2.88
1.24
1
-1.2
1.13
1.08
-2.81
2.63
3.68
1.58
-1.59
-0.01
0.89
0.97
0.17
-3.01
-0.36
3.53
-0.26
-2.36
3.96
2.98
2.81
0.72
1.96
1.37
2.46
0.26
-2.05
-1.64
-0.75
3.82
-0.95
2.93
-1.43
-2.43
0.93
-1.22
2.84
-0.72
0.45
-1.94
2.31
2.36
0.84
0.73
1.99
3.94
2.56
-1.93
-0.85
3.04
3.44
0.49
-4
-0.46
-2.5
-3.94
3.69
