-2
-1.36
2.78
1.15
0.02
-2.6
-0.5
0.92
0.48
-3.66
-0.74
0.38
2.92
-3.84
-1.29
0
-0.12
1.87
1.91
-1.22
-3.81
3.87
1.06
-1.98
-3.44
-3.49
-3.05
-2.85
-2.82
-1.45
2.51
0.34
3.86
-1.56
-1.43
1.51
-1.75
1.66
0.37
1.94
2.97
2.97
-1.79
-2.11
-1.65
-1.52
1.95
3.68
2.88
3.41
3.08
2.53
-1.53
-3.28
-2.53
0.05
0.31
0.98
-3.91
-3.98
-1.61
-1.12
-1.84
-1.47
-0.9
3.68
-0.86
0.96
-0.8
-0.68
2.56
1.75
-0.21
-3.01
1.41
2.23
-3.56
3.13
-1.43
-2.99
3.45
2.51
-1.22
-3.88
1.07
0.91
-0.35
0.98
1.41
-0.73
3.39
-2
3.84
1.23
2.75
-0.18
2.95
2.36
1.89
-2.11
3.52
-2.25
2.92
-3.9
-1.58
2.47
1.46
0.97
-0.16
-3.88
-3.57
0.22
-1.6
1.87
-1.67
1.95
0.47
0.25
1.46
-1.54
-3.58
-0.36
