-8
0.01
-1.02
-2.16
1.79
-2.53
-1.29
-3.57
0.78
-2.1
-1.43
-3.92
-3.84
-1.11
-0.55
1.54
1.71
1.3
-0.32
-1.48
1.24
-0.4
-2.51
1.66
-1.59
1.9
2.64
2.34
-1.3
-0.67
-0.35
-1.33
-1.11
3.24
1.05
-0.83
2.11
-1.87
-3.44
2.42
1.87
1.67
3.47
-3.35
0.16
-0.84
-0.43
-1.41
1.09
0.9
1.9
2.86
3.44
2.78
-1.81
-1.23
-2.86
0.39
3.12
1.27
1.59
-2.71
-3.49
-0.05
-2.2
3.9
-3.98
-3.24
3.86
2.12
-2.22
0.36
3.07
1.14
2.12
-1.23
0.45
1.68
3.45
3.26
-0.85
0.48
-3.99
3.52
-3.36
0.19
0.44
3.98
2.87
-3.93
-2.88
3.16
-3.12
-0.71
1.62
1.61
-2.95
0.68
2.95
-2.32
2.8
3.97
1.96
2.98
0.43
2.56
2.58
-1.83
0.39
2.06
-1.63
3.43
-3.66
-1.86
0.81
-2.94
1.86
-4
1.57
-1.91
3.62
-0.98
