-5
2.89
-3.69
3
-0.84
1.07
-3.76
0.95
0.97
2.13
-2.2
0.88
1.11
-2.66
1.68
2.14
-3.88
3.61
0.48
1.12
1.39
-0.56
-2.05
1.33
-2.42
2.99
0.47
0.56
-2.3
-2.31
3.46
1.36
1.4
2.55
3.56
2.44
0.87
-1.21
1.66
2.27
-2.58
3.37
2.25
2.36
-3.05
-1.19
1.85
3.18
-3.3
-3.51
-3.32
-1.71
2.62
-2.73
-1.93
3.38
1.58
-3.86
1.49
0.17
-0.25
-1.97
0.68
-0.72
-1.8
-1.6
1.42
2
-2.44
2.6
0.09
-3.26
1.33
3.01
2.94
3.83
0.61
-1.17
-0.12
-1.25
-2.89
-2.99
0.79
-2.23
3.52
1.17
0.23
-3.49
-0.45
-1.54
-3.55
-2.23
-3.49
-2.91
-2.57
-2
3.36
1.01
-2.38
-2.75
2.06
-1.95
1.3
-1.61
3.01
-0.82
-0.42
2.39
-0.94
1.07
-0.47
-0.69
0.31
2.26
1.6
-1.08
2.87
-1.09
-1.83
2.62
3.09
1.01
