0
-1.23
0.45
-2.79
-2.37
-1.65
-0.42
-2.95
-0.56
-2.47
3.34
0.31
1.35
2.83
-2.82
-1.75
2.52
0.19
0.77
1.69
-1.69
-2.53
-0.62
-0.9
2.36
2.48
2.36
-1.28
3.62
3.07
1.75
-0.46
0.42
-1.44
-0.95
-0.2
0.37
-1.42
-3.03
-3.58
-1.59
-3.94
-0.1
1.05
2.12
1.16
-1.37
-1.41
2.1
-1.64
0.29
-0.21
1.75
1.96
-1.94
3.17
0.87
2.69
3.92
-2.51
-1.02
0.84
-2.33
0.84
0.54
-2.08
1.54
-3.09
-1.15
1.3
-1.14
-0.99
1.89
3.34
-0.1
-0.37
0.14
2.44
3.45
1.68
-0.73
-2.98
-3.04
-3.44
-2.99
0.26
-3.53
1.49
1.38
0.87
-0.3
-3.83
1.52
3.02
-2.69
-2.98
-0.87
-0.38
1.9
1.35
3.92
-0.89
2.19
-1.13
-0.31
2.5
-0.79
-1.73
-3.39
0.96
2.52
-1.68
1.78
-3
0.93
-3.32
-2.04
1.61
-3.15
-3.3
3.34
3.76
