-5
-3.44
-3.69
1.8
-0.84
1.07
-3.76
0.95
0.97
2.13
-2.2
0.88
1.11
-2.66
1.68
-0.22
-2.68
0.98
0.06
-0.48
-3.13
3.66
-2.05
-2.8
-2.42
-2.98
0.47
3.7
0.97
0.25
3.46
1.36
0.6
-1.17
2.6
2.44
0.87
-1.21
1.59
3.9
-0.07
-3.34
2.25
2.36
-3.05
-1.03
-1.39
3.18
-3.3
-3.51
-3.32
-2.49
-0.68
-2.73
-1.93
3.38
1.58
-3.86
1.49
0.17
-0.25
-1.97
-3.99
-1.85
-1.8
-1.6
3.79
2
0.93
2.6
0.78
-3.26
0.47
-1.2
2.94
3.83
-1.37
-2.14
-0.12
-1.33
-3.26
-2.99
0.79
2.65
-0.43
1.17
0.23
2.93
-0.45
-3.82
-3.55
-1.05
-3.49
-2.91
-1.48
0.22
3.36
1.01
-2.12
-2.75
-1.65
-1.95
3.25
1.42
3.01
-0.82
-1.84
2.39
2.74
-3.67
-0.47
-0.69
-3.27
2.06
-3.11
-1.08
-3.32
-1.09
-1.83
2.62
0.58
1.01
