-10
-2.76
0.99
-1.38
-3.89
3.04
3.17
0.56
2.2
-3.54
2.64
-1.84
2.38
0.27
3.62
1.17
-3.97
3.99
-2.04
-3.63
-1.45
-0.2
2.48
3.97
-2.26
-3.27
1.72
0.56
-3.36
2.62
0.83
-2.94
-2.63
2.98
-2.49
-3.65
-2.93
0.35
-0.48
-2.26
-0.83
1.84
-1.66
2.55
-3.95
-0.94
-0.68
-0.51
-2.97
-2.94
-0.52
-2.99
-1.59
1.84
-2.79
-1.31
1.15
3.44
0.83
0.29
0.74
2.82
-1.26
-2.88
1.24
1
0.97
-0.54
-0.66
2.1
2.54
-0.96
2.54
-1.59
-0.01
0.89
0.97
1.48
-3.01
2.34
3.53
-0.26
-2.36
3.96
-0.68
2.81
0.39
1.96
2.49
2.46
0.26
2.78
-1.64
-0.75
3.82
-0.95
2.93
-1.43
-2.43
0.93
-1.22
-0.79
-0.21
2.96
-2.92
0.35
2.36
-3.51
3.37
1.99
3.94
2.56
-1.93
-0.85
0.73
3.2
0.49
-4
-0.46
-1.78
-3.94
3.69
