-5
-1.9
3.29
-1.94
0.72
-2.46
-2.1
-1.45
2.68
-3.08
1.77
-1.89
1.86
0.53
0.69
-3.64
-3.53
-2.85
-0.63
-1.13
3.71
3.09
-3.62
1.14
-0.17
-2.57
3.22
-0.95
0.07
-3.25
-3.41
2.41
-1.71
-1.02
-2.12
-1.08
-1.52
2.06
3.24
-2.58
1.7
-1.67
2.57
-0.88
-2.58
-1.92
-0.45
1.94
0.55
1.2
2.02
-3.19
0.12
1.89
3.08
2.95
-0.4
3.57
1.68
-1.98
-0.06
0.21
3.42
-2.2
0.32
2.29
-2.55
1.68
-3.63
-3.72
-1.04
-2.2
-0.72
-1.63
2.29
2.07
0.69
-2.33
3.92
2.79
1.88
-0.44
-3.77
-3.18
2.25
-3.17
3.47
-2.96
1.95
-1.61
0.56
0.64
-3.05
2.07
0.54
2.66
2.26
1.6
-0.11
2.7
-0.88
1.57
-0.9
-1.47
-3.34
-0.09
-1.98
2.82
-3.37
2.43
-2.05
1.14
0.57
0.65
1.78
0.28
2.12
1.98
-1.06
-0.51
-2.84
-2.25
