-2
-1.05
-3.62
3.86
0.2
-1.94
2.98
-3.1
3.79
3.08
-2.58
2.95
0.47
-2.32
1.06
-0.45
-3.31
-3.05
3.86
-1.54
1.71
-3.94
-0.94
2.17
-3.06
3.97
-3.11
1.37
1.46
-0.84
2.03
-0.86
0.36
0.19
-0.96
0.94
-2.38
-0.51
3.23
3.06
-3.86
-0.46
-3.87
-1.6
-0.47
3.9
-3.04
2.82
-1.9
-1.81
0.92
-0.41
-3.06
-2.24
1.28
-2.63
0.17
-2.86
0.96
-0.96
-3.84
3.22
-0.55
-2
0.38
2.28
-3.38
-2.75
-3.7
1.87
-3.57
-2.43
-1.09
-3.49
3.13
-3.42
-0.51
3.33
2.68
2.38
3.45
-3.37
0.48
3.17
1.42
-1.36
-2.04
2.57
-3.96
-0.84
-2.3
3.71
3.14
-0.72
2.69
1.62
2.48
2.14
3.84
-0.03
3.84
-2.65
0.36
-0.84
-2.04
-2.78
1.1
-0.4
-0.72
1.92
-3.2
-2.34
-2.65
3.49
-3.27
-0.43
-2.15
2.57
-3.78
-2.06
1.71
-3
