-6
-2.76
0.99
-1.36
-3.89
3.04
3.65
0.56
-1.6
-3.54
2.64
0.43
2.38
0.62
3.92
-1.52
-3.97
3.99
-2.28
-2.06
2.36
1.46
2.2
-3.33
-2.26
1.18
1.72
-1.63
-3.36
2.62
0.83
0.62
0.09
2.98
3.3
-3.65
-0.08
-3.4
-0.48
-2.26
-0.83
1.84
2.83
2.55
-0.53
-0.94
-0.68
-0.51
-2.97
-3.31
3.17
2.73
-1.59
3.25
2.29
-1.31
1.15
-1.06
-2.25
0.29
-1.02
-1.78
-1.26
0.69
1.33
3.6
0.97
3.05
-2.48
2.1
2.63
-2.75
2.54
-1.59
-0.01
-3.67
0.97
2.79
-3.01
-3.12
1.19
-0.26
3.28
3.96
2.98
2.59
0.72
-3.2
2.49
2.46
-2.97
-2.72
-1.66
1.63
3.82
3.44
0.46
2.81
1.37
0.93
-1.19
0.24
1.79
2.96
-0.98
0.02
0.42
0.84
0.73
1.99
3.94
2.56
0.34
0.63
0.73
3.2
-3.82
-4
-0.46
-0.79
-0.41
3.69
