-8
1.39
0.06
-1.31
-1.37
2.81
-0.4
-2.09
3.91
-3.59
3.9
-3.24
2.73
-2.72
3.68
2.77
4
-0.12
-0.67
2.2
3.31
-1.98
-1.18
-3.33
1.12
-3.74
-1.64
-1.92
-3.93
-3.22
-3.17
3.89
-1.01
-2.61
-2.6
-3.12
-3.35
-0.92
-1.23
1.87
-2.6
1.87
0.6
0.47
-0.92
2.6
0.54
3.25
-3.28
-0.84
-2.4
3.41
2.07
2.99
-2.5
4
-1.57
-2.5
-2.92
1.23
1.56
2.76
-3.79
-1.56
-0.7
-3.97
0.01
-3.03
2.67
-1.02
-0.49
-1.79
3.75
-1.88
-0.32
2.32
-0.49
-3.2
1.81
-3.76
2.33
-2.42
2.83
3.02
1.49
-0.78
-1.68
-3.75
-0.05
-0.21
3.9
-3.91
-2.05
0.61
-2.39
-1.28
1.15
1.24
0.87
-2.07
2.52
2.99
-2.81
3.35
1.1
3.44
-0.42
-0.17
1.11
-3.95
3.44
-0.6
-2.19
3.58
1.09
3.12
-3.18
1.23
0.3
0.67
-0.22
-0.36
