-10
3.45
-2.13
3.49
0.46
-2.2
2.13
3.87
1.53
0.17
-0.89
-1.75
-0.4
0.04
-0.15
0.52
2.4
0.9
2.96
1.18
-2.43
-1.87
-0.77
3.15
0.65
2.88
-1.85
-2.12
0.4
3.46
2.91
2.28
3.69
2.22
-0.67
-2.69
-3.04
-3.47
-1.3
0.76
-1.99
1.23
3.53
-3.64
-2.27
1.06
-3.77
-0.08
-1.78
-2.49
-2.05
0.67
3.85
-3.28
-3.78
-0.46
-3.23
2.6
-3.86
-3.29
-0.18
0.16
0.03
1.93
-1.17
-1.82
3.4
3.52
0.56
-2.54
-0.52
-1.25
-3.94
0
-0.07
2.27
3.61
3.8
1.54
3.56
-3.21
1.2
-2.62
3.81
-0.09
-2.81
3.99
3.23
2.18
-1.44
-0.33
1.53
-1.31
3.31
-2.85
-2.94
3.94
2.23
2.11
2.44
-2.29
-0.07
-3.5
1.86
-3.85
-0.38
-3.44
1.58
1.14
-3.35
-3.42
-2.87
-3.6
0.48
-3.47
-0.64
-3.74
-1.99
-1.67
2.08
0.72
0.03
-1.04
-2.84
-3.83
-1.41
2.68
-0.05
-2.67
2.94
3.36
-0.1
0.86
2.7
3.22
2.98
3.98
2.44
0.78
-1.39
-2.81
3.97
-2.92
-0.01
2.22
-2.39
0.57
-2.92
0.49
3.75
-1.66
-0.8
-2.99
0.69
-3.72
-0.88
3.92
2.81
2.91
2.61
3.76
0.4
0.81
0.44
3
-2.14
-2.82
-0.77
-2.45
3.07
1.35
0.15
1.54
-3.01
0.98
1.76
-0.13
3.78
-2.78
-2.66
3.36
0.19
-2.28
2.95
-1.91
-2.74
1.95
-0.35
-2.34
1.75
0.36
3.33
-1.09
2.35
-0.81
-0.05
0.11
1.37
3.9
-1.44
-3.18
0.79
-0.57
0.79
-2.24
0.3
0.63
0.04
-0.45
3.72
-2.08
-2.31
1.72
1.65
2.22
2.81
-1.18
3.52
2.23
-2.59
1.84
3.06
1.8
2.81
2.12
0.05
1.55
-2.04
3.11
2.89
3.67
-0.78
-2.4
2.14
-1.76
0.99
0.92
-0.96
2.93
-0.48
0.04
-1.08
2.55
-0.89
1.6
3.42
0.18
3.23
3.1
-1.79
2.11
-1.63
-1.05
-1.59
-1.31
0.11
-0.47
-0.28
-0.22
3.69
-1.68
2.73
-3.7
-2.2
1.78
2.17
1.16
-2.49
-2.89
-0.74
-2.94
3.37
0.01
3.82
1.24
1.32
0.52
-0.15
-0.44
1.66
0.34
0.6
1.09
0.37
-1.45
-3.58
-3.08
3.16
2.28
3.63
-2.64
1.25
-0.92
3.81
-0.47
-3.67
0.42
-2.7
-3.85
3.4
0.79
0.8
-3.15
0.91
-3.89
-2.59
-0.71
3.06
-1.41
-1.16
-3.15
3.55
-3.63
0.21
-3.19
0.15
-2.34
-3.72
-0.37
3.1
1.68
-0.51
-0.27
3.53
-1.97
-1.48
3.25
3.05
3.58
-2.28
-1.05
1.14
1.07
-2.25
0.3
-0.47
-0.64
1.83
-0.73
-0.62
2.36
-2.69
-2.27
-1.93
-1.16
3.13
1.3
0.2
2.99
-1.23
2.14
-1.59
2.99
1.95
-3.6
-3.79
-1.75
1.5
-2.75
-3.85
-1.49
-1.42
3.79
0.54
-3.88
3.7
1.56
-1.91
-2.32
1.23
3.7
0.28
2.34
0.91
2.89
3.71
0.26
2.37
3.95
3.06
3.36
-0.2
-1.9
-3.95
-3.39
-1.11
-3.87
-2.88
-3.21
2.6
-1.75
-0.31
-1.68
-0.44
0.12
0.9
-2.5
1.28
1.37
-1.72
0.83
0.83
-3.81
2.4
-1.85
0.89
3.06
-3.19
-1.44
-0.89
2.07
1.75
-3.8
0.13
-1.76
-3.43
2.97
0.78
-3.35
-0.46
-0.23
-3.39
-1.3
0.45
2.88
-0.45
1.93
3.63
1.74
-2.49
0.27
-3.11
-0.61
2.5
-2.53
-3.95
2.65
-2.43
-1.21
-0.12
3.8
2.18
0.63
1.27
0.1
-0.33
3.83
-2
-3.98
1.28
2.14
0.12
-3.2
-1.2
3.6
3.88
2.85
1.16
3.52
-2.97
1.73
2.66
3.22
-0.29
-0.49
-4
0.1
3.24
-1.86
-2.43
1.28
-1.26
3.23
-1.03
-1.66
-0.67
1.93
-0.6
3.78
-3.76
1.07
2.7
0.11
-3.89
3.33
-0.17
3.78
2.87
-0.62
3.08
3.93
0.54
-3.59
-1.09
-0.48
1.79
-0.12
-2.52
-3.83
0.1
-3.24
1.54
-3.27
1.83
-3.81
-0.24
0.52
1.34
2.4
3.86
-1.72
0.7
-0.83
-1.36
1.54
-0.62
-3.48
2.55
-1.54
3.37
1.03
0.97
-0.28
-0.26
-0.37
0.27
-3.41
0.94
1.24
-3.38
0.54
1.38
-2.43
0.87
2.47
-3.78
0.59
0.42
-3.27
2.27
0.7
-0.19
-2.84
1.33
1.95
1.08
-2.07
0.86
-0.5
-1.05
-1.85
2
-3.18
-0.29
0.4
2.74
3.41
0.49
-2.34
1.99
-3.65
3.9
-1.04
-3.42
3.88
2.48
-3.26
3.17
-2.33
-1.02
3.72
2.16
2.84
-1.22
0.91
1.86
1.21
-3.88
0.42
-1.57
-1.09
2.43
3.92
-3.75
-3.71
2.79
-1.11
-2.15
3.46
-1.96
0.35
-2.23
-3.57
-2.42
-1.4
2.8
1.96
-0.35
2.49
1.99
-0.41
-2.3
-2.44
0.94
-3.07
0.62
3.94
-2.33
-0.32
0.99
-3.91
1.86
3.18
1.67
-3.07
1.21
-1.97
-3.89
1.04
-2.52
1.96
-0.82
1.07
-2.03
3.49
3.63
0.51
-0.87
-2.11
0.31
0.45
-0.85
-2.48
1.34
0.35
0.55
1.83
2.55
0.66
1.11
-2.41
2.31
2.52
-0.81
-3.98
2.73
2.95
-0.24
-3.55
3.5
2.31
-3.71
1.41
-1.62
1.88
-3.54
3.26
-1.2
3.33
3.23
-0.15
-0.05
-0.39
-0.68
-0.52
2.97
-2.14
-3.64
-3.62
-0.31
3.71
1.44
1
1.42
1.15
-1.4
2.25
2.62
-1.82
-1.01
-1.23
0.49
-0.5
-3.48
1.75
2.45
2.66
-2.99
0.4
3.8
-2.74
1.98
3.99
-0.82
0.86
2.63
3.25
-2.59
-0.46
-0.04
-3.14
-0.39
-3
3.57
-2.57
2.64
0.49
-3.64
-2.24
-1.81
-1.79
-0.94
-0.23
-2.13
-3.71
1.08
-3.59
3.08
2.83
-0.31
-1.54
2.92
2.47
3.15
0.63
2.87
-0.12
-3.52
-1.68
-0.43
-0.83
2.06
-3.56
-1.28
1.61
-1.89
3.89
-3.07
3.98
-2.08
2.63
-2.32
-1.98
3.04
0.12
0.09
1.89
2.53
2.17
3.86
0.12
2.52
-0.95
3.81
-1.36
-3.42
-0.36
-1.38
1.15
-0.89
-1.95
-0.9
-1.56
3.85
-2.13
3.68
0.4
-2.73
1.84
0.65
-3.41
3.72
-0.97
-3.69
2.1
-0.16
2.8
-2.39
-1.29
1.89
-0.86
1.2
-3.13
3.42
-0.9
1.58
1.08
3.1
1.33
-0.68
-1.16
0.89
-3.04
-1.77
2.7
-1.11
-2.43
-0.14
1.73
-3.16
-2
0.24
3.43
-2.77
-1.99
-1.18
-2.18
3.71
0.75
-3.23
-3.76
-0.13
3.46
-3.05
-2.73
-3.42
1.21
1.1
0.67
-3.72
2.25
2.71
-1.98
-3.22
0.71
1.75
-0.12
3.01
0.17
0.69
-2.63
-2.97
3.69
3.1
-1.78
-2.8
-2.55
-3.37
0.51
-1.81
-1.08
3.73
-2.45
0.77
2.27
2.69
2.67
3.52
2.54
3.32
-2.07
1.26
-3.82
-1.9
-3.55
3.91
-3.28
0.18
2.76
3.89
-3.69
1.28
1.38
-3.73
-3.82
-2.35
3.53
-1.85
3.02
3.77
-2.48
0.64
3.57
-2.16
2.39
-1.59
0.14
-3.72
-0.06
-2.28
-0.57
-3.8
-1.57
-0.29
-0.23
1.06
1.22
1.92
1.8
0.79
3.17
2.83
1.22
3.84
-1.09
-1.04
3.66
1.68
-1.18
3.98
3.39
2.86
-3.3
2.82
1.33
0.69
0.06
0.21
-1.09
4
1.53
3.56
-0.62
2.34
3.66
3.05
-2.18
-2.07
3.36
-3.02
-0.77
3.23
2.3
-3.05
0.82
-2.67
-0.56
-2.93
2.75
-2.6
2.65
-0.85
0.67
-1.3
1.75
3.81
-1.77
0.48
3.39
1.16
-3.87
0.2
2.44
1.66
2.88
2.23
-0.87
3.06
1.13
-3.4
-0.64
-1.51
3.68
-0.05
-3.12
-3.82
3.05
1.54
-0.06
2.89
1.12
2.04
-2.25
-0.31
0.89
1.62
-1.98
-3.45
-0.81
-1.6
-0.82
1.37
0
1.23
-0.86
-1.58
3.4
2.17
0.13
3.33
3.42
2.7
-1.57
3.76
2.69
2.12
3.7
1.78
-3.07
-1.67
2.69
-0.71
0.64
1.71
1.68
0.69
3.6
-1.23
-2.85
-1.07
2.28
2.69
0.04
0.75
-0.33
1.55
-3.78
0.64
-1.96
-1.7
-0.66
-2.2
-3.28
-3.95
1.46
2.73
-0.88
-2.93
1.3
2.16
0.64
2.58
-0.86
0.57
-1.73
-1.89
-1.7
-2.48
-1.69
1.73
-2.1
1.27
1.74
-0.43
-2.78
3.99
-1.23
0.13
-2.67
-3.94
2.48
-1.17
-2.77
-3.72
1.33
1.36
-1.53
0.64
0.46
-3.09
-0.73
2.09
3.36
0.58
-0.08
-2.12
-2.9
1.53
-1.24
3.19
-1.72
-2.8
0.54
3.45
-3.06
-1.79
1.97
-3.03
-3.36
2.83
2.35
-0.46
3.7
-1.56
3.04
2.16
-3.06
-0.41
-1.27
0.31
3.67
-1.39
-1.39
3.9
1.69
1.6
-1.15
0.24
-0.18
-3.43
-2.5
2.62
0.28
-0.29
-0.22
1.6
-2.36
2.83
3.6
3.18
-1.91
-0.46
3.55
-2.97
-0.85
-3.61
2.43
-3.69
-1.68
-3.19
3.38
3.21
-1.14
0.86
-3.68
0.29
0.88
-0.48
1.32
2.66
-1.73
0.25
-1.09
1.99
1.19
0.51
-2.73
-3.29
-2.09
-0.51
3.74
0.48
1.51
3.92
0.16
-2.05
-2.14
0.15
-1.1
3.74
2.1
0.57
1.52
-2.93
-3.25
2.8
-3.74
-1.05
2.34
0.22
-0.86
3.08
-1.03
-1.02
0.66
3.14
1.66
3.06
1.56
3.41
-1.77
-0.03
-2.64
1.37
-2.82
-3.09
-0.35
2.38
-2.63
3.55
-1.53
-0.29
3.14
3.23
3.07
3.11
-3.51
2.15
-1.83
-1.02
1.03
-3.94
2.16
2.85
1.01
-3.49
1.14
3.98
2.79
-0.54
-2.37
2.14
-1.84
1.99
-1.39
-0.87
-2.99
-2.07
-3.2
-2.91
2.24
2.9
-2.06
-3.49
-1.23
-2.42
2.23
1.78
0.1
-2.97
2.17
1.33
2.21
1.86
-1.03
-2.51
1.37
2.07
1.15
-1.62
0.87
-0.66
0.14
-3.65
-3.32
3.07
0.51
0.86
2.09
-1.05
3.1
-2.26
-0.76
1.23
1.2
1.63
2.43
0.82
-3.49
-1.96
3.39
2.07
0.34
1.66
0.55
2.15
-3.88
-3.19
3.31
3.92
1.44
-1.18
2.59
-1.6
3.43
-1.96
-2.13
-2.48
-3.36
-1.37
-1.09
-1.3
-2.24
0.46
2.64
-0.3
2.66
2.74
-2.5
3.83
-3.11
-2.92
-0.56
2.3
0.55
-2.12
3.06
-1.84
3.52
-2.39
2.04
-2.4
-3.94
-2.68
3.92
2.56
1.79
0.8
-2.55
2.65
0.58
0.64
-0.92
-2.38
-2.29
-3.16
-0.97
1.81
-2.43
2.44
2.67
2.5
-2.75
-3.78
-1.56
1.23
-3.65
2.04
-0.96
-1.75
-2.52
-3.31
3.45
-0.85
-1.68
1.68
-2.96
-1.95
1.18
1.96
-2.21
-1.98
-3.95
-3.6
-1.87
0.46
3.38
-2.11
-3.6
-0.52
-0.83
3.27
3.28
0.34
2.89
-2.24
0.11
3.5
1.62
-0.41
2.43
0.63
-0.99
0.54
1.95
-3.94
3.99
2.94
-2.15
-2.55
1.43
-1.11
-0.66
0.8
0.3
-1.81
1.52
-3.12
-1.85
-2.62
3.8
2.72
3.79
-3.29
-3.15
1.39
-2.38
1.6
2.2
1.76
2.91
-1.67
-2.59
2.64
0.49
-2.78
-2.2
3.52
1.52
3.21
-3.72
-0.56
-1.74
-0.18
3.26
-2.18
-0.96
1.09
1.48
-2.52
-2.16
0.94
-2.94
1.85
1.39
-3.49
-3.42
3.48
0.6
-3.63
2.8
-3.92
-3.34
-0.06
1.02
0.21
0.17
-2.75
-3.42
-2.76
3.65
-1.99
2.12
-2.6
-1.61
-2.62
-1.33
-0.84
-0.11
-3.72
1.28
2.25
3.64
2.06
-0.21
1.77
-0.03
-1.73
-3.56
1.6
-1.86
-2.82
0.73
-2.53
0.79
2.67
1.83
1.76
0.68
-2.88
3.93
2.13
2.4
2.03
-0.73
1.12
2.37
1.13
0.14
-1.44
2.59
-0.43
-0.03
1.93
1.77
2.96
0.35
-3.2
2.07
-2.65
1.82
3.28
-2.49
-1.34
1.76
-3.18
-0.52
0.61
3.03
-2.11
-1.04
1.86
2.81
2.09
1.43
0.09
2.27
-1.29
2.09
2.95
1.33
-0.42
3.71
-0.68
-0.6
-3.51
3.34
0.59
-1.73
-2.67
-0.88
-0.45
0.69
3.21
1.11
0.05
0.89
-2.45
-0.38
-3.23
0.36
-2.55
3.31
-2.38
-1.96
-0.1
2.31
0.95
2.71
-0.53
3.68
-1.52
-0.24
0.33
-2.48
1.58
-2.14
0.55
4
-1.7
-3.17
-1.48
3.85
2.34
-3.03
0.5
1.1
-0.57
-3.15
-2.45
-1.48
-1.41
2.52
-2.75
-3.85
0.94
-0.95
-0.6
3.13
-3.93
-0.95
0.77
3.74
-1.48
-0.9
-0.8
-0.74
3.9
-0.76
2.5
-1.85
-3.48
-0.95
-1.56
-2.42
1.45
-2.11
1.91
1.27
-1.7
-3.65
1.05
-3.51
-2.62
0.55
-2.84
-2.64
0.9
1.71
-1.78
-2.39
-0.33
2.09
1.61
1.54
0.84
-1.58
3.26
-3.44
3.75
-2.27
-1.32
-1.38
0.02
1.22
-1.75
-3.22
1.76
-2.3
3.16
1.86
-2.41
0.07
-2.01
-0.8
0.58
-3.3
-1.79
1.23
-1.61
2.87
-3.29
-2.18
1.27
2.85
-3.6
-3.44
2.28
-3.95
1.56
-2.87
0.3
-0.3
3.34
-3.52
-3.11
0.41
-2.82
-2.94
-1.63
0.18
2.98
3.75
1.23
-3.05
1.27
0.87
-2.11
-3.4
-3.24
-3.82
-0.23
-0.77
-3.37
-1.46
-2.42
-0.87
-2.24
3.44
2.71
-1.65
3.15
-1.63
-2.17
0.54
-3.67
1.24
0.51
0.13
2.57
3.91
-1.75
1.79
3.31
2.6
1.93
-3.84
-2.79
3.18
2.39
-1.39
-1.19
-0.28
2.08
3.56
-3.88
0.62
-2.82
-3.43
2.05
-0.09
1.84
-0.49
-2.47
0.85
-1.99
-3
0.42
-1.45
-3.7
0.12
-2.8
