-2
3.56
0.99
3.03
3.59
-0.54
3.95
-0.03
1.69
-3.01
-2.86
2.21
3.58
1.46
-3.92
-3.05
3.32
-1.46
0.81
1
1.83
-2.92
-3.06
0.14
0.55
-2.73
2.03
-3.95
-2.8
1.98
1.83
-1.2
2.41
0.39
-1.06
-2.43
-2.48
3.47
-0.53
2.69
1.97
-1.8
3.36
3.72
-0.84
2.31
-0.05
2.75
0.71
-2.02
-3.13
2.11
-0.93
0.08
-1.77
-1.88
-2.91
0
-1.64
-2.87
-0.81
2.22
3.83
3.63
3.23
3.75
-2.34
2.88
2.7
-1.12
0.92
-0.62
0.22
-3.46
-3.6
1.54
1.79
-0.52
-1.38
-3.4
0.19
-3.37
-1.94
-2.03
-0.18
2.91
1.58
3.82
-3.73
-1.12
-3.78
-1.9
1.12
-2.41
1.94
3.71
1.2
-2.72
3.83
3.03
1.5
-0.02
3.55
2.52
1.01
-2.58
-0.43
-2.96
1.08
3.35
-3.21
0.55
-2.44
1.11
-0.67
-3.75
-1.92
-2.18
-3.74
-2
-1.67
-2.35
-1.87
-2.54
-0.43
-2.56
-0.34
-0.62
0.3
1.57
3.05
-0.22
1.39
-0.1
-1.1
-1.99
-3.13
1.93
-1.06
-0.16
-1.61
-1.8
1.26
-0.96
2.74
0.34
-3.68
2.35
2.83
-1.98
2.87
1.28
3.13
-0.77
2.65
-2.11
-3.64
2.75
2.82
1.46
-1.2
-2.71
-3.29
3.53
0.11
0.72
-3.57
2.79
-0.04
0.05
-1.56
-0.86
1.21
2.99
-3.2
-2.13
0.13
-2.64
-0.54
0.98
-2
-0.27
2.58
2.52
1.84
1.25
0.05
-1.43
-3.73
-0.32
-0.3
-1.65
-2.46
2.45
-0.48
0.08
2.97
2.27
3.14
-3.37
-1.67
3.28
-1.68
3.57
2.88
-0.66
-0.79
-1.73
-2.42
0.56
-3.24
-3.07
1.16
1.14
0.72
-0.24
0.18
-2.68
-2.27
1.99
-0.8
-2.82
3.97
2.63
3.33
1.25
-2.09
-3.69
-3.29
-0.95
-3.48
0.43
0.47
-2.56
-3.66
-1.78
-3.91
3.9
-3.5
1.58
2.86
-2.18
-1.98
3.6
-3.03
-0.11
-0.91
3.48
0.23
0.65
-2.69
1.61
-1.46
2.43
3.63
-0.18
1.95
0.65
-1.63
3.56
1.11
-1.84
2.66
-3.74
-2.23
1.02
-2.43
-3.27
-1.55
-2.83
-2.62
-3.01
-2.86
-3.73
0.83
0.48
3.79
-0.9
-0.5
-0.57
-1.56
-0.8
-2.83
-0.48
-2.09
3.13
-0.5
-2.48
2.28
-1.01
-1.62
-3.92
-2.32
-3.33
1.53
2.25
-2.21
3.41
-3.56
0.75
1.84
0
2.04
-1.37
-2.89
0.67
-3.29
1.97
2.69
-2.04
-0.21
3.86
1.53
-2.64
2.25
-0.84
-0.61
-2.03
-3.04
1.85
0.24
2.95
-3.84
2.23
-0.52
2.84
2.12
0.27
1.72
-2.09
-2.26
1.6
-2.74
-0.3
2.56
-0.78
3.95
-0.71
-0.9
-2.75
1.75
-3.53
-3.62
2.69
0.83
-1.28
-2.57
3.45
-1.8
0.53
0.51
2.84
1.04
-0.6
-1.35
-0.67
3.87
1.33
3.87
-0.79
-2.89
-0.9
-1.52
-0.07
1.74
-3.43
-0.3
3.48
-1.88
-0.83
2.44
0.96
-1.69
-0.4
0.19
0.9
3.49
0.89
0.93
1.85
-0.99
3.84
-2.9
2.43
-0.52
0.9
-2.22
1.68
2.87
-3.33
-1.1
-3.68
1.6
0.27
-2.93
-1.24
3.98
-2.3
1.31
0.43
-1.44
2.89
-0.09
-3.58
1.31
-3.65
-2.67
1.73
-0.66
2.85
1.88
3.53
-1.11
1.28
-3.35
-0.26
0.58
-1.45
0.94
1.09
2.93
-3.93
-2.6
-3.55
2.33
-2.56
0.16
3.3
-1.47
-2.13
-3.02
-2.22
-1.9
-3.04
2.13
2.23
2.97
-3.3
2.57
-1.34
2.53
-2.14
-2.49
-3.37
3.52
2.46
0.86
0.7
2.6
1.08
3.77
-0.92
-3.14
-0.11
-0.55
-1.85
1.19
1.48
-1.54
-2.54
1.72
-3.16
3.72
0.6
1.96
0.93
2.76
-0.26
-0.22
0.79
0.66
2.43
3.25
-0.61
1.21
-1.71
-1.86
-1.67
0.54
-2.7
0.01
-2.83
1.79
-1.05
-2.81
-0.52
-2.91
-3.14
0.93
-2.21
1.65
-1.69
-0.28
-0.07
-3.03
-1.94
-0.21
2.22
0.23
2.93
-2.46
3.19
2.37
-1.39
-2.06
-2.88
3.61
-2.44
0.47
3.75
2.31
3.31
0.73
0.36
0.33
2.42
-0.75
-0.22
-2.18
3.35
2.24
-0.24
-0.86
-1.17
1.82
2.16
-3.02
3.84
-2.4
2.92
-3.81
-3.2
3
0.31
3.86
1.68
-1.02
-0.08
0.45
1.66
0.52
-0.15
-2.9
-1.21
-3.63
0.97
2.39
-0.08
0.1
-1.68
1.74
-1.75
-1.53
-1.91
-0.97
-0.67
3.8
0.03
3.45
-0.07
3.73
-2.29
2.82
-0.17
0.23
-1.35
3.04
1.3
-3.35
2.99
-0.57
-2.09
0.67
1.48
1.09
2.37
1.73
-1.48
-2.75
-2.97
1.6
-2.75
3.88
-3.9
-1.05
2.08
0.44
3.93
2.98
2.09
-1.35
1.27
-2.25
-0.01
0.22
-3.26
-3.21
-3.06
-0.27
-0.95
-3.54
0.02
-1.72
3.54
-1.13
-0.68
-1.46
1.12
2.65
-1.41
-0.12
-0.51
3.65
3.5
0.46
1.01
-1.49
-2.32
-1.99
-3.33
3.34
-1.36
-3.47
-2.46
3.85
-0.48
1.21
-1.58
-0.25
0.67
-2.25
2.57
1.16
-3.04
0.54
-1.34
-1.12
-1.24
-0.83
2.81
-1.24
-1.46
-3
-2.51
-0.62
1.01
0.19
1.02
2.81
0.15
1.78
-2.67
-2.25
-3.62
0.66
1.64
-2.26
2.19
-1.3
-0.89
3.46
-3
1.94
-1.83
3.99
1.57
-3.63
1.88
3.5
3.85
-3.51
3.48
-1.82
2.4
-0.17
-0.47
-2.32
2.74
2.08
1.72
1.02
-2.64
3.61
0.33
1.03
1.92
3.62
-1.43
3.94
-1.88
3.34
-2.73
-1.25
1.44
-1.06
-0.3
-1.55
-2.95
-3.99
-1.73
2.76
-0.94
1.41
-3.19
-1.89
1.63
0.05
1.74
-1.03
2.08
-3.49
2.51
3.77
3.66
2.33
-0.04
-0.07
2.32
3.17
-1.6
3.26
0.89
0.7
3.98
0.89
1.71
0.8
2.32
-2.01
-1.53
-2.27
2.93
-0.88
-2.65
-2.04
-3.84
-3.74
2.01
-1.42
-3.02
-0.05
-3.81
-2.57
-1.45
0.22
-0.64
-1.4
1.65
2.79
-1.7
2.66
-0.76
3.78
1.68
3.07
0.74
-3.11
3.25
-3.83
3.34
0.25
-3.84
2.25
-3.54
-3.93
-0.66
2.34
2.53
1.16
-3.42
2.76
-0.05
-2.93
3.37
0.63
3.98
1.17
0.91
1.04
-0.47
-0.22
1.6
2.56
-0.24
2.53
-2.83
-1.64
-1.23
-3.78
3.84
1.64
4
3.99
-0.36
-1.89
1.91
2.63
1.8
-2.14
-3.31
-3.63
-2.84
1.98
0.39
0.22
-3.14
-3.82
-0.14
0.26
-2.18
-2.05
2.93
0.65
1.58
-2.48
-0.92
-3.06
1.84
-0.7
2.95
0.43
-0.49
-0.93
1.74
1.87
3.56
-0.53
1.49
-3.07
1.19
-3.22
-2.14
-1.92
2.09
0.84
-3.16
0.99
-0.66
0.15
0.97
-3.16
-2.38
-1.38
3.84
-3.42
2.83
-3.83
2.16
2.57
-1.57
2.39
2.96
-3.84
-1.57
-0.11
-1.72
0.25
3.86
-1.18
1.44
-3.34
-1.79
-0.59
1.23
-1.46
-1.75
3.7
2.16
2.89
1.34
-0.52
3.18
0.55
3.87
-3.73
3.04
0.63
2.48
0.57
0.72
0.71
0.04
-3.99
-0.64
1.02
-3.35
0.94
-3.65
2.8
0.1
1.88
3.09
1.91
-3.58
-3.55
1.27
3.28
-0.34
-0.39
1.29
2.53
0.82
-0.06
-3.01
-0.7
-2
-0.35
0.63
-3.22
-0.39
0.86
-1.77
-1.37
-0.57
-2.73
1.37
0.28
2.67
1.32
-2.31
-2.62
1.52
1.63
-2.94
3.48
-2.61
3.4
-2.89
-0.92
-2.93
0.77
0.7
3.95
-0.54
-2.83
1.56
-3.64
3.01
-3.67
-2.66
1.95
-2.47
-2.91
3.26
0.55
-2.87
2.27
2.96
-2.58
1.1
-3.38
-0.33
3.12
-2.61
1.32
0.9
-2.88
1.64
2.4
-1.34
0.22
-2.32
1.1
-0.57
0.12
3.22
1.81
1.84
1.28
-1.73
-3.28
1.02
3.41
-0.21
-1.72
0.38
0.14
-2.69
3.7
1.69
3.37
0.5
0.13
2.92
-2.85
-1.19
2.72
3.37
2.45
2.91
-0.59
-3.27
-2.78
-3.41
-0.3
-0.08
-1.91
-1.11
1
1.29
0.37
-0.39
-0.99
0.34
-2.26
-2.22
-2.83
3.91
-1.37
2.18
2.84
-0.63
-2.79
-2.85
-2.94
-1.72
2.81
0.52
-1.55
-1.1
3.4
0.51
-3.86
0.85
2.86
-2.76
3.15
-1.92
-2.58
2.79
3.7
-3.9
0.38
2.48
1.8
-0.56
1.09
-1.87
1.17
-0.85
2.44
3.44
-1.12
-3.25
-1.28
-1.12
-1.94
3.15
-2.5
2.59
-2.68
0.53
0.9
-0.64
-3.6
-0.05
-3.59
-3.85
-3.99
2.94
-0.55
-1.71
-3.21
-2.28
-3.13
1.6
-2.77
1.36
-3.42
-1.22
-3.75
-3.66
3.98
-3.06
1.78
3.87
1.98
0.42
-1.63
0.67
-2.35
-1.68
3.07
-1.42
3.82
-0.91
-0.11
1.44
-0.11
2.97
1.72
-1.72
-0.77
-0.51
-3.17
-1.61
-0.17
1.33
3.23
0.93
-1.79
2.86
-3.95
-3.13
1.53
-0.8
-1.99
1.66
-0.79
1.52
-3.96
2.07
-0.22
2.06
2.39
-0.37
0.91
-3.15
-0.69
2.63
0.61
1.53
-1.71
2.84
-2.84
2.37
-1.32
-3.24
3
2.82
-3.16
2.13
-1.4
1.07
2.1
-1.03
3.31
3.56
1.45
2.26
3.61
-0.22
-2.65
-3.56
0.9
-0.44
-3.48
3.56
-3.66
1.01
-3.76
2.85
-0.15
-2.79
-2.97
-2.18
0.19
2.65
0.28
0.54
-2.16
2.4
-2.72
-2.01
-1.82
3.96
0.84
-3.9
3.94
0.95
-3.35
-0.41
-2.76
-2.76
-1.73
-0.16
1.72
0.44
0.91
0.69
3.47
1.46
-1.41
2.28
-3.82
3.92
-0.21
-1.08
2.03
2.65
-3.31
2.99
-3.93
-2.95
-1.26
0.48
-3.53
-0.45
2.2
2.46
-3.14
0.92
2.09
1.66
2.43
3.04
-0.7
-1.87
-2.68
1.45
2.94
-1.27
-0.65
-2.07
1.88
-3.26
-3.22
-3.52
-2.94
-1.51
1.02
1.74
-2.56
0.12
-1.99
2.36
-2.03
3.99
1.08
0.79
2.04
-2.94
1.82
-2.2
0.02
2.4
1.38
1
-2.37
-1.35
-2.65
-1.63
-3.14
-0.1
2.49
-0.22
0.64
-2.25
1.55
0.04
3.31
-0.44
-3.93
-1.27
-2.65
1.03
-2.1
3.52
3.56
0.78
0.88
-3.96
2.11
3.59
-3.4
-0.44
3.77
-2.85
-2.91
0.5
-3.03
0.71
1.44
-2.81
0.54
-3.8
-2.44
-3.22
3.78
-2.78
-2.52
-2.99
-0.79
-1.2
2.29
1.44
-1.67
1.52
-0.36
1.9
-1.43
-1.83
3.69
-1.48
-0.15
-1.28
-2.82
-0.96
-0.67
-3.2
-1.01
-0.86
-1.46
3.95
-0.61
0.9
1.71
-3.45
-2.44
0.68
2.51
-3.4
-1.26
-1.83
3.26
1.61
-0.95
2.41
1.79
0.63
3.01
-1.22
3.33
0.15
2.55
-3.45
2.66
-2.68
3.61
3.61
-1.04
1.83
2.96
-1.23
1.24
-1.61
0.9
3.22
2.02
2.05
-2.29
-3.4
0.05
-0.86
-3.91
1.86
3.72
-3.72
-1.1
-1.87
-0.83
-1.36
0.63
-2.66
2.91
0.61
2.66
1.05
-2.63
0.1
-0.1
-2.11
2.89
-1.57
1.42
3.64
3.92
-0.75
1.39
3.24
1.35
2.83
1.28
-2.08
-2.79
2.26
-3.44
1.73
-2.16
2.43
-2.71
-1.09
2.95
-0.83
1.31
-2.2
1.38
1.37
-3.68
-2.1
2.15
-3.77
-3.56
0.87
-0.65
0.78
-1.68
1.99
2.33
-0.48
0.06
0.71
-0.14
2.15
2.94
2.12
1.76
2.21
1.57
-1.68
3.34
-2.42
1.77
0.71
3.59
2.21
3.12
0.02
0.85
1.38
3.87
-2.45
-3.72
-2.65
-1.86
3.33
3.65
-3.51
3.35
1.97
-2.47
0.45
-1.09
2.73
0.19
0.49
-2.73
1.01
3.47
-2.62
-0.59
2.62
-0.71
2.01
-3.57
3.88
0.77
-3.66
-2.07
-0.5
-3.95
0.61
0.11
-3.6
3.49
-1.38
2.42
-1.09
1.94
0.06
-1.87
-0.93
2
1.83
2.08
-1.94
0.87
-2.38
-3.74
1.3
-0.84
0.04
-3.24
-3.96
-3.69
-2.65
2.72
-3.66
-3.23
2.61
1.54
3.01
-0.29
-1.21
-0.96
-0.94
0.86
-3.02
-1.89
2.58
-2.08
1.42
0.52
0.66
2.38
2.3
-1.45
-0.25
3.31
-3.86
-3.65
-2.55
-0.32
-1.73
1.03
1.37
-2.17
-1.15
-2.14
1
-3.75
-0.84
-1.41
-1.31
-3.87
3.01
0.11
-0.97
2.38
-2.56
1.78
-3.57
3.58
-0.85
2.35
0.58
-3.99
-0.43
0.67
0.1
-3.25
3.6
2.73
2.6
2.53
-2.41
-2.59
2.33
-1.86
-0.71
2.04
-3.56
-3.98
1.03
2.59
-2.64
3.88
2.69
-3.82
3.97
-1.02
2.06
-3.11
2.04
-0.87
1.14
0.61
0.02
3.31
0.47
-3.2
-3.34
-3.19
-1.19
2.86
1.98
-1.2
2.66
0.53
-2.84
-1.21
-0.05
-2.66
0.56
-0.55
-2.87
3.66
1.43
2.81
-2.5
-3.37
-2.32
0.1
0.89
-1.47
-3.96
2.33
0.84
-3.77
2.33
-3.44
1.28
0.79
3.15
0.24
2.22
0.45
1.31
-0.97
-3.88
-3.68
-3.91
-1.91
0.73
-3.76
0.74
-3.59
0.95
-0.46
-3.57
3.93
3.47
2.37
3.17
0.25
2.75
-2.26
0.29
-1.33
3.07
3.11
2.89
-1.94
0.31
-1.69
3.69
-0.92
1.26
3.69
-3.08
1.9
-1.58
-3.1
1.18
1.88
-1.42
-0.38
-3.06
1.44
0.58
1.97
-2.27
2.57
1.42
-2.95
2.42
2.06
-1.48
-0.01
-1.96
-3.97
-3.05
0.87
3.99
2.89
-2.72
0.87
-2.94
-3.2
-0.35
-1.43
3.57
-2.8
-0.47
2.37
3.09
3.85
-0.93
1.25
-2.2
-1.45
-3.69
-2.17
-1.36
-1.84
1.81
0.71
2.82
0.64
-3.44
1.66
1.86
