-3
-1.16
-3.36
-3.83
-0.03
-1.29
-3.8
-1.62
1.12
2.1
-2.84
-3.45
-3.38
0.04
2.11
1.3
-3.24
-3.38
3.76
-0.95
3.15
-1.83
2.87
1.71
-0.93
1.14
1.98
3.86
-2.13
2.74
2.7
-3.54
-3.48
-2.95
-2.53
-1.13
-2.13
-3.91
-2.53
-2.6
-3.08
-0.84
-3.51
-1.19
3.85
-3.51
-2.35
-0.99
0.32
-0.29
-3.22
-2.28
-3.97
-0.29
3.84
2.99
-2.66
3.79
-2.13
1.08
-3.49
0.04
-3.05
3.42
1.5
2.68
-3.81
0.07
-1.73
-0.83
0.81
1.54
2.07
-0.13
-3.41
-3.89
-2.91
1.52
-3.05
2.83
-3.98
2.38
-3.61
-0.65
2.38
2.14
2.72
-0.82
-3.16
3.97
-1.21
-0.01
-0.32
2.43
-3.68
0.79
0.33
-0.7
2.79
3.72
2.7
0.07
3.89
1.51
-0.7
2.19
-0.55
-0.92
-0.91
3.99
-0.56
-3.01
-2.69
2.15
-2.5
3.15
-2.1
-1.93
3.36
2.54
0.21
2.93
0.91
-2.02
2.51
2.7
-1.3
-2.44
-1.18
1.52
-1.87
-1.57
2.7
2.03
3.12
-3.28
2.41
2.92
2.22
-3.41
3.67
-1.62
-1.03
-3.12
2.4
2.46
2.3
-1.77
-2.88
3.37
3.24
-3.82
-1.53
-0.39
-1.92
-0.87
3.77
1.09
-3.93
2.43
0.16
3.07
-3.72
-0.06
-2.77
-0.44
1.63
0.08
-2.08
-3.07
-1.38
2.16
-0.35
2.72
-2.65
2.1
-0.05
2.18
-0.6
3.22
-2.38
2.93
2.05
1.36
-3.04
-2.19
0.21
0.74
2.75
1.93
0.16
0.8
-1
-3.05
2.98
-1.27
-3.98
-1.4
0.34
-2.29
-2.63
1.95
-3.78
-2.61
-1.29
3.77
1.87
3.13
-2.08
-1.18
-3.9
-2.46
-2.31
1.73
1.27
3.94
0.08
0.31
1.16
0.92
0.27
1.24
-3.19
3.09
1.12
-0.12
1.46
-1.51
0.48
1.61
-0.82
3.4
-1.51
2.98
2.35
-3.89
-3.06
0.95
2.18
-3.12
0.11
-1.82
-0.28
-1.64
1.87
-3.84
-3.15
-2.83
-1.51
0.78
0.24
2.51
-1.25
-2.71
-2.2
-3.91
0.84
1.71
-1
-2.08
-2.89
0.72
-2.88
0.36
-1.53
-2.31
0.52
2.38
2.42
-0.1
-2.56
1.97
-2.91
-0.05
-3.95
1.49
-2.67
2.41
3.82
3.05
0.36
3.79
-2.83
-0.44
3.76
-1.58
-0.32
-1.55
2.59
-1.86
0.45
0.19
-2.87
-2.55
-1.3
-1.92
-2.22
2.84
1.58
-3.45
-2
-1.47
-0.52
-0.47
-2.95
2.07
0.19
-2.24
-2.44
-1.25
0.7
1.62
1.76
3.52
0.35
0.57
-0.19
1.41
-3.47
2.7
1.94
-1.21
-0.48
1.01
0.08
-1.25
-0.38
-1.34
-1.88
-1.18
3.96
0.25
-1.34
2.62
0.08
2.72
-3.76
3.14
-3.62
-2.72
-3.67
3.79
0.64
-1.76
3.27
-2.4
-3.55
-2.85
-3.47
2.32
1.04
-0.92
1.53
1.74
-2.23
0.83
0.6
-1.95
-1.6
-3.93
-3.8
1.7
-0.65
-3.8
2.15
-3.02
-0.75
3.14
2.71
2.57
-3.94
0.51
3.26
2.97
-3.06
0.83
-1.84
-1.08
-1.13
2.09
-1.13
0.69
1.88
-3.29
-3.66
-3.13
2.48
2.78
0.8
0.82
1.33
-0.2
0.32
-2.9
-3.08
-0.91
2.01
-3.86
-3.82
-2.96
-3.88
0.01
-0.52
-1.51
2.11
-3.84
2.6
-2.1
0.86
-3.74
-2.26
1.53
-2.82
1.07
-1.9
-3.72
-4
3.45
0.45
1.68
-2.65
-2.27
-1.02
-3.91
3.11
-1.35
-1.93
-2.27
-2.81
3.88
-0.3
-3.66
-3.23
2.79
0.51
3.89
2.14
1.15
2.58
-1.33
0.51
-3.06
-1.91
-1.49
-0.45
3.44
1.05
-1.48
-3.82
-0.52
0.47
2.83
-0.82
0.32
-3.28
-0.79
-1.01
1.98
3.58
0.09
-3.37
1.94
-2.94
1.16
0.37
-1.32
-2
3.63
2.89
0.16
-3.49
3.75
3.02
-0.02
-1.9
1.95
3.27
-2.88
-2.14
-1.49
-1.97
0.75
3.74
0.96
2.11
-3.5
1.2
0.74
-3.29
-3.69
-0.29
2.63
-0.63
-1.97
-3.86
2.17
1.92
-0.84
0.51
-2.21
1.13
0.92
0.64
-1.36
1.07
-1.24
3.16
0.9
0.93
2.45
-1.76
2.16
-1.83
-3.42
-3.86
2.22
1.25
-2.26
1.27
2.42
3.49
-0.69
3.27
2.5
3.52
-0.54
-3.54
2.26
-0.97
-1.14
-1.17
0.87
-1.36
-1.68
-0.65
-0.44
-0.86
0.7
1.4
1.54
-2.82
3.66
-3.71
-1.21
-0.26
2.85
-2.54
2.54
2.47
-3.7
1.05
0.69
-1.71
-2.69
-3.03
-3
1.96
-2.91
-0.14
2.99
-3.01
-1.94
-3.15
-2.97
0.19
0.25
-3.66
2.55
-3.01
1.58
-2.94
0.67
-3.91
-3.51
1.9
3.34
-2.01
-0.44
-0.05
-0.69
1.36
-3.08
0.39
2.62
-2.28
-0.16
-1.22
3.81
-2.39
2.48
0.78
3.16
-2.78
-1.89
1.34
0.31
1.77
2.91
0.34
3.83
1.97
-0.48
3.24
3.04
1.16
2.02
-1.96
1.46
0.03
-2.75
-2.66
1.5
3.69
0.37
3.4
2.16
-1.96
0.13
-0.84
3.18
3.84
-0.64
-1.78
1.14
-1.49
-1.88
2.68
-2
-0.65
0.3
-3.68
-1.47
2.68
2.15
0.76
-2.97
-1.25
3.73
1.68
-3.1
-1.69
-1.46
-3.65
-1.21
0.43
1.49
0.58
0.4
-0.12
-2.29
1.95
-2.23
-3.19
-3.3
-3.7
2.66
2.67
3.36
-0.44
-2.02
-2.45
0.15
-2.93
-2.04
-3.21
3.12
2.84
-1.44
3.62
1.82
-1.88
-0.82
3.37
3.05
-3.24
1.1
0.99
3.29
3.17
1.43
1.68
2.38
-2.73
0.36
3.84
0.65
2.05
0.3
-2.73
0.51
3.75
2.66
2.31
-0.23
-2.17
1.95
-2.4
-1.73
3.2
2.44
0.4
1.72
-3.08
0.05
-2.84
2.29
0.54
1.32
1.73
1.8
-1.51
1.42
0.41
0.11
-3
-3.65
2.72
3.14
-3.36
0.73
-2.01
0.58
3.18
2.01
-2.46
0.01
-3.53
1.52
-0.23
-0.38
1.41
-0.65
1.7
3.13
0.68
-1.45
-0.28
2.64
3.38
-1
1.5
3.34
0.11
1.83
-3.19
0.01
2.85
-3.04
-2.96
-0.46
0.04
-2.96
2.47
0.3
3.23
-2.68
-3.19
0.46
-1.66
1.6
1.86
1.51
0.14
3.84
1.6
-0.3
-2.42
-2.42
3.97
3.41
3.54
-2.5
2.01
0.17
2.39
-2.83
-3.15
-1.71
0.03
-2.72
1.96
-3.75
-0.42
-2.43
-2.33
0.08
-2.65
-3.76
-3.9
-4
-0.2
0.25
2.15
-1.55
2.96
-1.27
1.73
1.41
3
-3.94
-0.62
-0.26
2.56
3.65
-2.87
2.01
1.98
-2.41
2.25
1.48
-3.02
-2.03
1.04
3.49
-3.12
-1.12
2.58
-3.79
-3.53
-1.65
-2.73
-1.85
3.12
-2.75
3.36
2.76
-1.21
0.63
2.62
-1.45
2.61
0.65
-3.55
1.28
3.4
-3.52
2.45
3.42
-1.06
0.78
-0.53
3.21
0.69
0.26
0.95
1.58
-2.98
-0.7
1.96
-2.46
-2.95
3.85
2
2.16
-3.41
-1.85
-1.76
-0.4
-1.8
-2.18
3.02
-3.67
1.06
-0.21
-3.77
3.73
-0.4
3.06
0.6
0.67
-0.33
3.63
1.9
0.77
-0.24
-0.58
-0.8
-1.9
2.79
3
2.34
0.62
-2.5
2.19
3.98
0.86
-3.03
0.52
1.49
3.78
-3.19
-2.52
1.49
-2.43
-1.71
0.93
1.91
3.69
2.52
2.39
3.9
-1.28
-1.33
-2.78
1.79
3.7
2.21
3.74
0.88
2.68
2.44
3.26
3.32
-3.98
0.16
-0.91
-0.44
1.98
-0.31
-0.25
-3.3
-2.1
3.69
1.85
2.02
0.43
3.43
-0.84
-1.67
1.13
-1.25
-2.29
1.56
-3.7
1.77
-1.31
-2.91
-1.48
2.42
-2.29
-3.81
0.06
-3.93
-3.3
-1.32
2.25
3.8
-1.55
-0.12
1.48
2.64
0.17
1.89
3.01
-3.03
-2.92
0.79
-2.85
-3.91
-4
2.67
-1.12
2.73
1.58
2.16
3.74
3.21
-2.51
1.11
-3.35
-3.63
-3.1
-2.91
0.28
2.09
-1.67
2.12
-1.25
1.81
-1.39
-2.05
-1.95
-2.48
0.6
-1.88
2.01
2.32
1.08
1.49
-1.44
-1.49
-2.37
2.8
-1.61
2.87
-3.47
3.86
-2.62
-1.35
-3.39
2.45
0.12
-0.92
2.23
1.23
-1.61
3.41
0.06
0.6
-0.14
-0.34
-2.29
-3.8
2.74
-2.71
3.16
1.71
-1.91
0.07
-1.42
-0.8
-0.24
-0.05
-3.08
-0.2
1.3
-1.02
-2.06
-2.4
-0.54
1.7
1.77
-0.24
-0.63
-3.41
-2.3
-2.96
0.85
-3.01
-1.76
-1.13
-1.77
-2.06
0.6
3.81
-2.9
2.83
2.48
2.68
-1.71
-1.31
3.2
-1.49
2.93
-3.37
-3.94
-1.64
3.15
-2.55
1.24
2.72
-3.67
3.56
-3.21
-3.49
1.48
1.21
-3.23
-0.81
1.16
-3.4
2.1
3.23
-0.85
-2.04
3.52
2.93
1.38
-3.99
-1.59
-2.15
-0.46
0.31
-0.93
0.94
1.24
-2.93
0.8
0.21
0.11
-3.19
0.9
-1.51
-3.05
-2.87
3.48
3.17
1.69
1.84
-0.77
1.21
-1.84
-1.29
0.53
-0.41
-2.61
3.55
-0.9
-3.24
-0.43
1.31
-3.09
1.3
-3.08
-3.82
3.93
0.52
-3.15
-0.48
-1.5
0.85
2.33
-0.96
3.99
-2.6
-0.96
1.25
-1.12
-3.61
-3.59
3.6
3.62
1.3
-3.24
2.43
3.39
2.14
2.12
-1.25
0.15
0.26
-2.93
-1.01
3.95
-2.05
3.29
-1.75
2.75
-3.08
-1.53
0.33
1.76
0.04
-2.83
-1.63
-0.02
1.08
-1.35
2.68
3.27
1.95
-0.56
-1.6
3.78
-0.16
2.97
3.28
-3.27
-2.55
-2.31
1.8
0.04
3.16
-3.59
3.32
3.78
-3.55
-0.44
1.75
-2.32
2.2
0.52
2.97
2.52
-2.09
-0.76
-2.95
-1.47
-1.54
2.17
2.13
0.78
2.31
-3.34
-1.35
-3.03
2.09
-0.45
-0.01
-0.39
-2.66
3.77
1.68
3.17
-1.32
-3.39
-0.85
3.49
0.4
3.61
1.06
-1.82
-0.75
-1.3
0.52
0.46
1.74
-1.26
1.63
0.18
-2.66
3.7
0.4
-3.79
1.35
-0.91
-0.3
-3.68
-3.57
2.07
3.79
0.75
3.88
-1.63
3.19
1.24
1.38
-0.13
2.27
3.86
3.2
-3.97
0.87
-0.51
0.34
2.6
2.03
-0.35
1.81
-2.4
2.4
-2.3
2.98
0.65
-2.76
-0.95
0.93
0.21
-3.03
-3.95
-2.27
-2.02
-1.38
-1.25
2.6
-0.86
-3.31
-3.74
-0.16
0.94
-2.37
-1.39
-0.42
0.84
-2.11
0.53
-2.51
-2.15
-0.57
0.61
1.33
3.73
0.05
2.23
-1.78
0.05
2.49
-2.19
-3.39
2.63
-1.67
-2.56
1.15
3.67
-0.33
-3.61
3.68
-3.25
2.13
3.87
0.56
2.58
-2.58
3.32
3.24
-0.74
3.89
3.62
0.8
-2.87
-0.63
1.82
-3.45
1.41
-2.55
-3.15
-3.89
-3.59
-3.66
1.79
-0.18
1.39
1.33
-0.67
-3.54
-0.33
-2.38
-0.11
-1.44
0.25
-0.38
-0.24
-3.59
-0.64
-0.42
3.32
3.4
4
0.79
2.91
2.61
0.02
-0.5
0.48
0.2
2.85
3.11
2.5
0.87
-3.95
2.54
1.25
1.28
1.53
0.75
-1.47
3.18
3.24
3.93
-3.23
3.88
0.01
2.06
-0.08
1.77
1.37
-2.35
1.1
3.76
0.67
2.53
0.72
-2.78
3.17
-0.69
-0.15
-1.02
0.86
3.78
-3.3
-1.53
-1.88
-0.03
0.17
-1.43
1.53
0.6
-1.2
1.08
0.75
-0.52
-3.07
1.97
1.53
-2.19
0.96
-0.55
-0.1
0.13
-0.71
2.83
3.72
-1.17
-2.45
-3.72
-2.04
1.97
0.51
-3.9
-0.39
-3.28
-2.3
3.99
2.57
-2.87
-3.12
2.57
0.45
-2.37
2.8
2.45
-2.58
3.28
0.79
-2.66
0.68
-0.66
1.63
1.69
1.49
2.12
3.79
3.9
1.37
-1.92
1.45
-1.84
-0.91
-2
0.93
-0.93
-2.76
-1.04
2.82
3.06
1.52
-3.6
2.02
-1.76
-3.02
-3.69
-2.15
-3.11
1.32
0.66
-1.73
0.5
-3.72
-0.3
0.72
-1.42
1.51
3.55
-2.08
0.97
-2.14
0.42
2.26
-2.31
3.25
2.91
2.76
3.1
-0.03
2.25
3.35
1.16
-0.03
3.1
-1.8
2.3
3.93
0.66
1.28
-1.91
-2.33
-0.36
3.1
1.69
1.13
2.86
-0.2
3.43
3.44
-3.48
2.45
-1.47
3.94
-3.92
-0.29
-3.16
-2.54
-3.25
-1.81
-1.12
1.98
0.17
0.61
3.14
-0.53
0.04
3.91
3.4
-1.24
2.64
-0.25
0.56
-0.25
3.04
0.12
-1.88
-0.78
-0.26
2.93
-3.74
-2.22
-1.77
-2.54
-3.04
-0.08
-3.01
3.35
-1.08
-2.53
-2.91
-2.73
-1.33
-3.43
-3.49
-3
3.62
-0.96
-0.38
2.43
1.1
-3.93
3.94
-1.43
1.72
3.53
-3.13
0.71
-3.22
-1.73
-0.53
-1.12
-0.17
-0.25
2.05
-1.9
-0.04
3.22
-0.7
-3.53
1.61
2.34
-3.18
-2.33
-0.75
3.38
2.52
-1.04
-3.87
-1.41
-0.18
-1.84
0.17
1.64
2.88
1.49
1.88
3.07
-2.46
1.49
3.18
0.01
-0.31
3.96
1.24
-0.52
-2.09
2.94
-0.99
-3.22
1.13
-3.4
-2.53
-0.99
1.74
3.34
-2.58
1.09
3.82
2.16
0.48
3.94
1.75
-1.31
3.81
0.45
-2.32
-3.41
-2.2
3.66
-3.12
0.5
0.04
-3.09
-0.9
-0.14
2.74
-2.2
3.86
-3.2
0.31
1.93
-1.12
2.24
2.54
-1.31
0.23
-0.28
-0.99
1.49
2.27
1.17
-0.35
3.88
-0.77
1.16
-1.62
-3.58
0.01
-1.3
1.63
-2.99
-2.63
0.32
3.59
-0.59
2.31
-2.94
0.15
0.41
-0.91
-3.6
-1.46
2.36
-4
-1.77
-3.42
-0.42
3.97
-0.63
3.93
-3.01
2.79
3.97
-1.41
-3.59
0.02
0.81
3.48
1.28
-3.28
3.19
0.56
3.62
3.67
-1.05
-2.39
-1.69
