0
-1.28
-1.16
-2.79
-1.21
-1.65
-0.42
-2.95
-1.36
-2.47
3.34
0.31
1.35
2.83
-2.82
-1.75
2.52
0.19
0.77
1.69
-1.69
-2.53
-0.62
-2.6
0.56
2.48
2.36
-1.28
3.62
3.07
-1
-0.46
-3.54
-0.93
-0.95
-0.2
0.37
-1.42
1.11
-3.58
-1.59
-3.94
-1.31
3.79
2.12
1.16
-1.37
-3.41
2.1
-2.59
1.15
-0.21
3.57
1.96
-1.94
3.17
0.77
2.69
3.87
-2.51
0.27
0.84
1.05
0.84
-0.75
-2.08
2.12
3.31
2.41
-0.84
-1.14
2.65
1.89
0.02
-0.1
-0.37
-0.23
2.44
-2.91
0.6
-0.73
3.79
-3.04
0.89
2.04
0.26
-3.53
1.49
1.38
2.65
3.34
-3.83
1.52
4
-2.69
-1.97
-0.87
-0.38
3.49
1.35
3.92
-2.01
0.16
-1.13
-0.31
0.01
-1.54
-1.73
-2.07
1.04
0.12
2.44
1.78
0.48
-1.17
-3.32
-2.04
2.68
-3.15
2.05
3.34
-0.25
