-5
-1.9
3.29
1.26
-1.29
-2.94
-2.1
1.72
2.68
-1.44
1.77
-1.25
1.86
0.53
0.69
1.99
-3.95
-0.69
-0.63
-1.13
3.71
2.92
-3.62
1.69
-0.17
-2.57
3.22
-0.95
0.07
-3.25
3.52
-3.64
-1.71
-2.84
-2.12
-1.08
-1.52
2.65
3.24
-2.58
3.6
-1.67
0.1
-0.88
1.06
-3.08
-0.45
1.94
0.55
3.57
3.53
-3.19
-3.17
1.89
3.08
2.95
-0.4
1.74
-2.93
-1.98
0.59
0.21
3.42
-0.38
2.53
2.29
-2.55
-1.9
-3.63
-3.72
-1.04
1.7
1.84
-1.63
-0.03
2.22
0.67
3.84
3.29
-3.27
2.72
-0.44
-3.77
-3.18
2.69
-3.17
3.47
-2.51
1.95
-2.45
0.26
0.64
-3.05
2.07
0.54
2.66
2.26
1.6
0.1
2.7
0.81
1.57
-0.9
-1.47
-2.92
0.8
-1.98
2.82
3.71
2.43
-2.05
-0.93
0.25
0.65
3.28
0.28
0.05
1.98
-1.06
-0.51
2.84
-2.25
