-3
-1.9
-0.85
-3.73
0.72
1.44
-2.1
1.72
2.68
2.9
2.62
-1.25
1.86
0.53
0.69
3.93
3.37
-0.69
-0.63
-1.13
3.61
0.52
-3.62
1.69
3.5
-2.57
-1.48
0.46
-0.1
-3.73
-3.41
0.25
-1.71
1.53
-2.34
-1.08
-1.96
2.65
-0.89
-0.76
3.6
-1.67
1.86
-0.88
0.28
-1.92
2.69
0.38
-1.33
-1.88
3.53
-3.19
-3.17
1.89
3.08
2.95
-0.4
1.74
-2.93
-1.98
-1.88
0.21
-2.84
2.2
0.32
-0.19
1.85
-1.9
-3.63
-3.72
-1.04
-2.2
1.84
3.33
-0.03
-1.66
1.74
3.84
-1.24
-2.09
2.72
3.01
-2.49
-3.18
2.69
-1.97
-0.42
3.94
2.17
-3.34
0.56
0.64
-3.05
2.07
0.54
2.66
3.15
3.37
-2.4
-1.75
2.89
1.57
-0.9
-1.47
-2.92
0.8
-1.65
2.87
-3.37
2.43
-2.05
1.14
1.22
-2.75
2.96
0.28
3.68
1.98
1.78
0.44
-2.84
-2.25
