-2
-1.05
-3.62
3.3
0.2
-1.94
2.98
0.15
3.79
3.08
-0.05
2.95
-3.15
-2.32
-2.93
-0.45
-3.31
-3.05
-3.45
-1.54
-3.94
1.1
0.58
2.17
0.21
1.61
1.33
1.37
1.46
-0.84
0.77
-0.86
-0.06
0.19
0.16
3.19
-2.38
2.63
3.23
-3.73
-2.98
-2.97
-3.87
-1.6
-0.47
0.84
2.94
2.82
-1.9
-1.05
0.92
-3.95
-3.06
3.72
1.28
-2.63
-0.24
-0.23
0.96
-0.96
3.57
3.27
-0.55
1.47
0.73
2.28
1.22
-2.75
-3.7
1.87
-3.57
0.08
-1.09
-3.49
1.37
-0.25
-0.51
-3.21
-0.2
1.95
3.45
0.36
-2.68
3.17
-3.22
-1.36
-2.04
0.2
3.28
-0.84
-2.3
-2.53
3.14
-3.08
-3.6
-0.45
-1.37
1.22
3.84
-0.03
3.84
-2.65
3.96
-0.84
-2.04
-3.63
-3.83
-0.4
0.25
3.37
-3.2
-2.34
-2.65
2.09
-3.27
-0.43
-0.24
3.21
-3.78
0.3
-2.54
-3
