-5
-1.9
3.29
1.26
0.72
-2.94
-2.1
-3.04
2.68
-1.44
1.77
-1.89
1.86
0.53
0.69
1.99
3.37
-0.69
-0.63
-1.13
0.92
3.09
-3.62
1.14
-0.17
-2.57
0.36
-0.95
0.07
-3.25
-3.15
-3.64
-1.71
-2.37
-2.34
-1.08
-1.52
2.65
3.24
-0.76
3.6
-1.67
0.1
-2.78
-2.58
-1.92
2.81
1.94
0.55
3.57
2.02
3.77
-3.17
1.89
3.08
2.95
-0.4
1.74
0.82
3.11
-0.38
0.21
-2.84
-2.2
0.32
2.29
-2.55
-1.9
1.68
-3.49
-1.04
-2.2
-0.72
-1.63
2.29
2.07
1.41
3.84
-1.24
-3.27
2.47
-0.44
-1.78
-3.18
2.54
2.9
3.47
2.38
-0.79
-1.61
0.56
0.64
-3.05
2.07
3.63
2.66
2.26
-0.33
-2.4
-0.91
0.81
1.57
-0.9
-1.47
-2.92
0.8
-1.98
2.87
3.61
2.43
-2.05
-0.93
0.25
0.65
1.78
0.28
0.05
1.98
-1.06
0.44
2.84
-2.25
