-10
0.84
-1.76
1.8
-0.84
1.07
-3.53
0.76
-1.95
2.13
-2.2
0.88
2.22
-3.91
1.68
2.14
-3.88
3.61
1.51
-0.48
1.39
-3.33
-2.05
1.33
-0.18
2.99
0.47
3.7
-3.3
0.25
2.6
-3.01
0.6
-1.17
2.6
2.44
0.87
1.42
1.27
-1.2
-0.07
-3.34
-3.71
0.55
-3.92
-1.03
-1.39
3.18
-3.3
-3.51
3.58
-1.71
2.62
-2.73
-1.93
-2.14
3.88
-1.28
-3.41
0.01
2.9
-1.97
-3.99
-1.85
3.92
-1.6
-0.25
2
-2.44
2.6
-2.25
1.39
2.1
3.01
2.94
3.83
-2.23
-1.17
-0.12
-1.25
-3.26
-2.99
0.45
-2.36
3.52
1.08
2.01
-0.68
-0.45
-3.82
-3.55
-1.05
-3.49
-1.68
-1.48
-2
3.43
1.01
3.98
-2.75
-0.97
2.23
3.25
-1.61
-1.68
0.95
-1.84
2.39
2.74
-3.67
-1.77
0.55
0.31
-3.59
-1.05
-1.01
2.87
-0.79
-1.83
-0.17
3.09
1.01
