-3
-1.23
-1.16
-2.79
-2.37
2.06
-0.42
-3.04
1.95
-2.2
1.22
0.81
-0.16
-3.59
-0.75
-1.75
0.09
0.92
0.77
-2.09
-3.19
-2.53
-2.77
-2.6
-2.55
2.48
-3.13
-1.28
3.62
-2.19
-1
-0.85
-3.54
3.03
-0.95
-0.2
0.37
-1.42
-3.03
2.48
-1.59
-0.65
-1.31
3.79
-0.38
1.16
-1.37
-1.41
1.59
0.11
1.15
-0.21
3.07
1.25
-1.94
1.39
-1.44
2.69
3.92
1.72
0.27
-1.47
1.05
0.84
-0.75
2.94
1.54
-3.39
-1.15
-0.84
-1.14
2.65
1.89
3.34
-0.1
-0.23
0.14
2.44
3.45
1.68
-0.73
-0.17
-3.04
-3.44
2.04
0.26
0.47
1.47
1.38
0.87
3.34
-3.83
1.52
-1.28
-2.69
-1.97
-0.87
3.26
3.49
1.35
3.92
-2.01
0.16
-3.95
1.15
0.01
-0.79
-1.73
-0.35
1.04
2.52
2.44
1.83
0.48
0.93
-3.32
0.49
1.61
-3.15
2.05
3.62
-0.25
