-4
0.34
-1.84
-1.24
3.99
2.42
2.53
2.54
1.65
2.39
-0.72
-3.8
2.07
1.4
-3.72
-2.66
-2.1
-0.47
2.95
3.54
-1.92
3.58
3.27
2.65
-1.61
-1.62
3.14
1.09
-2.02
-1.79
2.22
-3.2
1.59
-2.91
-3.66
1.68
1.18
3.57
-1.38
-0.22
2.63
-2.39
1.33
-3.24
-3.59
2.23
-0.77
2.59
3.25
-1.97
0.27
-3.94
-0.55
3.39
0.8
1.33
1.07
-0.49
-3.64
1.6
3.28
-2.56
0.55
-0.57
-3.84
-1.53
-1.39
0.98
1.06
-1.39
0.16
-1.66
-3.1
-0.84
-3.1
-3.54
-1.76
2.51
2.24
0.17
3.16
-3.46
1.84
3.96
1.94
2.16
1.36
2.21
0.3
-0.98
-3.4
-2.33
3.2
1.03
0.5
1.19
1.07
-2.11
-3.41
1.94
-0.39
2.25
-2.47
0.64
1.87
-2.07
3.16
-3.72
2.48
0.33
-0.92
2.56
1.28
0.19
2.45
2.74
-0.39
0.6
1.5
-1.99
1.12
0.41
