-2
-2.43
2.53
3.84
-2.56
2.5
1.95
0.96
-2.05
-3.67
-0.21
1.42
3.2
-0.14
-0.56
1.08
0.19
-3.82
1.14
0.58
2.03
-1.51
-2.71
3.12
3.73
-1.21
0.7
1.01
3.8
3.84
1.49
-0.79
-0.52
2.64
-3.98
1.87
3
3.16
-1.03
-0.82
-3.5
2.53
2.09
-2.25
-3.84
3.33
-2.58
3.76
-2.49
3.59
0.78
0.55
-0.06
-0.63
-2.82
-0.4
-3.72
3.41
-3.9
2.65
-2.2
-3.06
1.17
-1.88
-1.16
-3.42
-2.07
-3.45
-0.17
1.57
2.08
1.03
1.22
-2.04
0.08
3.5
0.41
3.54
2.95
-3.6
-2.63
0.94
-0.51
-3.8
-0.94
-3.07
3.27
-3.89
1.45
0.43
1.59
3.6
3.05
0.33
-2.62
3.57
-2.64
-0.04
2.92
3.58
1.39
-3.14
-0.08
-0.05
-2.49
3.75
3.34
-2.02
3.3
-2.31
3.2
-3.26
-3.55
3.71
1.27
0.86
1.45
0.96
3.07
-2.09
-2.68
-2.18
