-6
3.41
3.99
2.49
1.98
-3.12
-3.43
0.51
2.14
-3.56
-3.38
3.38
-0.99
-3.5
-2.99
3.55
2.7
-0.69
-2.4
1.29
-3.19
-0.24
1.23
0.84
3.14
3.35
3.06
0.52
-1.88
0.4
0.9
1.01
2.26
-0.44
1.76
0.52
-0.03
-0.97
-2.24
2.45
-2.6
-1.22
-0.45
2.75
-3.88
-2.92
0.7
0.76
-0.16
1.9
2.27
-0.25
-3.69
0.03
-2.99
3.35
-1.83
-0.86
3.35
2.64
-2.17
0.05
-1.61
-2.27
-0.45
-0.38
-2.89
3.46
-1.25
0.5
-0.42
-0.34
-2.46
-0.85
-0.12
2.04
-3.8
2.49
0.72
2.05
-1.36
-1.71
-3.32
0.22
2.14
-2.85
0.7
-1.77
-1.45
2.42
-1.66
-3.18
-0.32
-0.87
0.62
1.35
-3.62
-2.18
-0.8
0.51
3.98
1.25
-1.99
3.35
-1.68
-1.4
-1.8
1.16
-3.86
-1.02
3.15
-0.31
2.43
-2.7
-0.01
3.54
-0.63
2.18
-0.4
-1.61
2.92
2.88
