-10
-1.96
-2
-1.51
-0.86
-0.12
2.66
-0.28
-0.6
-3.66
1.92
-3.71
-3.44
-3.1
3.02
-2.81
-1.92
0.01
3
1.07
3.73
3.97
3.94
-1.95
0.39
-0.99
2.58
1.77
-2.43
-3.54
0.4
2.59
-3.18
3.21
1.57
3.5
-1.36
-0.62
2.79
-0.73
-2.37
-1.25
-3.08
-1.26
-3.36
0.98
-0.37
1.55
3.72
-1.58
-1.48
-2.52
-0.98
-3.96
0.68
-3.29
-1.9
3.95
2.1
-3.87
1.31
-3.12
-1.85
-1.06
-0.06
3.33
3.48
-2.64
-0.67
3.53
2.55
2.7
1.22
-0.28
-0.56
0.98
3.05
1.19
-2.59
3.42
3.38
-2.97
2.06
3.16
1.95
-1.08
-0.43
-3.23
-1.47
0.86
1.39
-1.31
1.28
2.66
1.97
-3.26
-3.4
1.99
2.8
-2.69
1.51
-1.73
-1.79
-3.81
-0.13
-0.18
0.26
3.3
0.61
3.71
-2.33
0.92
2.54
2.69
-3.25
0.27
-1.17
-1.01
0.99
-2.98
-0.24
2.71
