-7
-3.7
0.89
-2.74
2.35
3.15
-3
-1.36
3.21
3.19
0.4
3.14
1.95
0.99
-3.27
2.39
1.92
0.72
-2.27
1.14
3.71
2.13
0.26
3.29
-0.39
-3.26
3.3
-2.27
2.49
1.87
3.3
-2.59
2.42
1.33
-3.98
3.13
-1.93
-2.93
1.92
-2.19
-0.28
0.95
-0.44
0.18
2.43
2.57
2.76
0.41
3.14
-0.7
-2.74
-3.53
2.38
0.91
-1.21
0.65
0.04
1.61
1.66
1.61
3.85
3.27
0.15
-2.67
3.9
-1.01
-3.28
-3.38
0.96
-2.4
0.31
0.85
2.81
3.92
-2.59
-1.25
-1.44
-3.92
-3.14
1.04
-2.02
-1.11
-1.4
-0.82
0.6
2.82
-0.97
-2.49
-1.47
-0.62
-0.92
0.47
-0.59
-3.69
-2.03
0.46
-3.2
-1.78
0.29
-0.56
1.85
2.13
3.45
1.53
3
0.41
-2.33
2.46
-0.51
-3.97
-1.91
-0.04
0.75
-3.39
-0.38
0.96
0.66
-3.04
0.74
-2.92
3.96
3.21
