-2
-1.05
1.06
2.58
-1.98
1.6
2.35
0.15
2.94
-1.6
-2.58
0.34
-0.14
-0.95
2.35
0.71
2.75
-3.05
3.86
-1.54
-3.94
3.58
0.58
2.17
-3.3
0.16
-3.11
3.43
2.57
-0.84
2.03
-3.64
-0.06
0.19
0.16
0.94
3.53
3.65
3.23
3.84
-3.86
-0.46
-3.87
-1.6
-0.67
3.9
-3.04
-3.02
-2.19
0.93
0.92
-0.12
0.83
-2.24
-3.18
-2.68
2.18
-2.86
-2.75
-0.96
3.57
3.27
-0.55
-2.78
0.38
-1.53
-3.42
0.64
-3.7
1.87
-3.57
-2.66
-2.9
-3.49
-2.88
-3.42
-3.48
-3.34
3.72
2.38
2.68
2.82
-2.68
-2.94
-3.55
1.46
-2.29
2.57
-3.96
0.15
-2.3
-0.77
3.14
-3.08
-3.6
-0.45
-0.85
2.14
1.68
-2.72
3.84
1.81
0.36
-2.41
-2.04
-2.78
1.69
0.03
0.25
1.92
-3.2
0.1
-0.89
-0.12
3.3
-0.43
-2.15
3.21
-3.78
-2.06
1.71
-2.82
