-9
-2.76
3.7
-2.4
3.55
3.04
3.17
0.56
-1.6
-3.54
2.64
-1.84
2.38
0.62
-2.4
-1.73
-3.97
0.66
1.62
-2.06
-1.45
-0.2
2.2
-3.33
0.49
0.2
3.14
0.56
-2.11
-1.26
-2.56
0.86
-2.63
0.04
-2.49
-3.65
-2.59
-2.1
-1.01
0.1
-1.47
3.85
-2.7
2.55
-0.53
-3.97
-3.95
-1.92
-2.97
-2.94
-0.52
-2.59
-1.59
1.84
0.35
1.39
-0.68
3.44
1.73
0.29
0.06
2.82
-1.34
0.69
1.24
1
-0.69
-4
-2.48
2.1
2.63
-0.96
2.54
-1.59
-0.01
2.43
-0.89
0.8
0.79
-0.36
2.27
-0.26
-2.07
-1.34
2.98
2.81
-1.05
1.96
1.37
2.46
0.26
-2.05
-1.64
1.63
3.82
2.23
2.93
-1.43
-2.43
2.45
-1.22
-0.79
-0.72
0.45
2.94
0.02
1.47
-3.51
-2.89
1.99
1.72
-1.13
-0.11
-0.85
2.47
-2.86
0.49
1.79
-0.46
-3.19
-3.94
-3.74
