0
1.39
0.06
-0.73
-1.37
0.52
-0.4
1.43
-3.14
-1.88
3.9
-2.6
2.73
2.94
3.68
0.05
-2.9
-0.68
2.02
2.2
3.31
-1.98
0.09
-2.44
1.12
-3.74
-1.64
-0.88
4
-3.22
-3.24
1.22
-3.62
1.35
1.08
-0.94
-1.29
-3.22
-0.22
1.87
-2.6
3.92
0.6
0.47
-0.92
2.6
0.54
1.3
0.02
3.42
-2.4
3.81
-0.69
1.92
-2.73
4
-1.57
-1.92
3.46
-2.92
-2.86
-0.4
-3.79
-1.56
-0.7
-3.97
0.01
1.34
2.67
-1.02
-0.49
-2.53
3.75
0.34
2.53
2.32
-0.49
1.16
1.81
1.57
2.23
-2.42
-1.5
3.02
3.5
-0.78
-1.68
0.33
-0.05
-1.51
-2.41
-2.9
-1.38
-0.23
-2.39
-1.31
2.39
3.9
0.87
-3.54
1.04
-1.17
2.7
3.35
3.44
1.91
-0.42
2.3
-0.11
2.13
2.53
-0.6
-2.19
-1.09
-2.47
-3.5
2.09
1.77
-4
-0.95
-1.47
-3.44
