-9
-1.36
3.44
-1
0.02
-3.57
1.97
0.92
2.67
-2.37
-0.74
0.38
2.92
-3.84
2.08
0
-0.12
1.87
1.91
-3.63
3.13
-0.22
1.06
3.8
-3.44
2.85
-1.67
2.58
-3.57
-1.45
-1.98
-1.38
3.86
-0.68
-1.43
1.51
-0.76
1.66
0.37
1.94
2.9
-1.32
-2.48
-0.11
-1.65
-1.52
1.95
2.66
2.88
-1.67
3.08
-2.03
1.08
-2.21
-2.53
3.64
0.31
-1.6
-3.91
-1.4
0.85
3.32
-0.34
-1.47
0.91
1.39
-0.86
-2.63
-2.45
-3.44
-3.54
1.75
-0.21
-3.2
-0.25
2.23
-3.56
-2.83
-1.67
-2.94
1.69
0.05
-2.2
0.15
1.07
-1.91
-0.35
0.04
1.41
-1.45
-3.67
-2
3.84
-3.72
1.73
3.91
2.95
0.52
-1.32
-2.11
3.52
-2.25
-2.41
0.22
-2.28
2.47
-2.46
-2.51
0.4
-3.05
-2.56
0.22
-1.6
-2.09
-1.67
-0.25
1.21
0.25
1.46
1.86
-3.58
-0.36
