-9
-3.39
3.7
-2.4
-3.89
3.04
3.17
1.57
-1.6
-3.54
-3.44
-1.84
2.38
0.62
-2.4
-1.73
-3.97
0.66
-1.34
-2.06
-1.45
-0.2
2.2
0
-2.86
0.2
3.14
0.56
-2.32
-1.54
2.37
-0.08
-2.63
0.04
-3.63
-3.65
2.54
0.35
-2.59
0.1
1.2
1.84
-0.16
2.55
-0.53
-3.97
-2.32
0.06
-2.97
-2.94
-0.52
2.14
-3.34
1.84
0.35
1.39
-0.68
-2.86
1.73
1.44
-1.02
2.82
-1.34
0.69
1.24
3.6
0.97
-4
-0.66
-2.81
-2.66
-0.96
2.54
-3.84
-0.01
-3.67
0.97
0.8
0.79
-0.36
2.27
-0.26
-2.36
-1.34
2.98
2.81
-1.05
-1.2
1.37
2.88
0.26
-3.01
0.26
3.61
3.82
-0.95
3.63
-1.43
-2.43
2.45
-1.22
-1.89
-0.72
-3.29
2.94
0.02
2.36
-3.51
1.19
0.62
3.76
3.19
-1.35
-0.85
2.47
3.2
0.49
1.79
1.8
-3.19
-3.4
1.36
