-3
-3.24
-3.69
-2.81
-0.84
1.66
-3.29
0.95
0.97
3.59
2.73
-1.98
2.22
-0.29
0.87
-0.22
-3.88
3.61
0.48
1.12
1.39
-0.56
2.48
1.33
-2.42
-2.98
1.93
0.56
-2.3
1.44
2.6
2.96
-0.14
-0.46
-1.16
2.44
0.87
-2.67
1.27
2.27
-0.07
2.91
2.25
-0.19
0.01
-1.19
-2.2
-3.82
-3.3
-3.51
-3.32
-3.95
2.36
0.58
-2.36
3.38
1.98
-2.61
-2.94
0.17
-2.82
-1.97
0.68
1.97
-1.81
-1.6
3.79
-2.81
-2.44
2.6
0.78
0.18
1.33
-1.2
3.83
3.83
-1.63
-3.13
1.64
-1.33
1.27
-2.99
0.79
0.81
2.36
2.99
0.23
2.93
-0.45
-1.54
-3.55
-2.23
-3.74
0.89
-2.57
0.22
-0.96
1.01
2.92
2.33
3.6
-0.82
1.3
-1.61
3.01
2.33
3.91
2.39
-0.94
-3.67
-3.54
-0.69
3.09
2.26
1.6
-1.01
2.87
-3.08
-2.29
1.11
2.12
2.39
