-1
3.41
-3.42
2.93
1.79
-2.53
-1.29
3.87
2.23
-3.15
-1.5
1.1
-2.32
-0.87
3.83
-2.35
-1.72
2.61
2.4
0.97
2.21
3.51
-3.92
1.66
-1.59
2.72
2.64
-2.04
-1.3
-0.67
-0.35
-1.33
0.59
3.24
1.05
-0.83
2.11
-3.42
-1.56
1.04
1.87
1.67
-3.81
-0.56
0.16
-2.24
3.51
-2.14
1.09
0.9
-3.45
2.86
3.44
1.12
-1.81
-1.23
-2.29
2.53
3.12
1.31
-1.16
-0.58
1.89
-0.05
-2.25
0.8
-3.98
-3.24
1.84
2.12
-2.22
0.36
0.17
-1.18
3.64
-1.23
1.84
0.88
-0.78
3.26
0.59
1.73
3.37
3.52
1.91
-2.55
0.44
3.98
-3.64
0.17
-2.88
3.16
-3.12
-0.71
1.62
1.61
-0.76
0.68
-3.64
-2.32
2.8
-3.95
0.12
2.3
0.43
2.56
1.87
-1.83
0.39
2.06
0.31
-2.54
1.19
-1.86
0.81
-3.73
1.86
-4
-1.65
-1.91
3.62
-0.98
