-2
-3.19
1.06
3.3
-1.98
1.48
0.9
0.15
2.94
-3.02
-2.58
2.95
-0.14
-0.95
-3.6
0.71
-3.31
-3.05
3.86
-1.54
-3.94
1.18
0.58
2.17
-3.3
0.16
-3.11
3.43
-1.26
3.31
2.03
-3.64
-1.39
-3.37
0.16
0.94
3.53
0.42
-2.68
-1.29
-3.86
-0.46
-2.78
-1.6
-0.67
-1.43
-3.04
2.82
0.52
0.93
3.48
-0.12
2.42
-2.24
-3.18
-2.68
-2.53
-2.86
0.96
-3.36
3.57
3.27
-0.55
-2
0.38
-1.53
-3.42
0.64
-3.7
-0.56
-0.24
0.08
-1.04
-3.49
-2.88
-3.42
2.75
-3.34
3.72
2.38
3.45
-3.37
3.08
-2.94
-3.22
1.46
-2.29
2.57
3.28
0.15
-2.3
3.71
3.14
-0.4
2.69
-0.45
-0.85
2.14
1.68
-0.03
3.84
-2.65
0.36
-2.41
0.67
3.87
1.1
0.01
0.25
1.92
-1.97
-0.37
-2.65
-0.12
1.87
-3.94
1.89
1.55
-3.78
-2.06
1.71
2.03
