-2
1.39
0.05
0.22
-2.38
3.93
-0.4
-2.09
3.91
-3.59
3.9
2.3
2.73
-2.72
2.05
1.36
1.26
-0.12
-0.67
2.2
3.31
-1.98
-3.55
-3.33
1.12
-3.74
-1.64
-1.92
-3.93
-3.22
-3.17
3.89
-2.8
-2.61
-2.6
-0.94
-3.35
-0.92
-1.23
1.87
-0.58
1.87
0.6
0.47
-0.92
3.37
0.54
3.51
0.12
-0.84
-2.4
3.41
0.92
0.55
-2.5
4
-1.57
-2.63
-2.92
0.42
-2.86
2.76
-3.79
-1.56
-0.7
-3.97
0.01
1.34
2.67
-1.02
-0.49
-1.79
3.75
-2.96
2.53
0.92
-1.85
-3.2
1.81
-3.76
1.38
-3.68
2.83
3.02
1.49
-0.78
-1.68
-3.75
-0.05
-0.21
2.79
-3.15
-2.05
0.38
-2.39
-1.28
2.25
-3.15
0.87
-3.54
2.52
-2.39
-2.81
3.35
-0.73
3.44
-0.42
-0.17
-0.11
-2.67
3.44
-0.6
1.05
3.58
-2.68
3.12
-3.18
-1.48
0.3
2.3
0.73
-0.36
