-8
3.93
1.99
-2.16
-2.3
-1.8
-1.29
3.87
2.23
-3.15
2.42
-3.92
-3.84
-1.11
-0.25
-1.52
-3.92
2.27
-2.05
2.09
2.21
1.09
0.7
0.48
-1.24
0.24
1.03
2.34
-1.3
-0.67
-2.33
-1.33
-1.11
1.29
1.05
-0.32
2.11
-1.87
0.76
2.42
2.51
1.67
-2.28
-3.35
-1.61
-0.84
3.88
3.45
-1.31
0.9
1.9
2.86
2.76
-2.54
0.31
-1.23
0.22
2.53
0.78
1.31
-1.16
-2.34
3.52
-2.38
3.68
3.9
-1.01
-0.49
3.86
2.12
1.55
1.13
0.17
-1.18
2.55
-1.23
0.45
3.1
3.45
-1.55
-0.21
3.75
-2.76
-1.44
-3.36
-2.55
2.95
3.98
2.87
0.17
3.14
-1.79
-0.2
-0.71
-1.81
1.61
-2.42
0.68
-3.03
0.26
2.39
3.52
0.12
2.3
0.43
3.64
2.58
-1.83
0.39
-1.25
-2.33
-3.71
-1.62
-1.86
0.81
-2.94
1.86
-4
-3.49
3
-1.17
0.24
