-3
-1.28
0.45
-2.79
-2.37
-1.65
-0.42
-2.95
-1.36
-2.2
3.34
0.81
-0.16
2.83
-2.82
-1.75
3.2
0.92
0.77
1.69
2.52
0.07
0.36
-2.6
2.36
2.48
-3.13
-1.28
3.62
3.07
-1
-0.85
-1.62
-0.93
-0.95
-0.2
0.37
-1.42
-3.03
-3.58
-1.59
-1.68
-0.1
1.05
-0.38
1.16
-1.37
-3.41
-1.99
-0.66
1.15
-2.38
3.07
1.96
-1.94
3.47
-1.44
2.69
-0.76
-2.51
0.27
-1.47
-2.33
1.03
0.54
-2.08
2.12
-3.39
-1.15
1.3
-1.14
2.65
-2.6
0.02
-0.1
2.42
0.14
-2.72
-2.91
1.68
3.23
-0.17
-3.04
2.8
2.04
0.26
0.47
1.49
1.38
0.87
3.34
-3.83
1.52
3.02
-2.69
-2.98
-0.87
3.26
3.49
1.35
3.92
-2.01
0.16
-1.13
1.15
0.01
-1.54
-1.73
-0.35
1.04
0.12
3.35
1.78
-3
-0.12
-3.32
0.49
0.49
-3.15
2.05
0.31
-0.25
