-5
3.81
1.99
-1.32
-2.3
-1.8
-2.13
3.87
3.28
-1.94
2.42
-2.65
-2.32
-1.11
1.55
-1.52
-1.72
2.27
-0.32
0.97
2.21
1.09
0.7
-0.73
1.84
-3.06
-3.17
3.07
-1.3
-0.67
-2.33
1.93
0.59
3.24
-1.79
-0.32
2.11
-1.87
0.76
-2.38
1.35
-2.96
3.47
-3.35
-0.76
0.47
3.88
-0.8
-1.31
0.9
-0.17
-2.61
2.76
2.28
0.31
-0.3
-0.42
-2.48
-2.26
0.73
-1.91
0.58
-2.56
-0.05
1.37
0.73
-1.01
-0.49
-1.3
1.2
-0.28
1.13
1.33
-2.04
-1.43
3.6
1.14
3.1
-1.54
-1.55
-0.38
3.75
-0.56
-2.92
-3.36
-0.51
2.92
1.85
-2.32
3.9
3.59
-1.04
-3.12
-0.57
-1.81
1.61
-2.42
0.68
-3.03
1.01
2.39
2.95
0.12
3.59
0.57
-2.27
-1.02
-2.68
0.39
2.06
-0.45
3.5
0.55
0.18
-3.02
0.19
1.86
-3.83
1.12
3
-1.54
-1.47
