-10
-2.76
0.99
-1.38
-3.89
3.04
3.65
0.56
-1.6
-3.54
3.98
0.43
2.38
0.62
3.62
-1.73
-3.97
-1
1.62
-2.06
-1.45
1.46
2.2
-3.33
-2.26
-3.7
1.72
1.73
-3.36
2.14
-2.56
0.62
3.18
2.98
3.3
-3.65
-0.08
0.35
-0.48
-2.26
-0.83
1.84
-1.66
2.55
-0.53
-0.94
-0.68
2.11
-2.97
-3.31
3.17
-0.13
-1.59
1.84
2.29
-1.31
1.15
2.93
0.98
0.29
-1.02
-1.78
-1.26
0.69
1.33
3.6
0.97
3.05
-0.55
2.1
-1.98
-2.75
2.54
-1.59
-0.01
-3.67
-0.89
2.79
-3.01
-3.69
1.19
-0.26
-2.36
2.03
2.98
-3.63
0.72
3.22
2.49
2.46
-2.97
-2.72
-1.66
3.6
2.06
0.85
0.46
2.81
1.37
3.4
-1.19
0.24
-1.47
0.45
-0.98
-0.79
2.36
0.84
0.73
1.99
3.94
-1.13
3.24
0.63
0.73
-1.6
-3.82
-4
-0.46
2.65
-3.94
3.69
