0
-1.23
-2
-2.79
-1.21
-1.65
-0.42
-3.04
-0.56
-2.47
-1.16
2.58
1.35
-3.59
-0.75
-2.63
2.52
0.19
2.37
1.69
-1.69
0.07
-0.62
-3.49
2.36
-2.7
-3.13
-0.14
3.74
3.07
-1
-0.85
0.42
2.05
-0.95
-0.2
0.37
-1.42
-3.03
-3.58
-1.59
-0.65
-0.84
3.79
2.12
1.16
0.11
2.57
1.59
-0.66
-1.11
-0.21
1.5
1.96
-1.61
3.17
-1.44
2.69
3.87
1.72
3.83
0.84
-3.05
1.03
0.54
2.94
2.12
-3.09
-1.15
2.52
-1.14
3.04
1.89
3.34
1.07
0.94
-1.47
-2.72
-2.91
0.6
2.1
-0.17
-3.04
-3.98
2.04
-3.57
0.47
0.63
1.38
2.65
-0.3
-3.83
1.52
3.02
-1.39
-1.97
-2.95
-0.38
1.9
1.35
-3.84
-2.01
2.19
-1.13
-0.31
0.01
-1.54
-0.38
-2.07
0.96
0.12
-1.68
0.3
-3
-1.17
-3.32
0.49
0.49
0.74
1.39
-3.5
-0.25
