-3
-2.76
0.99
-1.36
-3.89
3.04
3.17
0.56
-1.6
-3.54
2.64
-1.84
2.38
0.62
3.62
-1.52
-3.97
3.99
1.62
-2.06
-1.45
-0.58
2.2
-3.33
2.38
-3.7
1.72
1.73
-3.36
2.14
-2.56
0.62
3.18
2.98
3.3
-3.65
-2.93
0.35
-0.48
-2.26
-0.83
1.84
-1.66
2.55
-0.53
-0.94
-0.68
-0.51
-2.97
-3.31
3.17
-2.99
-1.59
1.84
2.29
1.39
1.15
-1.06
1.73
0.29
-0.41
-1.28
-1.26
0.69
1.33
3.6
0.97
3.05
-2.48
-0.28
2.63
-0.96
2.54
-1.59
1.2
-3.67
-0.89
0.8
-3.01
-3.69
1.19
-0.26
3.28
3.96
2.98
2.59
0.39
3.22
2.49
2.46
-2.97
2.78
-1.66
1.63
3.82
1.65
0.46
2.81
1.37
3.4
-1.19
0.24
-0.72
0.45
-0.98
0.02
3.03
0.84
0.73
1.99
3.94
-1.13
3.24
-0.85
0.73
3.2
-3.82
-4
1.8
-2.5
-0.41
3.69
