-3
-1.05
1.06
3.86
0.2
-1.94
2.98
0.15
1.17
3.08
-0.05
2.95
-3.15
-2.32
-2.93
-0.45
-3.31
-3.05
-3.45
-1.54
2.49
1.1
0.58
-3.69
0.21
0.16
1.33
1.37
1.46
-0.84
2.03
-0.86
-0.06
0.19
0.03
3.19
-2.38
-2.12
3.23
3.06
-2.98
-2.97
-3.87
-1.6
-0.47
0.84
2.94
2.82
-2.19
-1.05
0.92
-3.95
-3.06
3.72
1.28
-2.63
-0.24
-2.86
2.42
-1.31
-4
3.22
-0.55
1.47
0.73
2.28
1.22
-2.75
-3.7
1.87
-3.57
-2.43
-1.09
0.56
-2.88
-0.25
-0.51
-3.34
-0.2
1.95
3.45
0.36
0.48
3.17
-3.22
-1.36
0.42
-0.2
3.28
-0.84
-2.3
3.71
0.17
-3.08
-3.6
1.62
-1.37
2.14
3.84
-2.72
3.84
-2.65
3.96
-0.84
-2.04
-2.78
1.69
-2.42
0.25
3.37
-3.2
-2.34
-2.65
2.09
-3.27
-0.43
-0.24
2.57
-3.78
0.3
1.71
-3
