-8
3.41
-3.42
-2.27
-3.98
-1.26
-1.29
1.21
-2.95
-3.15
-1.29
1.1
3.72
1.1
-0.25
1.07
1.71
1.3
-0.32
2.09
-0.2
3.51
-3.68
-0.77
-3.01
1.9
2.37
2.34
-1.3
-0.23
-0.35
1.91
-1.11
0.53
1.05
-2.66
0.79
-3.42
3.73
-1.28
1.69
-2.67
-2.28
-0.56
0.16
-2.24
-0.43
-1.41
-3.65
-0.51
1.9
-3.02
3.44
-2.54
-2.24
-3.55
1.87
-1.83
3.12
1.27
-1.16
-1.25
3.52
0.25
1.37
3.9
-2.54
-0.49
1.84
2.12
1.55
1.13
-3.55
-2.64
3.95
1.18
0.16
1.61
-1.27
2.05
-0.85
1.73
-1.05
-1.44
3.43
-2.55
0.44
-3.45
-2.32
0.6
-3.21
-1.79
-0.2
1.54
3.19
1.61
-2.95
0.11
-0.63
-2.32
-3.89
-3.93
-0.71
0.74
-0.56
-3.23
3.47
0.77
-3.28
-1.25
-2.33
-2.54
-1.62
-1.86
0.81
-0.46
-2.5
-1.48
-3.49
-1.45
1.89
-0.2
