-6
3.56
0.06
-1.21
1.16
1.34
3.76
-1.85
-2.53
-3.59
1.62
-1.06
3.24
-3.74
1.9
1.36
-1.71
-0.74
-0.72
0.06
-1.6
-3.67
-3.55
-1.35
1.65
0.28
-2.92
3.71
0.33
1.91
2.02
3.24
1.74
1.77
2.23
3.13
-2.15
-0.91
-3.9
3.05
3.66
3.36
0.6
3.65
0.16
2.6
2.75
0.19
-1.21
-1.69
-2.4
3.41
-2.41
2.99
-1.93
-0.41
-1.54
-1.92
-3.4
-1.53
-0.2
-2.57
0.49
0.15
-3.97
-2.31
2.37
-1.92
2.84
3.04
-0.49
-1.79
-2.66
1.47
3.42
3.58
-0.49
-3.2
-3.07
1.09
2.27
-2.42
2.83
3.02
0.31
3.38
-1.68
0.33
1.31
3.15
2.79
-3.15
-2.8
0.38
2.11
2.68
-0.9
2.99
0.87
-3.54
-0.9
3.25
-2.81
1.7
-0.73
3.44
1.91
-3.93
1.73
0.55
3.44
-2.35
2.08
1.39
1.09
-0.58
-1.37
-3.72
0.98
0.67
-0.04
-0.36
