-5
-2.93
-1.76
1.8
-0.84
1.07
-3.29
-2.42
0.97
-0.21
-0.26
-3.25
2.22
-0.29
0.87
-3.05
-3.88
-3.28
0.48
-0.48
-3.13
3.2
3.7
0.56
0.73
-0.28
0.47
3.7
-2.58
-2.31
-0.7
-2.67
-1.86
3.98
3.56
-2.13
3.51
3.33
-3.62
-1.2
0.59
3.84
3.71
-3.08
-3.05
-3.76
-2.28
-3.71
3.37
0.76
-3.32
-1.02
2.36
0.58
2.36
3.38
-1.1
-2.61
2.82
0.17
-0.65
-2.98
-3.99
-2.15
3.79
-1.6
2.62
-2.81
3.39
-0.42
-2.25
0.18
2.1
3.97
-0.95
-1.79
0.61
-3.13
-3.3
-1.05
-2.89
-2.59
0.45
2.91
3.52
1.08
3.79
2.93
-3.82
-3.82
-3.55
-2.23
1.11
-1.68
-3.89
1.39
1.79
1.86
-2.38
-2.75
-1.65
2.23
1.3
-1.61
-1.68
1.22
-1.84
1
3.61
1.07
3.75
1.1
3.58
2.26
0.91
-1.21
-3.32
-0.79
-1.15
0.41
0.58
-1.76
