-1
-2.76
0.99
2.48
-3.89
-0.96
1.12
0.56
2.2
-1.18
-0.43
-0.19
-3.55
-1.51
2.15
0.34
-2.43
-2.4
-1.34
2.52
3.89
2.74
2.2
3.33
-2.26
-3.7
0.83
1.73
-2.32
2.14
-3.57
-1.52
-2.63
2.2
-0.16
2.68
-2.59
-3.03
-0.93
0.1
2.23
-2.91
2.83
-2.6
0.84
0.33
-0.68
0.06
-0.48
-2.94
2.43
-2.59
0.56
-3.38
0.35
1.39
-0.65
0.2
1.72
3.85
1.12
0.21
0.01
0.26
3.84
3.6
0.97
1.45
-0.66
-1.01
3.41
3.68
-3.43
3.94
-0.01
3.9
0.97
0.8
1.32
-3.69
1.19
-0.26
3.73
1.47
2.98
3.03
0.72
1.96
1.37
2.88
0.26
-2.72
-1.66
-0.75
3.82
2.18
3.63
-1.43
1.29
-0.54
-1.22
0.24
-0.72
1.43
-1
0.02
1.94
1.92
-2.89
1.99
1.47
2.56
-1.35
-0.85
-2.42
-2.87
-2.05
-2.29
-0.46
-3.92
3.53
-3.3
