-7
3.81
1.99
-2.16
-2.3
-1.8
-2.13
3.87
3.66
-3.15
2.42
-2.65
-2.32
-1.11
-0.55
1.97
-1.72
2.27
-0.32
-2.55
2.21
1.09
0.7
3.33
-2.35
0.24
-3.17
2.8
-1.3
-0.67
-2.33
2.25
0.59
3.24
0.03
-0.32
2.11
-1.87
0.76
1.39
-3.42
-2.96
3.47
-3.35
-0.76
-2.24
3.88
2.86
-1.31
0.9
1.9
-2.61
2.76
-2.54
0.31
-0.3
0.22
-2.48
3.12
-0.32
-1.91
0.29
3.52
-0.05
1.37
0.73
-1.01
-0.49
3.86
2.12
-3.94
1.13
1.33
-2.04
-1.67
-1.23
-1.65
3.1
-1.54
-1.55
-0.85
3.75
-0.56
-3.11
-3.36
-2.55
2.95
1.85
-2.32
-3.93
3.14
-2.18
-3.12
-0.57
-1.81
1.61
-2.42
3.26
-3.03
0.26
2.39
2.95
0.12
3.59
0.43
2.56
1.87
-1.83
0.39
2.06
2.53
3.5
0.55
0.18
3.3
-1.76
1.86
-3.83
-3.01
3
3.81
-2.46
