-2
3.79
1.71
-1.38
-3.89
3.04
3.17
-0.62
-1.6
-3.54
2.64
0.43
2.38
0.27
3.62
-1.73
-3.97
3.99
1.62
-3.63
-1.45
1.46
2.2
-3.33
-2.26
1.18
1.72
1.73
-3.36
2.14
0.83
-2.94
3.18
2.98
3.3
-3.65
-2.93
0.35
-0.93
-2.26
-0.83
1.84
-1.66
2.55
-0.53
-0.94
-0.68
-0.51
-2.97
-3.31
3.17
2.14
-1.59
1.84
-2.63
-1.31
1.15
-1.06
0.83
0.29
-1.02
-1.28
-1.26
0.69
1.33
3.6
0.97
3.05
-2.48
-0.28
2.63
-0.96
2.54
3.99
-0.83
-3.67
-0.89
0.8
-3.01
-0.36
1.19
-0.26
3.28
3.96
2.98
2.59
2.15
3.22
2.49
2.46
-2.97
2.78
-1.66
1.63
3.82
1.65
3.53
2.81
1.29
0.93
-1.19
0.24
-0.72
2.96
-0.98
0.02
3.03
-3.51
0.73
1.99
3.94
-1.13
-1.35
-0.85
0.73
3.2
-3.82
-2.04
-0.46
-2.5
-3.94
3.69
