-10
-2.63
-3.13
-2.66
2.31
-2.6
3.7
0.09
-2.54
-2.4
1.22
0.38
2.92
-3.84
0.97
2.25
-0.91
-0.82
0.01
0.81
3.25
-1.02
3.97
1.03
-3.44
-1.31
0.13
-2.85
-2.82
-1.45
-1.98
1.83
1.99
-1.56
-2.62
-1.22
2.5
0.56
0.87
1.94
2.9
-1.69
-2.48
-3.38
-1.65
-3.81
1.95
-3.28
1.91
-2.95
3.08
2.53
-1.53
-3.28
-2.53
3.64
-0.18
0.98
2.42
-3.98
-2.16
2.54
-1.84
3
-0.9
-1.85
-1.06
0.96
-0.8
-3.44
0.26
1.75
-0.21
-3.2
2.62
3.61
-3.56
3.34
-1.67
-3.07
3.45
0.05
-2.2
-3.88
-1.28
-1.83
3.59
0.98
1.41
-0.73
3.39
1.7
0.05
1.23
2.75
-0.82
-3.86
2.36
1.3
-1.81
-0.74
-1.74
-0.95
-3.9
-1.58
-3.48
-3.79
-2.33
-1.43
0.25
-3.57
1.79
3.1
-2.09
0.68
1.95
0.84
2.55
0.28
-1.54
3.76
-1.75
