0
0.01
1.99
-2.16
-2.3
4
-2.13
-3.57
0.78
-3.15
-2.56
-3.92
-3.84
1.18
-0.55
-3.01
-1.72
3.64
-2.05
-1.48
1.24
-0.4
0.7
0.48
0.83
0.24
1.03
-2.91
-2.87
-0.67
0.77
-0.58
-1.11
1.29
1.05
-0.83
-1.89
-1.87
-3.89
2.42
3.8
1.67
-3.81
-0.78
-1.61
-0.81
3.88
3.45
-1.31
3.36
3.49
2.86
-0.66
2.78
0.31
-1.82
-2.86
0.39
1.21
1.08
1.59
-2.34
-3.49
-2.37
1.37
3.9
-1.01
-0.49
3.86
2.12
-3.64
1.13
-3.72
-1.18
3.64
-1.23
0.45
-3.07
3.45
-1.55
-0.21
3.75
-0.56
3.52
-3.36
-1.18
2.95
3.98
2.87
0.17
3.14
1.72
-3.12
-0.71
1.62
1.61
-2.42
-2.02
-3.03
0.26
2.39
3.52
-3.73
2.3
3
1.06
2.58
-1.83
-0.85
2.06
1.44
3.43
1.19
-0.29
3.3
-2.94
1.86
2.07
-1.65
3
3.62
-0.98
