-8
-0.81
0.93
-0.76
0.3
2.78
2.56
0.36
-0.45
3.34
2.22
-1.06
-3.99
-2.72
1.77
0.86
0.36
2.23
-2.19
1.54
3.45
-0.84
-3.56
2.25
3.75
0.51
-2.66
1.97
-2.86
-2
1.33
-3.21
2.37
1.18
2.92
2.77
-3.32
3.09
3.09
-2.39
-3.22
2.93
0.18
1.02
3.89
2.97
0.97
-3.06
3.19
3.16
-2.34
-3.34
1.9
3.34
3.49
2.95
-1.26
2.69
-0.5
3.8
1.44
-3.42
-0.79
-2.45
-1.99
1.43
0.58
-1.17
-1.63
3.01
0.18
1.27
3.14
-3.8
0.75
-3.49
2.98
-0.57
2.37
-3.23
3.54
-3.61
2.79
-2.02
-3.67
0.66
-1.1
3.03
1.69
3.97
0.02
-2.01
-0.41
3.3
0.18
-3.8
-0.29
-1.38
-0.99
-1.55
-1.61
-1.87
2.58
-3.82
-1.02
0.4
-2.47
1.69
-1.41
2.97
3.98
3.32
-3.68
-1.27
-3.75
1.05
-2.2
-2.78
-2.79
1.35
-1.47
1.55
