-3
-1.6
-1.02
-1.82
-2.32
3.84
0.03
0.55
0.8
0.36
-3.59
-0.09
2.39
1.4
-2.19
2.6
3.01
-0.06
-0.88
1.21
0.44
2.72
4
0.71
-2.33
-3.14
3.04
3.13
2.41
-1.51
-2.59
1.66
3.93
0.85
1
0.17
1.21
-3.21
-1.28
-2.3
-2.34
2.05
-1.84
-0.38
2.91
0.42
0.34
-1.15
-0.77
-0.8
-1.78
1.28
-1.78
1.32
-2.9
2.42
-1.59
2.28
-3.49
-3.18
-3.21
0.9
2.14
-1.69
-1.06
-1.24
-0.02
-2.46
-3.6
1.64
-2.61
2.21
-2.78
-2.58
-0.45
2.4
0.56
0.38
1.8
1.26
0.52
0.18
-0.1
-0.8
-3.74
0.13
-0.57
-1.39
-0.26
2.58
-2.24
2.93
-3.72
-2.1
-3.1
0.76
3.91
3.85
-3.33
0.14
-3.57
-1.2
-1.55
1.59
-2.2
0.01
0.06
-3.2
-2.23
-1.29
-2.14
2.03
-3.53
-0.75
0.3
0.61
-3
-1.07
-1.96
2.82
3.33
-2.63
