-10
-1.15
-0.45
0.75
-3.25
-1.64
-3.53
-0.01
-1.36
2.31
3.87
3.5
0.78
2.75
2.86
2.63
0.82
2.45
-0.81
2.57
-2.09
1.49
2.74
-3.33
-2.13
-2.32
-3.81
-1.45
3.83
0.71
3.71
2.11
-2.68
3.21
-0.24
-1.79
1.35
2.45
0.24
2.08
2.13
1.98
2.07
-2
-0.86
-1.69
3.22
2.03
-0.83
0.76
0.51
1.4
1.27
2.97
0.86
-0.9
0.11
-1.13
-1.12
3.08
-1.83
1.92
0.16
1.93
2.61
-2.24
2.17
1.58
-1.01
0.65
-2.73
2.38
-1.8
1.11
-3.57
-0.07
3.43
0.73
1.53
3.56
-1.54
-1.84
3.38
-0.93
-3.8
-1.7
-3.17
-1.65
-1.65
-3.35
2.1
-1.53
-0.43
1.16
-0.09
-3.8
-2.18
-3.87
-0.6
-2.62
0.14
-2.36
-0.97
2.52
-0.51
2.14
-0.8
-3.84
2.54
-3.08
-0.32
3.39
1.34
-0.68
0.62
-4
2.55
-2.92
1.73
0.31
-3.07
-0.18
