-3
-3.19
-3.11
3.13
1.48
-1.94
2.35
-3.1
1.17
-1.6
-3.07
-0.97
-0.14
-2.32
2.35
1.48
2.29
3.66
-3.45
-1.54
0.47
1.1
0.58
2.17
-3.06
1.61
-3.11
1.37
1.46
1.92
-2.66
-3.25
0.36
0.19
0.16
-1.09
3.83
2.63
3.23
3.06
-3.86
-3.83
2.44
1.86
-2.5
-1.43
-3.04
2.3
-3.75
2.09
0.92
-0.41
0.83
-3.02
1.28
-3.99
-3.7
-1.18
0.96
-3.53
-3.15
3.27
-2.02
-2
2.48
2.28
-3.38
0.64
-3.7
-0.34
-3.57
0.08
0.32
1.58
-2.88
-0.25
-0.51
-3.34
-3.36
1.95
3.77
0.36
1.8
0.88
2.88
-1.36
-0.24
-0.2
-3.96
1.92
-1.02
-2.53
-1.65
-0.48
0.97
-0.45
-0.85
1.13
2.94
-2.86
3.84
1.81
0.36
-0.84
3.48
-3.63
-0.55
-2.42
1.69
3.37
-3.92
-3.32
2
2.09
3.3
-3.94
-0.24
2.49
-3.78
-2.06
-3.55
-3
