-10
3.79
0.99
-1.36
-3.89
3.04
3.17
0.56
-1.6
-3.54
2.64
-1.84
2.38
0.27
3.62
-1.73
-3.97
3.99
-2.04
-3.63
-1.6
1.46
2.09
-3.33
-2.26
-3.7
1.72
0.56
-3.36
2.62
-2.56
-2.94
3.18
2.98
3.3
-3.65
-2.93
0.35
-0.93
-2.26
-0.83
3.85
-1.66
2.55
-0.53
-0.94
-3.95
2.11
-2.97
-3.31
2.43
2.14
1.45
1.84
-2.79
-1.31
1.15
-1.06
0.83
0.29
-1.02
-1.28
-1.26
0.69
1.33
1
0.97
3.05
-2.48
-1.11
2.63
3.68
2.54
3.99
1.2
2.43
0.97
2.79
-3.06
-3.69
1.19
-0.26
-2.36
3.96
2.98
2.81
0.39
1.96
2.49
2.46
-0.12
2.78
-1.66
1.63
3.82
3.44
2.93
-1.43
1.29
0.93
-1.22
0.24
-0.72
2.96
-0.98
0.02
2.36
-3.51
0.73
1.99
3.94
2.56
-1.35
0.63
0.73
3.2
-3.82
-4
-0.46
-2.5
-3.94
3.69
