-10
0.12
0.92
3.86
-1.98
-1.94
0.9
3.37
-0.61
-0.18
-0.05
1.24
0.47
0.47
-3.6
3.61
1.89
-3.05
-3.45
3.36
1.71
-3.94
-2.35
-0.63
1.95
3.5
-3.11
-1.93
-0.35
-0.84
-0.58
-0.86
2.59
-3.37
3.02
0.86
0.46
2.63
-3.45
-0.53
3.28
-2.97
2.89
0.83
-2.5
-1.88
2.94
-3.02
-2.19
-1.81
0.29
-0.41
2.42
-3.63
0.57
3.88
0.17
-0.23
0.96
-0.96
3.09
1.48
-0.55
1.47
0.38
0.15
1.22
1.59
-0.75
-0.56
3.79
1.72
-2.9
1.58
-2.88
-0.98
3.34
-0.96
-1.73
2.38
2.68
0.36
1.65
3.17
1.42
-1.57
-2.04
2.57
2.2
-0.84
-2.16
1.98
3.14
2.28
0.12
-1.28
1.09
2.14
2.71
-0.03
3.32
-3.37
3.96
2.45
-2.04
2.73
1.1
-0.4
-1.32
1.7
-1.97
-3.35
-2.65
3.99
3.3
3.79
3.98
2.57
-3.78
-0.16
-2.54
0.18
