-10
3.79
1.71
0.04
2.42
3.04
0.94
-0.62
-2.81
0.23
-2.35
-1.87
2.38
0.27
-2.4
3.62
-1.22
3.99
-3.87
2.52
-1.45
-0.2
2.09
0
0.49
3.86
2.61
-3
-3.36
2.62
0.83
-2.94
1.93
2.98
2.1
0.13
-2.93
0.35
-0.48
3.63
-0.67
1.84
2.83
3.69
0.94
-0.76
-0.52
-0.51
0.9
-3.69
-1.55
2.14
3.09
-0.73
-2.75
-2.34
1.15
-2.86
3.56
0.36
2.67
2.82
-1.26
0.69
1.33
3.16
0.97
-0.54
1.08
-2.81
3.24
3.91
1.75
-1.59
1.2
0.89
0.97
-1.6
-3.06
1.48
-3.3
-0.1
-2.07
3.96
-0.68
-3.9
0.87
-2.67
2.49
3.86
-2.97
-3.01
-1.76
-0.32
3.2
1.65
2.85
-1.43
2.74
0.93
-1.19
-3.22
1.79
1.43
2.94
0.35
-0.74
-3.09
0.73
1.3
1.72
3.19
-3.96
-1.85
3.04
3.44
0.88
-0.49
-3.55
-0.27
-2.99
3.69
