-2
1.39
0.05
-0.73
-2.38
2.81
1.7
-2.09
3.91
-3.59
-0.55
-3.24
2.73
-2.72
3.68
1.36
4
-0.12
-0.67
2.2
-2.03
2.23
-1.86
1
1.12
0.28
-1.64
-1.92
-3.93
-3.22
-3.17
0.74
-2.8
-2.61
-2.6
-0.94
-3.35
-0.92
-1.23
1.87
-2.6
1.87
0.6
-3.95
-0.92
3.37
2.75
3.51
0.12
-0.84
-2.4
2.53
0.92
2.99
-2.5
4
-1.57
-1.92
0.88
1.23
-2.86
-0.8
-3.79
-3.06
4
-3.97
0.01
-3.03
2.67
-0.94
-0.49
-1.79
3.75
-1.88
2.53
0.92
-1.85
-3.2
1.81
-1.22
1.38
-3.68
2.83
3.02
1.49
-0.78
3.82
1.84
-0.05
3.15
3.9
2.77
2.68
0.61
-2.39
-1.28
2.25
-3.15
0.87
-3.54
2.52
-2.39
-2.81
3.35
1.1
0.18
-2.31
-0.17
1.11
2.13
3.44
-0.6
-1.55
0.67
1.09
3.12
1.71
-1.48
0.3
0.67
-0.22
-0.36
