-2
-1.36
2.78
1.15
0.02
-2.6
-0.5
0.09
0.48
-3.66
1.22
0.38
2.92
3.7
-1.29
0
-0.12
-0.82
-4
-1.22
-3.81
3.87
1.06
-1.98
-3.44
-3.49
-1.81
2.58
-2.82
-1.45
-2.98
0.34
3.86
1.36
2.53
1.51
-1.75
0.56
0.37
1.46
2.97
-1.09
-1.79
-2.11
-1.65
-1.52
1.95
-3.28
2.88
3.41
3.08
-2.03
-1.53
-3.28
2.3
0.05
0.31
-3.22
-3.91
2.99
-1.61
2.54
-0.26
3
-0.9
3.68
-0.86
0.96
-0.8
-0.68
3.01
1.75
-0.45
-3.01
1.41
2.23
2.57
3.13
-1.43
2.48
3.45
2.51
-1.22
-3.88
1.07
0.91
1.32
0.98
1.41
-0.73
3.39
-2
3.84
1.23
3.04
-0.18
2.95
2.36
1.3
3.31
3.52
-2.25
2.92
-3.9
-1.58
2.47
1.46
-2.51
-1.43
-3.88
-3.57
0.22
-1.6
1.87
-1.67
1.95
0.47
2.55
1.46
-1.54
3.76
-0.36
