-2
1.39
0.06
-1.31
-2.38
3.93
1.7
-2.09
3.34
-2.7
3.9
-1.06
3.24
-2.72
3.68
2.77
-3.96
-0.12
-1.22
2.2
3.31
2.23
-1.18
1
1.65
-3.74
0.51
3.96
4
1.91
-3.94
0.74
1.74
1.77
1.8
-1.17
3.85
-0.96
-1.23
3.05
-0.58
1.87
0.6
-3.95
-0.92
2.6
-1.72
3.51
-1.21
-0.84
-1.67
3.41
-3.14
2.99
-2.5
4
-3.19
3.81
-3.4
1.23
1.56
2.76
-2.16
0.17
4
-2.31
0.01
-3.03
2.67
-1.02
-0.49
0.66
3.75
0.24
3.42
2.32
-1.85
-3.2
1.81
-3.76
1.38
-3.68
-1.62
3.02
3.17
1.85
-1.68
-3.75
1.31
3.15
3.9
-2.9
2.23
0.38
2.11
-1.28
-0.9
-3.15
3.29
2.71
2.52
3.25
-2.81
-2.67
-0.73
-1.73
-2.31
-0.17
1.73
2.13
1.69
-0.6
-1.55
0.67
1.09
3.12
-3.18
-1.48
0.98
0.67
-0.22
2.17
