-2
-1.05
-3.62
3.86
0.2
-1.94
0.9
-3.1
3.79
3.08
-0.05
0.34
0.47
-2.32
2.35
-0.45
2.75
-3.05
3.86
-1.54
1.71
3.58
-2.35
2.17
0.21
0.16
-3.11
3.08
1.46
-0.84
2.03
-0.86
-0.06
0.19
0.16
-1.09
-2.38
2.63
3.23
3.06
-2.98
-3.83
-3.87
1.86
-0.47
3.9
-3.04
-3.02
-2.19
0.93
0.92
-0.41
-3.06
-2.24
-3.18
-2.68
0.17
-2.86
2.42
-0.96
-3.15
3.27
-0.55
-2
0.73
-1.53
-3.42
-2.75
-3.7
1.87
-3.57
-0.32
0.32
1.58
3.13
-3.42
-3.48
3.33
-0.2
3.04
3.45
2.82
0.48
-3.13
2.88
-1.36
0.42
2.57
3.28
-0.84
-2.3
-2.53
3.14
-0.48
-3.6
-0.45
-0.85
2.14
3.84
-2.72
3.84
-2.65
0.36
-0.84
-2.04
-2.78
1.69
-0.4
-0.72
3.37
-3.2
-1.88
-2.65
2.69
-3.27
-0.43
1.89
2.57
-3.78
0.3
1.71
-2.82
