-8
1.71
1.99
-3.33
-2.47
-1.8
-1.29
-3.57
0.78
-2.1
-2.74
1.1
-1.08
-1.11
-2.87
-3.01
-3.92
3.64
-0.32
-1.48
1.24
1.29
0.7
1.66
-1.59
1.9
2.64
-2.91
-1.3
-0.23
-0.35
-0.58
0.59
-0.12
1.05
-0.32
-1.89
-1.87
-3.44
2.42
3.8
1.67
3.47
-3.35
-3.37
-0.84
-0.43
-1.41
1.09
-0.51
1.9
2.86
2.76
2.78
-1.81
-1.23
0.22
2.53
3.12
1.27
-1.16
-2.71
3.52
0.39
-2.2
1.32
-1.01
-3.24
3.86
2.12
-2.22
0.36
-3.55
1.14
3.95
-1.23
1.84
-3.07
3.45
-1.55
0.59
0.48
-0.56
3.52
-3.36
-2.55
0.44
3.98
2.87
0.17
-3.48
-3.52
-3.12
-0.71
1.62
1.61
-2.42
0.68
2.95
-2.32
2.8
-3.93
0.12
2.98
-0.56
3.64
-3.79
-1.83
0.39
2.06
-2.33
-2.54
-1.62
-1.86
0.81
-2.94
1.86
-4
1.57
-1.91
-1.17
-0.98
