-10
2.99
0.99
-1.38
-3.89
3.04
3.17
0.56
-1.6
-3.54
2.64
-1.84
2.38
0.27
3.62
-1.73
-3.97
3.99
1.62
-3.63
-1.45
-0.2
2.09
-3.33
-2.26
-3.7
1.72
1.73
-0.34
2.62
2.37
-0.08
3.18
2.98
-2.49
-3.65
2.54
0.35
-0.93
0.1
-1.47
3.85
-1.66
-0.72
-0.53
-0.94
-3.95
-0.51
-2.97
-2.45
2.43
2.14
0.56
1.84
-2.79
1.39
-0.68
3.44
1.73
0.29
0.06
3.99
-1.26
-2.88
1.24
1
0.97
1.13
-0.66
-2.81
-3.72
3.68
1.58
-1.59
-0.01
-3.67
0.97
0.17
-3.06
-0.36
1.19
-0.26
-2.36
3.96
-0.68
2.81
0.72
1.96
1.37
2.46
0.26
-2.05
-1.64
1.63
3.82
-0.95
3.63
-1.43
-2.43
2.45
-1.22
-0.79
-0.72
0.45
-0.98
2.31
2.36
-3.51
-2.52
1.99
3.94
2.56
-1.35
-0.85
0.73
3.44
0.49
-4
-1.85
-2.5
-3.94
3.69
