-3
-1.23
0.45
0.54
-1.21
-1.65
-0.42
-2.95
-1.36
-2.2
1.22
0.81
1.35
-3.59
-2.82
-2.63
2.52
0.92
0.77
-2.09
2.52
0.07
-2.77
1.81
2.36
2.48
-3.13
3.42
3.62
3.07
-1
0.99
0.42
-0.93
-0.95
-0.2
0.37
-1.42
-3.03
2.48
-1.59
-0.65
-0.84
3.79
-0.38
1.05
-1.37
-3.53
1.59
-1.64
0.29
-1.05
1.75
1.96
-1.94
3.47
-3.91
2.69
3.92
-2.51
0.27
3.28
-2.33
1.03
0.54
-2.08
1.54
-3.39
-0.94
1.3
-1.14
-0.99
1.89
3.34
-0.1
-3.4
0.14
-2.72
-2.91
-0.19
3.23
-0.17
1.97
-3.44
2.04
-3.78
0.47
1.47
1.38
2.65
-0.3
-3.83
1.41
3.02
-3.36
-2.98
-2.95
3.26
-0.76
1.35
3.92
-0.89
0.16
-3.95
1.15
0.01
-0.79
-1.73
-0.35
1.04
2.52
2.44
1.78
0.48
0.93
-3.32
0.49
1.61
-3.15
2.05
0.31
2.52
