-5
0.8
-3.86
3.75
0.72
-2.46
-2.69
-3.04
2.68
-1.44
1.77
-1.25
2.47
0.53
0.69
-2.2
-3.53
-2.85
-0.63
-1.13
0.92
3.09
2.11
1.14
-0.17
0.66
3.22
-0.6
0.07
-1.18
3.52
2.41
-1.71
-2.37
-2.34
-1.08
-1.52
2.65
3.24
-0.76
1.7
-1.67
2.57
-0.88
-2.58
-3.08
1.96
1.94
1.38
1.2
2.02
-3.19
2.15
-2.04
3.06
2.95
-0.4
1.74
3.66
-1.98
-0.38
0.21
3.42
-2.2
0.32
2.29
1.85
1.68
1.68
-3.72
-1.04
-2.2
-0.82
-1.63
2.29
2.07
0.78
3.84
-1.24
0.33
-0.01
0.46
-3.75
-3.18
2.69
1.62
3.47
-2.96
-1.75
1.08
0.56
0.64
-3.05
2.07
0.54
2.66
-1.08
1.6
-2.4
-1.75
-0.88
-2.83
-3.68
-1.47
-2.92
3.05
-1.98
2.87
3.61
-1.48
-0.97
1.14
0.25
3.25
-1.47
0.28
2.12
1.98
-1.06
1.28
2.84
-1.95
