-5
0.8
3.64
1.26
-3.62
-2.94
-2.1
1.72
2.68
-3.08
1.77
1.11
2.47
0.06
0.69
1.99
-3.95
0.87
-1.44
-1.13
-0.14
2.75
-3.62
-0.59
2.41
-2.57
3.22
-0.19
2.31
0.65
-3.41
2.41
-3.76
-1.02
-2.34
1.98
-1.52
2.06
2.74
-2.58
-0.41
-1.67
-2.27
2.62
1.22
-1.92
-0.45
-1.24
-0.76
1.2
-3.91
3.77
2.15
-2.14
3.08
2.95
-2.28
3.57
-2.93
-1.98
-0.38
-2.91
3.42
-0.38
0.32
2.29
3.09
-2.1
-3.63
-3.72
-1.93
1.7
-0.72
-1.63
-0.03
2.07
3.46
-2.33
3.29
-3.27
-1.89
0.46
-3.77
-1.11
-2.52
2.9
-1.15
2.38
-1.75
-2.45
0.56
0.64
-3.05
2.07
0.54
-1.38
2.26
-2.26
0.1
-1.75
0.81
-3.58
-0.9
-1.47
-2.92
3.56
-1.65
2.87
3.28
-1.48
0.12
-0.93
0.25
3.25
1.78
0.28
2.12
1.98
1.15
0.44
-2.84
-3.96
