-4
-1.23
0.81
-1.71
3.01
0.68
-2.69
-3.04
1.95
1.05
-1.16
2.58
-0.16
-3.59
-0.75
-1.75
2.52
0.92
3.66
1.69
3.5
0.07
-3.58
-2.6
2.36
-2.7
-3.13
-3.19
3.62
3.07
-1
-0.85
0.97
2.05
-0.95
-0.2
-3.78
2.26
1.41
2.48
-1.83
-1.99
-0.1
1.05
0.72
1.16
-2.97
-3.41
1.59
-0.66
0.29
0.46
1.75
3.8
-1.94
3.47
-1.44
2.69
3.87
1.72
-1.02
-3.63
-2.33
1.03
0.54
-2.08
2.49
-3.09
2.21
1.3
-1.14
3.04
-2.6
3.34
1.07
1.79
-1.47
-2.72
3.45
2.57
2.1
1.69
-3.04
-3.98
2.04
-3.57
-2.59
0.63
3.15
-1.04
-2.01
-3.83
1.41
3.02
-2.69
-1.97
-3.5
-1.89
-0.76
-1.21
-3.84
-0.89
0.75
-1.13
-0.31
0.01
-2.25
-0.38
-0.35
0.96
2.52
0.02
-0.89
-2.77
0.36
-3.32
0.49
0.49
3.83
3.11
3.37
3.97
