-3
3.93
-1.02
-3.33
1.79
-2.53
-3.35
1.21
-3.98
-3.15
-1.43
1.1
3.72
-1.11
-2.87
-1.52
1.71
1.3
-2.05
0.97
0.1
1.29
-2.51
1.66
0.83
1.9
2.64
-2.04
-1.3
-0.67
-0.35
-1.33
-1.11
3.24
1.05
-0.32
1.56
-3.42
0.76
0.29
1.87
-2.67
-2.28
-0.56
0.16
-2.24
-3.18
-0.45
1.09
0.9
1.9
-2.94
2.99
-2.54
-1.81
-3.55
2.72
2.53
2.54
1.31
0.06
-0.58
-3.49
0.25
1.37
0.8
0.36
-2.7
3.86
0.66
1.55
0.36
2.15
-1.55
3.95
-2.17
0.45
0.88
-0.78
3.26
-0.21
1.73
-1.05
-1.44
1.91
0.19
0.44
3.98
-1.48
0.17
-2.88
-1.79
-3.12
1.91
3.19
1.61
-2.95
0.11
2.95
0.26
2.8
-1.32
-2.4
2.98
0.43
2.56
2.44
-1.83
-0.85
-0.47
-2.33
-2.54
-1.62
-1.86
0.81
-2.94
-2.5
-4
-3.49
-1.38
-1.17
-0.2
