0
-1.36
2.78
-1
-3.53
-3.57
3.85
0.09
0.48
-0.2
-0.74
0.38
2.92
-3.84
2.08
0
-0.12
-0.82
1.91
-1.22
-3.81
-0.22
1.06
-1.98
-3.44
-0.32
-1.67
0.15
-2.82
3.08
3.57
0.34
3.86
1.36
2.53
1.51
2.5
1.66
-2.45
1.94
2.97
2.97
2.6
-0.11
-1.65
-1.52
1.95
3.68
2.88
3.41
3.08
-2.03
1.08
-2.21
2.3
-2.93
0.31
-1.6
-3.91
-1.4
0.85
-1.12
1.54
-1.47
-0.9
1.39
-0.86
-0.85
-0.8
-3.79
-3.39
1.75
0.15
-3.2
2.62
0.93
-3.56
-2.83
-1.32
-2.14
3.45
3.33
-1.42
-3.88
1.07
0.91
-0.35
1.29
1.41
-1.06
-3.67
0.82
-3.2
-0.42
3.04
3.91
2.95
3.14
3.73
-2.11
2.77
-2.25
2.92
-0.43
-1.58
2.47
1.46
-2.51
-0.68
-3.88
-3.57
0.22
-1.46
1.87
-1.67
1.95
0.47
2.55
1.46
0.45
-3.58
1.97
