-2
1.39
0.05
-1.31
-2.38
2.81
-0.4
-2.09
3.91
-0.02
-0.55
2.3
2.73
-2.72
2.05
1.36
1.26
-0.12
-0.72
2.2
-1.6
-1.98
-1.86
-3.33
1.12
-3.74
-1.64
-1.92
-3.93
-3.22
-3.17
0.74
-1.01
-2.61
-2.6
-1.17
-3.35
-0.92
-1.23
1.87
-2.6
1.87
0.6
0.47
-0.92
2.6
-1.72
3.51
0.12
-0.84
-2.4
3.41
0.92
1.92
-2.5
4
-1.57
-1.92
-2.92
1.23
-2.86
-3.03
-3.79
-1.56
-0.7
-3.97
0.01
1.34
1.5
-1.02
-0.49
-1.79
3.75
-2.96
2.53
0.92
-1.85
1.41
-3.07
-1.22
1.38
-3.68
2.83
3.12
1.49
-0.78
-1.68
1.84
1.31
-0.21
3.9
2.77
-2.05
0.61
-2.39
-1.28
2.25
-3.15
0.87
2.71
2.52
-2.39
-2.81
1.57
-0.73
3.44
-2.31
-0.17
1.11
0.59
3.44
-3.67
1.05
0.67
-2.68
3.12
-3.18
-1.48
0.3
0.67
-0.22
-0.36
