-3
-1.28
-1.16
0.54
-1.21
-1.65
-0.42
-2.95
-1.36
-2.2
3.34
0.31
-0.16
2.83
-0.75
-2.63
0.09
0.19
2.37
1.69
-1.69
-2.53
0.36
-2.6
2.36
2.48
2.36
-1.28
3.74
3.07
-1
-0.46
-1.62
-0.93
-0.95
-0.2
0.37
-1.42
1.11
-3.58
-1.59
-0.65
-0.1
1.05
2.12
1.05
-1.37
-3.41
2.1
-1.64
1.15
-2.38
3.07
2.93
-1.94
3.17
-1.44
-1.66
3.87
1.72
0.27
-3.63
-2.33
0.84
-0.75
-2.08
2.12
-3.39
2.41
1.3
-1.14
2.65
-2.6
2.22
-0.1
-0.37
0.14
2.44
-2.91
1.68
-0.73
-1.04
-3.04
2.8
-2.99
0.26
0.47
1.49
1.38
2.65
3.34
-3.83
1.52
-1.41
-2.69
-2.98
-0.87
-0.38
3.49
1.35
-3.84
-2.01
2.19
-1.13
1.15
2.5
-1.54
-1.73
-0.35
0.96
0.12
2.44
1.78
0.48
0.93
-3.32
-2.04
1.61
-3.15
3.11
3.34
-0.25
