-8
-3.22
0.45
-2.79
-2.37
-1.65
-0.42
1.33
-0.56
-2.2
1.22
0.31
3.36
-3.59
-2.82
-1.75
0.09
0.92
0.77
1.69
-1.69
-2.53
0.36
-2.54
2.36
2.48
2.36
3.28
3.62
3.07
-1
-0.85
-0.24
-2.9
-0.95
3.28
0.37
-1.42
-3.03
0.49
-2.12
-3.94
-0.41
1.05
-0.38
1.05
-0.48
-1.41
2.1
-2.86
1.15
-1.05
3.07
1.96
-0.58
3.47
0.87
2.69
3.92
1.72
0.27
-1.47
-2.33
0.84
-0.75
-2.08
-1.29
-3.39
2.59
1.3
-1.14
2.65
-3.74
3.34
2.68
-0.23
-0.23
1.2
-2.91
-3.42
3.42
-0.17
-3.04
2.8
-3.17
-3.32
0.2
-0.98
3.45
2.65
2.93
0.18
1.52
-1.41
1.76
-1.97
-3.89
3.26
3.29
-3.46
0.5
1.28
0.16
-1.13
1.15
-3.48
-3.14
-1.73
-0.35
1.04
2.52
2.44
1.78
3.11
0.93
-3.32
0.49
1.61
-3.15
2.05
2.75
-0.59
