-3
-1.23
-1.16
-2.79
-2.37
-0.17
-0.42
-3.04
-1.36
-2.2
3.34
0.31
1.35
2.83
-2.82
-1.75
0.09
0.19
2.37
1.69
2.52
-2.53
-0.62
-2.6
-2.55
2.48
2.36
-1.28
3.62
3.07
-1
-0.46
-3.54
-0.93
-0.95
-0.2
0.37
-1.42
1.11
-3.58
-1.59
-3.94
-0.1
3.79
2.12
1.16
-1.37
-3.41
2.1
-0.66
1.15
-0.21
3.56
1.96
-1.94
3.17
0.87
2.69
3.92
1.72
0.27
-1.47
1.05
0.84
-0.75
-2.08
1.54
3.31
2.41
-0.84
-1.14
2.65
1.89
0.02
-0.1
-0.37
-0.23
2.44
-2.91
1.68
-0.73
3.79
-3.04
2.8
2.04
0.26
-3.53
-0.86
1.38
2.65
3.34
-3.83
1.52
-1.41
-2.69
-1.97
-0.87
3.26
3.49
1.35
3.92
-2.01
0.16
-1.13
1.15
2.5
-2.25
-1.73
-0.35
1.04
2.52
2.44
1.78
-3
0.93
-3.32
-2.04
1.61
-3.15
2.05
3.34
3.76
