-5
-1.79
3.64
1.26
-3.62
-2.94
-2.1
-1.45
-3.95
-1.44
1.77
-1.89
2.47
-1.81
0.69
1.99
3.37
-0.69
-0.63
-1.13
3.71
2.75
-3.62
1.69
-0.17
-2.57
3.22
-0.95
0.07
-3.25
3.52
-3.64
-1.71
-2.84
-2.12
-1.08
-1.52
2.65
3.24
-2.58
1.7
-1.67
0.1
-0.88
1.06
-3.08
1.96
1.94
0.55
3.57
2.02
-3.19
-3.17
1.89
3.08
-1.85
-2.28
3.57
-2.93
-1.98
-0.06
0.21
-2.84
-0.38
2.53
2.29
1.85
-1.9
-3.63
-3.72
-1.04
-2.2
1.84
-1.63
-0.03
2.22
0.67
3.84
3.92
2.79
1.88
-0.44
-3.77
-3.18
2.69
-3.17
3.47
-2.96
-0.79
-2.45
0.26
0.64
-3.05
2.07
3.63
2.66
2.26
1.6
2.2
2.7
-0.88
1.57
-0.9
-1.47
-2.92
0.8
-1.98
2.82
-3.37
2.43
-2.05
-0.93
0.57
0.65
1.78
0.28
0.05
1.98
-1.06
-0.51
2.84
-2.25
