-8
0.01
1.99
-2.16
-2.3
-2.53
-1.29
-0.54
-3.98
-3.15
2.42
-2.65
-2.32
-1.11
-0.25
-1.52
-1.72
3.64
-0.32
-1.48
2.21
-0.4
-1.71
-0.77
-1.24
0.24
1.03
-2.91
-1.3
-0.67
0.77
-0.58
-1.11
3.24
1.05
-0.32
2.11
-3.42
-3.89
2.42
2.51
1.67
3.47
-3.35
0.16
-2.24
3.88
2.55
-1.31
-0.51
1.9
2.86
2.99
-2.54
0.31
-1.23
0.22
2.53
0.78
1.31
0.05
-0.58
3.52
-0.05
1.37
3.9
-1.01
-0.49
3.86
2.12
-3.64
1.13
0.17
-1.18
2.12
-1.23
0.45
-3.07
3.45
-1.55
-0.21
3.75
-0.56
3.52
-3.36
-2.55
2.95
3.98
2.87
-3.93
3.14
1.72
-3.12
1.54
1.62
1.61
-2.42
0.68
-3.03
0.26
2.39
0.18
0.12
2.3
3
2.56
2.58
-1.83
-3.28
2.06
-2.33
3.43
-1.62
-1.86
3.3
-2.94
1.86
2.07
-3.01
-1.91
3.62
-0.98
