-2
-0.22
-3.4
1.15
2.31
-2.6
3.7
0.09
2.67
-0.2
1.22
0.38
0.69
-3.28
0.97
2.25
-0.12
1.87
-4
0.81
-3.81
3.87
3.97
-0.37
0.52
-1.31
-1.67
-2.85
-2.82
-3.38
-2.98
-3.71
-2.87
1.36
-2.62
1.51
-1.75
1.66
0.87
1.46
2.9
-1.82
-2.48
-2.22
-0.93
-3.81
0.1
-3.28
1.91
3.19
3.08
2.53
-1.53
-3.28
-2.53
3.64
-0.18
0.98
-3.91
2.99
-1.61
1.64
-1.84
3
-0.9
0.42
-1.06
0.96
3.74
-3.97
0.26
3.76
-0.21
-2.55
1.41
1.34
2.19
3.34
-0.47
-3.07
3.45
0.05
-1.22
-3.88
-1.28
-0.09
2.52
0.98
3.23
-1.06
3.39
1.51
-3.2
0.2
2.75
-0.18
2.95
3.14
1.3
-2.11
2.77
0.61
-0.95
-3.9
-1.58
-1.81
-3.79
-2.51
-1.43
-3.88
3.64
-2.77
-2.75
-2.09
0.68
-0.25
-2.93
2.55
1.46
1.16
3.76
-2.22
