-5
-1.9
3.29
1.26
-0.06
1.44
-2.1
-3.04
2.68
-1.35
-3.31
-1.25
1.86
0.53
0.69
1.99
3.37
-0.69
-0.63
2.38
0.92
2.75
-3.62
1.69
-0.17
-3.94
0.36
-0.95
0.07
-3.25
0.54
-3.64
-1.71
2.53
-2.34
-1.08
-1.52
2.65
3.24
-0.76
1.7
-1.67
0.1
-0.88
1.06
-1.92
-0.45
0.38
0.55
-0.68
3.53
-3.19
2.15
1.89
3.08
2.95
-0.4
1.74
-2.93
3.11
-0.06
0.21
-2.84
1.85
0.32
-1.79
1.85
-1.9
1.68
-3.49
-1.04
-2.2
1.84
-1.63
3.86
2.07
-0.09
3.84
-1.24
-3.27
2.72
-0.44
-3.77
-3.18
2.69
2.9
-0.42
-2.96
-0.79
-1.61
0.56
0.64
-3.05
2.07
3.63
2.66
3.15
-3.35
-2.4
-1.75
0.81
1.57
-0.9
-1.47
-2.92
0.8
-1.65
2.82
3.61
1.44
-2.05
1.14
0.25
-2.75
-1.47
0.28
2.12
1.98
-1.06
0.44
-2.84
-2.25
