0
1.39
0.06
-0.73
-1.37
0.52
-3.05
0.76
-3.84
-1.88
3.9
-2.6
2.73
0.53
3.68
0.05
4
-0.12
-0.67
-3.62
3.31
-1.98
0.09
-3.33
1.12
-3.74
-1.64
1.33
4
-3.22
-3.24
1.22
-3.62
0.81
1.8
2.17
-1.29
-3.41
-0.22
1.87
-2.6
3.92
0.6
0.47
-0.92
-1.21
3.19
-3.01
0.02
3.42
-2.4
3.81
-0.69
1.92
-2.73
2.23
-1.57
-1.92
3.46
1.23
-2.86
-0.4
-3.79
-1.56
-0.7
-3.97
0.01
1.34
2.67
-1.02
-3.93
-2.53
2.41
-1.88
2.53
2.32
0.08
-3.2
1.81
1.57
2.23
-2.42
0.63
3.02
3.5
-3.66
-1.68
0.33
-0.05
-1.51
-2.41
-2.9
2.23
-0.23
-3.52
-1.28
-2.22
3.9
0.87
-3.54
2.52
-1.17
-2.81
3.35
3.44
1.91
-0.42
-0.17
-0.11
-1.3
2.53
-3.17
-2.19
3.87
-2.47
2.57
3.6
-1.48
2.83
0.67
-1.47
-3.44
