-2
-0.8
0.17
-1.9
-0.28
1.19
-1.07
-1.58
-3.56
2.78
1.02
-3.17
1.27
2.63
2.98
0.95
2.47
-0.62
-2.42
3.26
-2.86
-3.69
3.29
-1.67
-3.67
-0.79
2.3
2.76
0.09
-1.06
-0.95
-0.13
2.93
3.01
-1.81
-1.74
-3.81
-2.59
1.09
2.4
1.05
-0.7
1.9
-1.46
2.47
-0.34
0.74
1.36
0.66
3.83
-2.69
-0.5
2.3
-0.76
2.34
-1.26
0.24
0.84
0.74
-3.74
-3.83
-1.12
0.81
-3.21
-3.76
3.24
3.92
1.35
1.45
-1.38
-0.81
-3.91
-0.74
-3.4
0.7
3.83
-0.47
-1.87
-2.37
1.92
2.71
0.05
-2.6
0.51
1.06
0.63
3.46
-2.65
-3.19
3.85
2.49
-2.4
-2.99
0.24
-1.29
3.91
-0.8
-3.87
-0.19
3.06
1.45
-3.39
3.96
-2.95
-2.74
-2.37
-1.48
1.06
3.85
1.1
-0.33
0.86
-0.87
2.79
1.59
-0.26
2.88
-3.67
-2.43
1.21
-3.67
-3.65
-2.81
-1.44
-0.22
3.43
-2.11
-1.98
-1.26
0.77
1.78
2.13
1.21
1.05
0.63
2.08
-0.71
1.89
-0.75
2.59
0.16
-0.05
3.03
2.9
-0.49
-2.53
-3.98
0.18
-2.43
0.69
3.93
-0.17
0.84
-2.35
3.4
-0.18
-0.96
-1.34
3.47
1.46
-2.17
3.3
-0.73
1.16
1.96
-3.55
-1.95
1.56
-2.61
-2.07
-3.21
2.72
3.46
-2.79
-1.31
0.32
-2.62
-1.53
0.93
1.26
2.34
0.55
-3.47
-1.85
-2.54
-3.11
2.22
3.32
-4
-3.67
1.9
3.19
-2.82
-3.59
-2.59
-0.27
-3.65
2.44
1.39
1.46
1.24
-2.01
3.97
1.79
3.73
-3.93
0.07
3.04
1.7
0.39
1.49
-1.08
3.98
-3.83
2.48
-1.92
1.89
1.83
3.25
-3.72
-3.59
2.91
2.21
1.08
2.09
2.14
0.42
0.24
3.24
-0.97
1.59
0.77
2.88
-2.04
3.74
-0.04
-1.97
3.57
0
0.52
-1.02
-3.54
-1.79
0.93
0.66
-2.35
0.11
-2.04
2.12
3.61
0.05
0.22
0.51
-3.56
2.96
-1.14
-3.16
-1.75
2.73
-2.59
-3.09
-0.42
-2
0.73
-4
1.08
-3.24
-2.11
-1.23
-3.02
1.38
-3.45
1.86
3.01
2.5
1.46
-2.89
-1.74
0.86
-2.56
-0.07
2.61
-2.77
-0.98
3.97
-1.7
0.67
-1.03
0.12
-1.26
3.94
1.34
-2.36
1.41
-1.6
3.82
-0.24
-3.98
2.49
-2.24
2.38
-1.03
-0.15
-2.62
0.23
3.12
3.21
2.25
2.9
2.44
-0.16
1.78
-1.63
-1.67
-0.95
-3.12
-1.11
0.72
-2.96
-3.95
3.63
2.48
-0.71
-2.62
-2.28
-2.54
-3.93
2.85
-3.42
0.64
0.35
-3.94
0.1
-3.85
2.91
-2.21
2.84
-2.35
0.44
2.63
-2.29
0.07
2.59
-0.96
-0.82
1.16
3.32
1.71
-0.81
-3.95
1.64
1.51
3.65
-1.02
-3.43
0.51
-1.03
-1.16
1.39
3.69
-3.91
1.22
-3.28
-0.1
-0.75
-3.7
-0.97
1.87
0.29
-0.48
3.71
1.25
-2.63
-1.02
0.98
2.08
2.67
1.02
-1.17
-0.52
1.84
-0.56
-2.57
-0.03
-1.82
3.77
-1.45
1.26
3.58
-3.51
-3.5
-1.51
-3.83
-1.39
2.06
-1.44
0.66
-0.35
-0.84
0.54
3.7
-3.31
-3.9
3.21
-0.11
0.71
3.13
-1.07
-1.7
2.33
0.55
1.2
2.14
-1.07
3.01
0.67
2.92
1.21
2.35
1.58
1.85
1.41
-2.99
-0.98
-1.08
3.91
0.12
2.72
1.67
-3.06
0.96
-0.17
-3.05
1.71
2.05
3.72
2.01
-3.73
-0.91
2.23
-3.58
-2.35
-3.64
3.37
3.07
-3.13
1.48
2.03
-2.96
0.53
-1.06
-1.32
2.77
-1.06
2.47
-0.12
-2.01
1.62
0.4
-0.3
1.16
-0.34
-0.68
0.92
3.98
-3.49
0.58
0.3
-2.65
0.43
-1.92
1.9
-2.1
2.31
0.63
1.82
-0.1
-0.69
2.95
-3.79
1.84
3.44
-1.3
-2.78
0.46
0.48
-1.15
-3.29
-0.7
-1.79
1.05
-2.81
1.07
3.02
-1.63
0.28
3.52
-3.92
-2.72
-0.76
1.92
-3.48
0.26
-3.21
-2.47
-0.56
1.39
1.77
1.95
0.86
0.57
2.26
3.76
-2.39
2.62
-0.8
-3.07
-2.34
2.24
-2.94
2.39
3.25
1.23
-3.51
0.63
0.71
0.89
-1.46
0.05
-2.33
-1.74
2.8
2.3
-3.85
0.71
2.53
-0.41
3.29
-0.11
1.15
-2.77
0.98
-0.35
1.33
2.84
-0.84
-2.37
0.76
-3.4
-0.84
-3.74
0.26
-0.43
-3.77
-1.17
3.11
-1.73
0.27
0.95
2.3
1.1
0.11
-0.07
2.31
2.98
3.03
3.49
3.78
-3.97
2.79
1
2.64
3.11
0.37
3.54
-0.53
-0.34
1.59
-1.32
1.25
-0.31
-0.95
-0.6
1.48
0.81
-1.88
0.44
1.96
3.53
3.79
-2.76
3.11
-0.38
2.26
1.79
-3.44
-3.61
1.58
-2.97
-2.64
2.48
1.8
-1.59
0.88
-1.73
1.71
-3.41
3.49
-3.12
-2.88
2.59
0.97
0.98
-2.03
0.77
-3
-3.25
1.85
-2.55
1.18
-2.28
-3.97
0.08
-0.03
3.98
1.63
-2.78
-3.41
0.93
-3.73
0.45
-2.87
-0.84
2.64
-1.87
0.57
-3.04
0.86
-3.42
-3.87
-0.85
1.88
3.94
3.61
-0.14
-1.64
-1.34
0.58
-2.41
0.23
3.82
-2.25
-0.57
-2.68
3.16
3.59
0.67
-2.32
-2.69
-3.72
-0.57
2
-2.86
3.98
2.32
-3.98
-1.26
-1.11
-2.74
-0.44
-0.18
0.21
-0.31
-0.01
0.44
-0.73
2.86
-3.16
3.96
-0.84
1.52
0.88
2.18
-0.16
3.04
2.12
-2.22
1.53
-2.36
-3.21
0.4
-1.71
1.17
-3.05
0.41
-3.68
3.06
-0.66
-1.6
1
-0.75
0.25
1.55
3.54
-3.52
3.17
-3.26
-1.3
-0.58
-0.54
-1.99
-0.88
1.25
-1.31
-1.4
3.71
-2.51
2.27
1.08
-0.26
-3.4
-3.3
-0.82
-2.61
-3.58
0.25
1.72
-0.65
-0.58
1.23
-0.38
-0.58
-2.13
-3.74
-2.04
-3.18
2.88
2.36
2.22
0.69
-3.69
0.85
3.44
-1.12
-1.91
3.77
2
2.58
1.12
-2.84
-3.49
3.65
-1.96
-0.59
-2.13
-3.54
3.68
0.11
0.87
-0.25
0.8
-0.83
0.12
-2.82
-0.71
-1.39
-0.69
2.7
1.6
2.89
-3.14
0.82
-1.6
-3.76
-2.95
-1.8
-1.72
-0.82
2.2
3.51
-0.59
2.47
2.26
-2.34
-0.33
2.82
3.39
-1.9
2.49
3.64
-3.58
2.62
-1.39
3.15
-1.9
-2.14
-1.43
1.12
2.69
1.75
0.81
3.8
1.52
-3.66
-3.13
0.92
-1.89
-3.83
-3.59
3.72
-2.57
-0.31
2.55
0.03
-1.35
-1.96
-0.09
-0.43
3.62
0.38
3.46
1.08
1.67
-1.28
3.15
-2.82
1.08
-3.46
3.83
0.43
-2.99
-2.85
0.82
-2.73
-1.82
0.32
3.42
0.66
-0.14
-2.92
-0.47
-2.1
-0.1
1.2
0.07
-1.72
-1.85
-2.99
-0.8
-1.78
-0.6
4
0.31
2.8
-1.56
-3.14
3.49
-0.85
1.65
-0.65
2.16
-2.78
-3.79
1.73
1.73
0.78
2.11
0.95
-2.52
-1.65
-2.85
3.74
-2.46
0.23
-3.95
-0.95
2.38
-2.39
-0.57
-3.6
-3.48
3.86
0.73
2.99
1.55
-2.78
2.61
-2.13
-0.38
2.21
2.14
0.95
2.41
-3.04
-3.12
0.72
0.15
-2.67
0.71
2.79
3.89
-1.75
3.71
1.76
-0.71
0.23
2.12
-1.79
-3.96
-2.63
2.96
-1.21
-1.89
1.17
2.24
3.9
-0.06
-2.16
-3.04
0.3
3.08
3.19
-3.86
-1.88
2.58
-2.36
-0.34
-1.74
0.47
-3.34
0.41
3.93
-0.99
2.23
-1.3
0.4
-2.95
-3.66
-0.59
3.62
3.7
2.23
3.34
-1.62
3.74
2.39
2.44
3.42
-2.11
-0.03
1.6
2.61
3.67
-0.24
1.81
-3.39
2.42
0.29
-1.4
1.64
0.46
-3.44
1.38
1.76
-3.49
-2.75
0.27
-0.45
2.91
-3.71
-0.96
2.51
1.59
-2.61
2.1
-2.61
-1.78
0.6
1.82
0.75
-2.13
1.11
-0.05
0.54
3.4
1.2
-1.58
0.8
-2
0.41
1.45
0.53
-0.94
0.68
1.05
3.64
3.25
-3.91
-0.09
-1.34
-0.29
1.74
-3.7
-1.08
-3.95
-3.07
-3.02
-3.45
-3
2.77
0.02
-2.62
1.51
-3.24
-1.1
-3.63
-1.56
-3.38
0.18
-0.58
2.91
0.17
-3.08
2.91
0.25
-2.1
-1.75
-0.55
-0.54
-0.92
-0.08
1.14
3.4
-0.83
-2.79
-2.45
-3.36
-1.79
1.79
2.98
-0.09
-0.1
1.31
0.87
3.98
0.88
2.57
-0.25
1.12
0
3.98
3.39
-0.57
-2.26
3.18
-2.59
-3.25
-3.11
3.57
3.28
3.19
3.5
-2.15
-3.24
0.14
1.96
0.09
3.94
3.96
0.61
-0.73
-1.5
2.38
3.43
-0.81
-0.53
1.15
1.35
-0.32
-3.37
3.51
2.48
-3.93
-2.49
-1.58
-0.98
0.49
2.54
1.41
-0.63
1.13
-2.46
-3.18
-3.4
2.5
-2.98
-3.16
1.25
3.82
2.2
-2.42
-3.01
3.81
-2.41
-0.29
-0.22
0.5
2.78
-1.06
-2.71
1.96
-0.8
3.39
-3.41
-2.6
1.86
-0.15
1.52
0.86
-2.7
3.39
2.29
0.15
3.44
-3.05
1.37
-0.24
-2.77
3.68
-0.74
2.87
2.02
0.86
0.77
2.73
-3.27
1.12
-1.74
-3.61
-0.83
-1.76
-0.55
1.09
-1.55
-0.17
2.18
-0.8
3.91
-0.3
-2.69
3.24
-3.95
-3.75
0.26
3.56
0.13
3.49
-1.45
-1.14
-2.08
3.14
1.25
1.19
1.11
0.37
-1.06
-3.16
0.95
-2.78
-0.28
2.07
2.63
3.43
2.43
2.13
2.99
1.21
-1.05
-2.42
3.72
2.21
-0.07
-3.48
2.58
3.85
3
-3.31
1.52
-2.63
-0.23
-3.72
3.51
-0.7
-3.67
1.35
1.02
-0.14
-3.84
0.02
0.7
-2.07
-0.58
-3.51
-2.45
2.85
2.49
-2.62
-2.13
1.08
3.4
-3.1
0.95
-1.9
3.99
1.91
3.57
1.24
-3.27
3.82
3.67
-1.34
-1.2
2.71
-0.68
2.96
-1.21
-1.39
0.67
3.77
3.81
-1.08
-2.04
1.21
-0.01
0.22
3.04
2.87
-2.13
3.45
-3.45
0.57
0.8
-0.33
3.69
-3.99
-1.64
-0.89
2.82
3.77
-1.78
2.65
-1.77
3.62
0.48
0.78
-2.1
-0.03
-2.68
3.1
3.69
3.25
-2.83
1.76
-2.09
3.29
3.55
-1.78
-3.01
0.61
0.32
3.56
3.73
-0.2
-1.46
2.02
-3.25
1.62
-2.57
-2.68
1.67
3.58
1.7
-1.64
2.4
1.62
3.69
-0.21
-0.99
0.21
3.8
-3.5
-2.3
-1.5
-2.84
3.43
2.51
1.62
0.72
-1.27
-3.55
-1.48
-1.06
-0.38
-0.35
-1.63
3.08
2.91
3.63
1.64
-3.46
-2.42
-1.57
-0.82
2.77
-0.97
-0.23
1.22
-3.85
-3.91
0.29
-1.29
-3.27
1.04
0.19
2.78
-1.11
-3.25
-1.86
-2.95
0.59
1.99
3.04
2.63
2.94
-3.76
-1.55
2.28
-1.64
-3.01
-2.87
3.73
-3.95
-3.01
2.36
1.15
3.18
-0.31
1.51
1.53
-2.6
-0.51
-1.23
3.54
2.33
0.81
1.04
0.97
0.5
-1.9
3.06
-3.97
2.72
-1.91
-3.79
-3.05
3.94
3.88
-0.28
3.03
3.72
-0.5
-1.39
0.96
0.84
-3.36
2.08
1.02
-0.34
-1.45
0.64
-0.21
-3.09
3.1
-0.68
-2.03
-1.44
1.13
2.84
0.66
0.66
0.45
1.07
-1.48
0.12
3.14
-1.36
3.51
-3.42
3.76
-2.28
-1.09
1.72
0.43
3.79
-3.17
2.01
3.53
3.07
-1.73
2.21
-2.05
-2.79
0.41
1.74
-1.73
2.03
1.03
-1.04
-2.07
-2.45
2.15
1.31
-3.41
-0.26
2.75
2.4
2.14
-2.45
0.68
1.91
1.55
0.48
2.88
-2
3.03
-0.2
-3.71
-1.8
-0.76
-3
-1.19
2.1
-2.02
-3.27
1.29
0.2
-3.89
-1.92
-3.41
3.95
1.07
-3.96
2.63
1
-3.41
-2.69
2.31
1.41
3.58
-2.87
-1.19
2.36
1.44
-2.02
-2.84
-3.02
-1.66
1.93
2.91
0.9
2.41
-2.56
1.76
-1.9
-2.93
-1.5
3.42
-2.07
-2.42
-0.68
1.28
-0.28
-2.06
0.78
3.98
-1.28
-0.04
0.36
-0.42
2.36
-1
3.37
-3.05
-1.34
-2.42
-0.69
1.19
0.25
-2.39
1.91
2.02
-1.26
-3.95
0.74
-3.26
-1.3
0.3
3.6
-2.81
2.46
3.99
-1.71
3.7
-3.72
-1.7
2.53
0.32
0.19
0.65
-2.27
0.84
-3.15
1.27
3.5
-1.45
-0.7
2.18
-1.24
2.24
-3.13
-2.47
-3.35
3.22
-2.57
3.76
-0.31
-2.48
0.48
-1.36
-0.54
3.32
-2.49
0.19
-0.24
-3.62
2.28
-0.53
0.3
-3.92
-1.33
-1.45
-0.04
1.88
0.26
0.04
-3.83
-2.8
0.52
-2.45
-1.33
-1.72
-2.36
2.7
-2.35
0.47
1.9
1.33
2.9
2.54
-0.77
2.38
-2.9
-2.77
-1.23
3.68
-2.81
-3.43
1.55
3.63
1.38
3.52
0.08
-2.34
0.89
1.06
-3.81
1.52
2.61
-0.07
-3.44
-0.38
-0.65
-3.73
1.03
-3.41
3.87
3.73
-1.01
1.79
-0.03
-0.77
2.31
-2.39
-2.84
3.28
-1.48
0.73
-3.52
2.32
3.97
-2.8
-0.97
-2.78
0.17
0
3.41
2.98
1.4
3.28
0.18
-0.66
-3.14
0.21
2.81
3.99
-0.98
1.59
0.33
3.33
-0.17
2.56
-1.17
1.67
-3.64
1.96
-0.88
0.88
2.26
-2.67
3.72
0.56
0.05
-2.88
1.54
-0.53
1.3
2.53
-3.97
-3.72
-2.93
2.78
-2.18
-3.97
3.17
0.24
-1.66
2.37
1.25
-1.78
-1.7
-3.24
0.43
-0.12
3.46
0.04
-3.09
1.23
-0.62
-0.92
3.02
-3.19
-1.47
-0.36
-2.92
2.15
0.06
-3.32
-3.23
0.84
-1.85
1.78
-1.01
