-6
-1.09
0.05
0.22
-1.37
2.81
-0.4
-1.14
3.91
-1.88
3.9
2.3
3.24
-2.72
3.68
2.77
4
-0.12
-0.72
2.2
3.31
-1.98
-3.55
-3.33
1.12
-3.74
-1.64
-1.92
4
-3.22
-3.17
3.89
-2.8
-2.61
-2.6
-0.94
-3.35
-0.92
-1.23
1.87
-0.58
1.87
0.6
0.47
-0.92
2.6
0.54
-1.04
0.12
-0.84
-2.4
3.41
2.07
2.99
-2.5
4
-1.57
-1.92
-2.92
1.23
-2.86
2.76
-3.79
-1.56
-0.7
-3.97
0.01
-3.03
2.67
-1.02
-0.49
-1.79
3.75
-1.88
2.53
2.32
-1.85
0.2
1.81
-3.76
2.33
-3.68
2.83
3.02
3.5
-0.78
-1.68
0.33
-0.05
-0.21
3.9
-2.9
2.23
0.38
-2.39
-1.28
1.15
0.2
-1.59
-2.07
2.52
-1.17
-2.81
3.35
-0.73
3.44
-2.09
-0.17
-0.11
2.13
3.44
-0.6
1.05
0.67
1.09
3.12
-3.18
-1.48
0.3
0.67
-0.22
-0.36
