-8
-1.28
0.45
-2.79
-1.21
-0.17
-0.42
1.33
-1.36
-2.2
3.34
0.31
-0.16
2.83
-0.75
-1.75
2.93
0.92
0.77
-2.09
-3.19
-2.53
0.36
-2.6
2.36
2.48
2.36
-1.28
3.74
-2.19
-1
-0.85
-3.54
-1.44
-0.95
-0.2
0.37
-1.42
-2.24
-3.58
-1.29
-3.94
-0.41
3.79
2.12
1.05
-1.37
-3.41
2.1
0.11
1.15
-2.38
-1.55
1.96
-1.94
3.47
2.73
2.69
3.92
-2.51
0.27
0.84
-2.33
0.84
-0.75
-2.08
1.54
-3.39
-1.15
1.3
-1.14
2.65
1.89
3.34
1.07
2.42
-0.23
2.44
-2.91
1.68
-1.9
-0.17
-3.04
2.8
2.04
-3.57
0.47
-0.86
1.38
1.7
-0.3
-3.83
1.41
3.02
-2.69
-1.97
-0.87
3.26
-2.77
1.35
3.92
-2.01
0.16
-1.13
1.15
0.01
-2.25
-1.73
-0.35
1.04
2.52
-1.68
1.78
-3
0.93
-3.32
-2.04
-0.15
-3.15
2.05
3.62
3.76
