0
-1.74
-1.35
2
-1.18
-2.29
2.74
2.62
0.57
0.79
2.94
-3.15
-1
-3.78
-2.97
0.69
-3.86
-3.74
-0.45
1.68
-0.23
-3.92
3.26
0.61
3.53
0.38
3.79
0.09
0.2
-0.26
-1.95
-0.62
0.75
-1.2
-2.12
-0.27
-0.08
0.67
-0.58
-1.4
-0.34
1.08
-2.73
-3.46
-3.59
-3.66
-2.37
-2.04
-2.04
0.62
-1.89
3.14
2.74
2.16
-2.71
3.66
-0.99
2.05
2.48
2.44
-2.08
-1.35
-1.58
-3.17
-1.26
-0.45
0.11
-3.8
2.35
1.31
-3.24
-0.53
0.84
-3.05
-1.98
2.69
2.82
2.71
0.2
3.18
-1.25
1.82
-1.88
3.58
-2.38
-1.08
0.64
2.6
-2.5
-1.77
-3.29
1.88
2.2
0.99
-3.33
-3
-1.35
-3.56
1.81
0.86
0.24
-2.58
-0.38
0.66
-0.14
2.65
-1.71
1.79
0.13
-1.4
-3.16
0.3
-2.16
3.3
-0.31
0.1
-3.48
-1.15
3.21
3.82
2.91
1.52
2.71
0.12
0.59
-1.12
1.28
3.86
-3.73
-2.99
0.04
2.37
-3.1
3.34
-1.06
-2.68
-1.8
1.46
-0.29
-1.02
-3.38
2.86
-1.54
2.9
-2.62
0.42
0.03
2.91
-2.71
0.58
-3.53
3.81
-2.77
1.99
1.96
2.73
-1.28
3.51
-3.93
-3.02
-2.64
-1.56
1.51
-0.89
2.57
-1.53
-0.6
-1.49
0.35
-1.64
-2.1
-0.93
3.14
0.23
3.2
-3.96
-0.95
3.81
-1.27
-3.83
2.85
2.37
2.56
-0.3
-3.46
0.23
1.14
-1.09
-2.62
0.22
2.6
-1.31
1.39
-1.27
-2.39
2.18
-2.66
3.35
-3.67
2.92
-2.99
-2.48
-1.45
2.94
-1.33
1.41
-3.33
1
2.8
1.91
-0.33
-1.08
0.78
3.9
-1.87
-1
-0.11
-2.19
-1.43
-1.66
1.34
-3.51
-2.88
-3.87
-0.24
3.21
1.68
0.4
-1.38
-2.99
2.7
-0.29
3.48
-0.19
3.16
1.32
-0.18
3.63
-2.98
-0.87
-0.44
-3.87
0.12
-0.53
-3.45
-0.32
1.92
1.49
-3.41
2.62
-1.71
3.54
0.77
1.99
-2.42
-3.48
-3.6
-1.58
-0.83
-0.53
3.74
0.27
-1.62
1.78
3.21
3.97
-0.55
-3.04
-3.26
0.82
3.18
0.26
-3.22
3.45
2.79
1.2
0.38
1.65
3.58
-3.92
-2.72
-3.82
-0.19
0
2.73
3.17
2.94
-2.52
-1.77
2.63
0.91
-2.61
0.45
1.56
-0.61
3.29
1.75
2.34
0.27
-3.42
-3.77
0.96
0.75
-0.23
3.44
2.03
2.75
1.33
3.21
0.38
0.15
-1.25
-1.16
-0.92
-1.82
3.56
-3.55
2.38
3.06
-3.96
-2.98
-2.04
2.73
-1.89
3.91
1.79
3.81
-0.77
0.05
3.5
3.46
2.04
-2.62
3
3.86
0.33
-0.57
-3.97
0.57
-3.31
-3.59
-2.4
-1.73
1.86
-1.52
-1.84
2.55
-2.63
-0.63
-0.16
2.83
3.37
3.29
0.23
3.57
2.27
2.24
-1.37
-0.13
-2.35
2.22
-0.48
-2.72
3.72
0.93
2.12
-2.63
-0.15
-0.77
1.86
0.12
-3.58
-2.19
2.36
3.63
3.42
3.7
-3.14
3.64
1.75
3.24
2.44
3.87
-3.8
-3.34
-3.92
2.76
1.15
3.43
-2.42
2.1
-3.21
0.17
-1.08
-1.53
0.9
-3.68
-1.45
-3.07
0.37
-3.22
-1.3
2.14
1.51
3.73
2.41
1.56
-3.08
0.61
-3.86
2.57
1.37
-1
2.12
-1.58
3.78
-0.35
-2.93
3.06
0.84
3.36
0.22
0.42
-2.35
3.77
-0.68
0.26
2.9
-0.11
-1.28
3.09
1.14
3.94
-0.73
0.96
0.53
-3.7
-1.65
-3.52
-1.75
-1.48
1.83
-3.46
3.29
-0.99
-3.28
1.8
2.05
-3.5
-1.31
-2.76
3.26
-0.5
0.09
1.01
0.57
2.28
0.49
1.75
0.4
-1.85
2.67
1.04
-2.12
-2.95
-2.57
1.44
3.74
-2.84
1.89
3.48
-2.7
-3.42
0.8
-1.68
-2.47
-0.33
1.14
2.64
3.04
1.53
2.21
2.4
-2.81
-2.53
3.84
-2.37
-0.16
2.26
-3.61
2.26
-0.18
0.6
0.08
-3.9
-0.14
-3.21
2.67
2.23
-2.42
-0.71
2.06
0.88
-1.39
-0.78
3.95
2.67
2.71
-2.23
-0.53
-3.11
-2.87
1.86
2.72
2.87
-0.06
-3.74
-0.16
-3.6
-2.78
3.8
-2.4
-2.53
-3.23
3.63
-0.34
0.7
0.5
0.7
2.46
-3.26
1.01
2.92
1.05
-0.26
3.48
-2.67
-0.22
1.98
-2.47
-2.84
-1.07
-1.94
-1.22
3.5
1.12
1.96
1.89
1.21
0.16
-0.41
0.95
2.26
1.01
-2.22
-2.31
0.58
0.11
-1.01
3.56
-0.76
-1.84
-2
-0.68
-1.27
-0.11
-1.78
-3.2
-1.03
3.4
-1.39
0.49
1.87
2.88
-3.95
0.87
3.54
2.69
-2.72
-1.5
1.7
2.82
3.29
-3.47
-1.13
-0.21
2.75
-2.1
-0.74
-1.95
-1.11
1.22
-3.22
2.42
2.29
3.01
-3.08
2.75
-3.95
-0.4
-1.1
1.16
-1.09
1.82
-2.46
3.1
3.08
3.39
0.96
0.92
-1.85
1.89
-1.17
-3.52
-2.15
0.42
-1.13
-2.53
-3.55
2.95
1.15
-3.69
1.54
-3.09
0.51
1.4
-0.3
3.45
-3.42
-2.95
-0.06
-3.21
2.64
1.68
3.61
-3.46
-0.1
-2.53
3
-0.23
0.71
3.37
0.95
2.35
3.91
1
-1.61
-3.71
0.56
-2.13
0.13
3.46
2.3
-2.9
2.46
-1.42
3.62
-2.01
-2.7
0.15
-0.61
3.63
2.81
-0.09
-3.03
-2.65
3.26
1.16
-3.12
-2.69
-3.48
-2.6
-1.53
0.68
-1.77
1.78
-0.63
3.2
-2.99
3.52
-1
-0.59
-1.12
2.72
0.92
0.49
-1.5
1.53
3.22
1.02
-3.07
-2.1
-3.83
-1.16
-3.63
1.08
-3.45
-2.96
1.37
2.55
1.75
1.24
3.41
-0.75
-2.66
-1.27
0.98
-2.39
2.88
-3.33
3.22
-3.59
-3.02
-2.21
-2.86
3.99
0.75
-3.91
2.99
0.49
2.86
-2.28
1.94
-0.13
-3.63
2.62
-2.78
3.64
0.31
1.15
1.22
-1.67
-2.18
-1.53
-2.24
1.77
0
3.64
1.37
-1.81
3.52
-3.11
2.66
2.54
1.81
-3.49
-3.08
2.38
-2.31
-3.62
-3.67
-3.54
-1.95
-3.12
3.69
0.03
3.3
-0.46
-1.13
-1.27
-2.5
1.35
1.3
-2.28
-0.55
0.88
2.59
2.51
-3.98
-0.63
-0.01
1.12
-1.28
0.79
0.97
1.97
-0.94
3.4
2.07
3.87
1.69
-1.15
1.94
-0.07
0.81
0.76
-3.73
-3.06
-1.22
1.74
2.48
-3.54
0.76
-1.37
-3.31
-1.84
-0.41
0.94
-0.92
-3.08
-2.08
-1.58
2.35
2.32
0.39
-0.78
1.75
1.27
-0.09
-2.28
-3.04
3.9
1.47
-0.99
1.04
2.66
3.41
-2.63
0.91
2.7
0.61
1.65
-0.28
-1.72
0.9
-0.47
-3.65
-3.92
0.1
-1.19
-1.63
2.13
0.31
1.15
1.95
-0.73
0.5
3.62
3.54
-2.42
3.01
-0.99
1.03
-2.94
0.78
2.58
-1.01
-2.26
1.59
-1.96
-1.25
-1.78
-3.98
0.39
0.31
0.27
2.7
0.07
-2.58
-3.14
-1.14
1.66
-2.84
-2.9
3.35
-1.16
-0.42
-3.68
1.07
-2.23
-1.85
3.8
-2.17
-0.68
3.69
-2.4
-3.38
-1.34
1.51
2.33
-3.46
2.62
-1.5
-1.94
-3.95
-3.85
2.11
3.93
-3.17
-2.33
0.58
-3.57
2.2
2.68
2.73
-2.65
-2.16
-0.07
-2.29
-2.06
-1.01
-1.33
0.68
-0.18
3.89
-1.04
-3.62
0.7
0.7
-1.29
-0.35
0.03
2.56
-0.91
-3.68
0.25
-0.85
3.11
-2.95
3.2
0.73
-0.35
3.49
-0.6
1.2
-2.28
-2.4
-0.84
0.6
2.34
3.76
0.7
-3.05
-0.43
-0.67
1.87
-2.07
2.68
-1.83
1.09
3.78
-2.59
-0.77
2.13
2.02
-3.45
-2.13
-0.9
2.36
-1.53
2.2
-1.27
-1.13
-1.48
1.21
3.34
-0.81
-2.72
2.63
2.16
-2.64
1.22
-3.91
2.36
-1.05
2.96
-0.93
-1.02
3.76
-1.55
-1.68
0.48
0.94
-0.04
3.42
-0.68
-3.58
-2.65
1.38
0.65
3.85
2.5
0.81
-1.87
-3.87
1.03
-2.18
2.44
2.37
0
-1.32
-3.36
-3.95
0.01
-0.27
-1.44
-2.69
0.88
-0.83
3.06
1.48
2.9
-0.65
-0.1
-3.86
-2.28
1.8
2.92
-0.9
-2.12
2.92
-2.17
-0.09
-2.02
2.32
-1.13
-3.6
1.96
2.23
1.93
1.14
0.64
0.62
-0.24
3.78
-2.33
0.42
-3.08
-3.78
0.86
-2
-0.46
2.19
2.32
3.17
-3.05
-0.85
-3.09
-2.01
2.41
3.24
-1.1
-0.67
0.48
1.08
-3.16
0.74
2.08
1.7
-3.14
-1.85
-0.64
2.65
1.24
-2.08
-3.16
-1.73
3.59
0.12
2.47
1.31
0.87
2.7
2.25
3.88
-0.63
-0.35
1.59
-1.19
1.36
3.72
3.5
-0.03
3.82
2.7
-1.76
-2.7
-3.87
2.68
2.94
0.93
2.34
-0.77
3.36
-1.3
2.65
0.9
-3.06
0.4
2.32
2.68
-0.44
0.79
-0.48
-2.9
-1.64
0.2
1.09
0.61
-2.29
1.19
3.16
-0.74
-3.67
-2.86
-1.34
3.4
2.84
2.55
3.68
3.55
-1.86
-3.09
1.19
-2.46
2.97
-2.36
3.34
-0.46
-2.77
2.48
-1.29
-2.82
0.49
2.69
0.16
-1.3
-3.56
2.71
0.34
2.04
0.21
-0.47
0.97
-2.26
1.78
-0.93
-1.11
2.22
-3.96
3.25
2.06
-1.61
0.72
2.78
0.54
-1.35
3.61
-2.02
-1.86
-3.28
0.87
-2.45
-0.63
-0.77
-1.52
1.97
2.78
-2.35
0.98
3.96
2.95
-3.87
-1.79
-2.36
-0.67
2.61
-0.06
-0.56
-0.24
-0.11
2.76
-2.89
-0.51
-2.02
-3.58
-3.69
0.46
1.71
-1.86
-2.49
-0.91
2.47
0.57
-0.38
-2.84
-1.34
-3.85
-2.26
3.27
3.81
0.3
-2.77
-2.77
-3.91
-3.7
1.93
-3.82
-0.92
-0.55
1.93
2.71
0.17
2.22
2.25
-2.03
-0.25
2.06
-2.62
-1.19
-1.84
-2.5
-2.94
3.51
-0.53
0.87
-3.52
-0.44
2.6
-3.53
-3.34
2.45
-1.8
0.17
-0.04
3.59
1.52
3.89
-0.6
-2.32
-1.5
-3.88
-2.62
-1.74
0.22
-1.2
2.92
-3.76
2.33
-2.36
1.42
0.61
2.78
2.94
1.11
2.3
-0.76
-2.28
1.76
-0.77
3.82
-1.64
-2.41
-1.39
-1.22
3.48
0.51
-4
-1.74
2.66
0.45
-0.13
-1.34
3.71
-3.7
-1.97
-3.88
2.8
-0.71
-3.34
1.95
-3.77
1.24
0.95
-0.94
0.06
3.68
-0.73
3.06
1.66
0.35
-0.21
-1.88
-3.84
-2.14
-3.87
2.54
2.77
3.48
0.74
2.3
2.92
1.99
3.67
1.2
-2.45
-2.06
3.07
2.63
-0.93
2.17
0.44
2.44
1.09
1.28
3.59
1.12
0.65
3.56
2.73
3.8
-2.77
-3.06
0.61
-1.69
-3.35
-2.26
-1.51
1.84
-3.83
-0.5
-2.65
3.32
2.55
-1.63
3.04
-1.76
1.58
3.76
-2.5
-1.89
-3.4
0.65
-0.01
3.49
3.91
1.36
1.03
-1.11
-1.73
-0.99
-2.12
3.22
-3.25
0.95
1.07
1.97
-2.62
1.36
0.54
3.81
3.46
-2.77
2.45
3.58
0.82
1.13
3.89
-1.28
2.25
1.34
3.55
0.9
2.05
0.62
3.19
0.58
0.96
1.12
-1.6
-0.7
0.72
3.61
-0.44
1.16
-2.39
-1.86
2.57
-2.4
1.31
-2.94
-3.14
-3.79
-0.79
-2.3
-1.35
3.38
2.2
0.41
-1.33
-1.22
1.48
-1.7
0.64
0.94
-0.54
0.99
-2.83
0.14
1.76
-3.52
-2.99
0.26
-1.05
-2.77
-0.91
3.86
1.67
-2.72
1.96
-1.33
2.57
2.28
1.42
1.19
0.47
3.34
-2.32
0.34
-2.04
3.82
2.39
-3.46
-1.55
3.63
1.83
-1.59
-1.04
2.63
-2.3
0.63
-3.04
-1.58
-0.16
0.82
-3.95
0.61
1.26
-2.03
2.62
-1.2
-2.3
0.92
2.46
4
0.21
3.2
0.89
3.46
-3.54
0.13
-0.7
0.83
-1.82
1.94
-1.9
-3.54
-2.19
-0.67
-0.59
-3.32
0.89
3.05
3.59
-2.68
-2.29
0.14
-1.56
-3.41
1.13
3.87
-1.93
3.71
1.73
3.16
2.12
-2.53
-1.91
-1.55
-0.59
2.63
1.52
-0.49
2.16
1.58
-2.67
0.14
-3.76
1.9
-1.28
3.6
-1.2
-2.07
2.57
1.93
1.91
-1.35
1.33
1.13
2.29
-3.93
0.76
0.29
-1.68
-3.4
-1.95
-0.41
3.1
-0.98
3.83
-3.37
2.37
3.36
3.92
0.79
-0.84
-2.63
-3.12
-1.99
4
1.57
-0.1
0.54
1.88
1.54
1.07
-3.86
-2.86
3.8
-2.75
-0.54
0.14
0.97
0.16
-0.66
-2.13
-2.77
-2.81
1.56
-0.48
1.74
1.04
1.23
2.07
-1.91
-2.78
-0.56
-1.99
-2.23
-1.23
0.54
-2.24
-0.68
1.13
-3.29
0.18
-3.78
2.42
0.78
-0.47
-2.1
-1.55
3.31
-2.24
0.37
0.49
-2.6
-0.8
0.58
-1.09
-2.08
-3.83
-0.67
2.49
-1.74
-3.47
2.67
2.47
-0.22
0.31
-2.37
2.13
3.37
1.03
0.71
-2.31
-3.18
3.84
-0.56
3.17
-2.35
-1.18
0.42
-1.97
-2.38
-0.71
1.74
-0.54
-2.3
1.61
3.83
-3.77
1.44
2.87
-3.16
0.36
2.44
0.83
-1.13
-3.82
1.51
-2.24
-1.37
-3.54
-2.1
-0.22
-0.92
-1.73
1.06
-1.32
-0.33
-2.44
3.76
1.41
-2.74
3.11
-0.24
-2.7
0.87
2.97
-1.2
-0.79
0.76
2.18
0.49
-2.61
-3.32
-3.5
0.18
-3.65
-0.75
-0.01
0.96
-0.74
-2.35
3.9
-3.82
-0.05
-3.88
1.85
-3.8
-0.54
2.41
3.03
-2.07
2.26
-3.52
-3.97
1.6
-2.27
-3.41
1.14
3.97
-0.1
1.38
-1.7
1
0.46
-0.02
-3.49
-0.91
-1.42
2.1
0.7
3.43
3.69
0.6
0.49
-0.25
-2.63
2.93
3.81
