0
-3.49
-1.77
-1.23
0.73
-0.08
0.59
-0.61
0.45
0.73
-1.19
3.33
2.77
2.48
-2.98
-0.79
-1.27
-0.09
3.58
2.32
-2.09
2.42
-3.66
0.86
-2.44
-3.37
-1.27
0.98
-1.99
-1.55
0.19
-1.42
2.64
-2.56
-2.96
-0.08
3.72
-2.55
1.75
-2.49
1.96
0.24
1.49
-2.4
-2.48
1.98
-0.45
-2.08
-3.71
-2.64
-2.32
-1.15
-3
-3.87
-2.69
-3.05
-3.84
1.38
-2.8
0.09
-2.81
3.62
-2.62
-2.01
-3.47
-3.78
-3.31
1.33
1.44
1.1
-0.5
-2.72
2.16
2.07
-3.65
1.68
-3.08
2.74
-0.67
-0.41
1.09
-3.2
0.69
-3.36
-3.23
-2.66
-2.42
2.5
-3.88
-3.91
-0.25
-1.66
-3.75
-2.34
-3.68
2.35
-1.14
-0.5
-2.93
-2.71
1.28
2.23
0.49
-0.81
1.87
-3.61
0.7
-1.06
3.78
-0.36
-3.98
-2.57
-1.96
1.61
3.01
-3.62
-1.08
-3.27
-2.78
3.2
2.65
-1.81
1.2
1.34
-2.65
-2.84
-2.97
0.5
1.74
-1.99
-1.19
1.43
1.67
-1.97
2.31
2.87
0.32
-2.51
-1.22
-3.63
0.65
2.64
2.73
0.49
-3.93
-1.68
-3.71
-1.36
-1.34
3.95
-0.58
-1.87
-1.72
-2.13
-1.35
-0.92
-2.98
3.16
-2.16
0.71
3.37
-3.81
1.21
1.77
-3.18
-1.41
-0.24
-3.99
3.31
-3.87
0.07
-2.57
1.96
-3.16
-1.46
-3.99
-0.53
-3.29
1.26
3.03
-3.14
2.39
-2.16
1.79
2.59
-3.32
-0.85
-0.21
3.39
-0.78
1.84
1.16
3.65
2.07
-2.99
0.45
-2.58
-3.05
-0.34
1.49
2.56
-3.72
-0.66
-1.48
-0.12
-2.01
0.18
-2.57
3.34
-1.36
3.62
-3.69
-2.11
-1.19
-0.16
-3.03
2.36
3.42
3.19
-3.86
3.44
3.97
-3.38
0.08
-1.7
2.91
-2.22
3.89
3.83
2.1
2.59
-1.49
1.06
3.78
-3.54
-3.42
-0.95
3.33
-2.09
0.6
0.51
-2.29
0.46
0.74
-0.39
1.52
-0.73
0.83
-1.78
-3.97
2.09
-1.99
-2.23
-0.49
2.05
2.6
3.66
3.26
-3.79
0.98
-3.79
0.29
-2.4
-2.77
0.06
1.1
-0.74
-1.88
-1.65
-0.75
1.93
3.04
1.51
-1.41
-0.37
1.73
-0.49
-0.11
-3.53
0.78
-0.36
0.95
1.66
3.8
-4
0.57
-3.26
-2.46
-2.28
-2.13
-3.07
-0.2
3.11
0.93
0.38
-3.78
-3.9
-0.77
-3.32
2.52
-1.74
-2.86
-1.52
2.98
-1.9
3.06
0.5
3.19
3.88
-3.68
-0.92
-0.23
2.79
-0.57
-2.66
-0.74
2.63
-2.19
-2.77
3.49
0.35
-2.28
-3.6
-3.53
-1.68
-1.87
3.94
-3.43
2.21
-0.59
1.62
-3.73
-0.8
-2.04
-1.48
-1.51
-1.54
2.69
1.69
-3.06
-3.93
-2.45
-2.34
-2.61
2.79
1.17
1.01
-0.33
-0.41
-2.88
-2.41
2.3
-2.01
-2.81
-1.84
-3.47
-3.27
-1.99
0.66
3.98
3.13
-0.07
-3.02
0.47
-1.29
-1.19
-3.44
0.83
-3.09
2.85
-3.2
3.94
0.12
-3.72
3.42
-1.2
-3.95
3.01
-2.32
1.15
1.12
0.26
0.99
1.08
-2.19
3.32
2.28
-2
3.8
-2.02
-2.24
-3.56
-1.97
1.72
-2.18
0.15
-3.43
1.2
2.69
-0.02
0.6
-3.82
-1.24
0.74
-3.68
-2.34
-1.82
-2.29
-2.22
3.36
-3.53
-2.28
-3.67
3.51
-1.15
-1.14
2.94
-0.1
-1.35
-0.61
0.53
2.56
1.03
2.93
1.09
-3.65
1.9
2.41
2.46
-0.73
-1.78
-1.14
-3.68
1.7
-3.46
0.94
-2.5
-3.76
0.76
-3.85
1.14
0.57
-3.78
-3.57
-2.49
-3.97
-3.9
-1.47
-1.14
2.96
1.21
0.67
-1.46
-0.71
3.46
2.04
-0.85
-0.16
3.66
3.97
-0.23
-0.22
-0.75
2.51
1.14
1.62
-2.6
-1.36
2.96
1.92
-2.64
2.69
3.15
-1.5
2.25
3.96
2.34
0.59
1.41
1.06
-3.76
-0.63
-0.46
3.51
2.07
1.56
-3.69
1.03
2.24
-1.5
-2.22
1.66
-3.41
0.79
0.39
-2.64
-2.69
-2.29
-0.7
-0.1
2.63
1.47
-0.42
0.95
1.59
2.52
1.53
-3.96
1.04
3.5
3.71
2.57
2.43
-1.41
3.73
-3.61
-3.77
-0.25
-3.56
3.58
1.3
0.37
0.4
0.45
0.14
-0.3
2.1
-1.65
2.11
0.89
2.65
0.62
-2.72
-2.49
2.44
-1.23
3.79
2.6
-2.09
3.55
-3.98
-3.74
3.99
2.74
-1.2
-0.78
3.24
2.01
1.07
-0.01
-2.87
1.56
-2.73
-0.28
2.6
-1.75
-2.93
3.13
-3.2
-2.11
-3.58
-0.82
-2.07
-3.85
-3.15
-0.92
1.28
0.91
0.16
0.95
-3.4
-2.37
-2.16
-3.1
3.56
1.03
0.38
1.66
-2.36
-3.09
0.46
-3.92
1.28
-1.88
-0.24
-2.92
-0.65
1.56
-1.09
0.18
-2.3
-3.34
1.79
-3.99
3.13
0.85
2.33
3.84
1.89
3.72
1.94
-1.68
-2.15
-3.88
-0.62
3.5
-0.28
-3.63
0.17
-2.43
1.87
-0.59
1.48
3.89
1.43
-3.67
1.9
3.82
0.4
3.77
3.74
3.72
-2
3.99
-0.76
3.95
-0.15
-2.18
-2.22
-1.3
2.7
0.55
3.77
-2.07
-1.02
-1.86
2.24
1.15
2.75
0.26
1.36
-1.02
-2.61
-2.66
2.31
2.3
-0.82
1.9
-1.41
2.79
2.95
2.52
-0.57
2.13
3.99
2.22
-3.68
-2.14
0.89
-0.57
-0.35
-2.1
2.6
-2.53
-1.12
-2.68
-0.36
-0.45
0.91
-0.71
-1.9
-3.25
-2.94
-3.87
-1.6
0.75
2.33
-3.35
-2.33
0.94
0.76
1.95
3.23
-1.01
-0.25
-3.83
-2.88
-2.36
-2.05
0.77
-2.19
0.37
-3.74
-0.69
-3.39
-0.54
0.39
3.93
2.47
0.99
-1.35
3.64
-3.01
3.31
0.69
2.2
1.45
-0.71
-0.28
-0.77
3.89
3.67
-3.81
3.95
2.67
1.7
-1.33
-0.4
1.72
-1.3
-3.81
-2.01
-2.4
-3.87
-2.52
1.73
-3.52
1.76
3.53
2.95
-3.64
2.41
-1.81
0.69
-1.72
1.13
0.96
3.93
2.31
1.56
-1.28
1.83
1.93
2.72
0.89
-1.86
0.18
-3.69
0.64
-1.08
-3.21
-3.21
-1.8
-0.24
0.79
-3.34
2.04
-3.15
1.83
2.96
1.71
3.7
-0.23
0.78
-1.14
-2.53
1.48
-0.5
1.66
-2.46
-3.27
-1.25
1.29
-3.85
3.98
-1.63
0.07
-1.12
-0.75
3.34
-2.46
-3.83
-2.89
0.6
2.15
3.58
0.2
2.44
3.91
-2.38
3.1
0.1
-1.9
3.36
3.85
-0.97
-1.95
-2.85
-0.15
-0.59
0.67
-3.33
-1.34
-0.91
-1.82
2.04
-0.5
-1.96
-0.21
-1.59
0.6
-0.85
1.6
2.49
1.41
1.54
2.59
3.17
2.63
-0.71
1.27
3.05
-0.4
0.03
-1.55
0.64
-3.36
1.94
-3.69
0.95
-3.69
-1.09
3.03
3.85
-1.33
-3.14
1.51
2.02
-1.58
-3.9
0.07
-1.84
-1.36
1.49
1.03
-0.06
2.5
-0.39
-2.06
-1.7
0.44
-1.12
-1.47
-3.44
2.14
1.62
1.08
2.63
-3.36
1.55
1.4
1.57
-2.27
2.84
-1.9
-2.32
0.12
1.76
-0.19
0.54
-3.98
-3.44
0.75
2.52
3.23
-0.89
0.4
2.11
3.01
2.51
2.14
1.04
-0.01
2.01
-3.5
1.43
-3.62
2.47
-2.3
1.06
-0.21
2.89
1.38
0.87
-1.29
2.5
-3.58
-0.19
-0.61
-0.65
3.83
-3.26
3.81
1.4
-1.72
-0.12
2.14
0.01
-2.67
-0.97
-2.78
2.98
3.63
-1.87
3.42
-3.65
-2.43
-0.27
2.33
0.67
-2.71
1.65
0.06
2.76
-3.25
-2.86
-0.81
3.88
-0.2
-3.28
-1.31
-3.41
-1.29
-0.35
2.69
1.39
1.23
2.6
-0.27
0.63
3.3
0.38
1.14
2.68
-0.17
0.81
3.27
-0.76
1.46
-1.65
0.93
0.7
1.48
2.73
-1.95
-1.83
0.69
-2.96
0.64
-2.86
-3.32
2.26
-3.79
-3.39
-3.66
-3.37
0.26
-0.03
-0.55
-1.98
-0.87
-1.02
4
-2.3
1.37
0.92
-3.49
1.38
-1.07
-0.05
-2.13
3.96
-1.58
-2.56
-0.2
1.99
-0.89
-0.01
-2.4
0.51
-3.3
0.18
-2.04
-1.41
-0.06
-2.96
0.17
0.52
2.34
-0.81
-3.46
-0.7
3.8
-0.56
3.23
-2.06
0.7
-0.23
-2.65
1.13
-2.34
3.31
2.12
-3.32
3.27
-3.27
-0.16
2.77
0.81
-1.65
1.52
-3.73
-1.64
2.94
-2.69
2.95
-2.98
1.41
1.77
0.33
-3.25
-0.01
3.05
3.74
-0.6
2.58
-3.85
2.98
-1.79
-2.15
-2.71
3.35
-1.36
0.47
-1.15
-2.6
2.06
-2.73
-0.68
-0.8
1.21
1.4
3.71
-0.01
1.68
-3.73
-3.07
-3.15
-1.88
-3.72
-3.08
3.3
2.01
1.02
0.38
1.67
-3.75
2.39
1.29
-3.31
-3.43
0.86
0.55
-1.04
-2.95
2.18
1.64
1.9
0.08
3.92
-3.12
3.75
-1.92
-1.44
3.13
-0.64
0.28
-0.94
-1.95
-0.87
1.65
3.31
0.85
-2.07
-3.08
-2
-2.66
1.62
-3.91
1.19
-2.86
3.67
-0.02
-1.37
-1.38
-3.66
-3.15
0.75
-1.07
3.5
-1.37
-0.97
0.77
-1.79
3.4
-2.83
1.21
-0.56
1.9
-2.98
-2.62
1.2
0.34
-1.85
-0.96
-2.73
-4
-1.39
-1.97
3.06
0.84
-3.98
1.81
2.9
2.78
-2.78
-0.23
3.45
3.95
2.78
-1.5
3.54
-3.87
-1.44
-3.51
-1.39
-1.47
-1.36
-1.46
3.75
0.79
1.9
3.72
3.07
-0.2
-0.05
-0.67
-2.17
3.59
-2.66
-3.67
2.24
-1.28
-0.13
-1.34
-1.39
1.23
1.88
-0.56
2.18
1.41
1.76
-0.5
3.13
2.52
-2.15
1.06
-2.23
-2.34
-3.57
2.75
1.37
-3.94
-1.72
-1.73
2.94
-3.7
2.74
-0.9
-1.17
1.89
-2.07
3.86
2.6
2.44
0.27
0.81
0.26
3.9
1.88
1.39
0.65
3.21
0.37
-1.67
3.03
-1.6
-3.41
-3.45
-2.05
2.89
-2.45
-3.84
3.16
-1.4
-1.03
2.17
-3.57
-2.4
-0.28
-1.69
2.49
-1.22
-3.4
-3.72
-0.52
1.91
0.91
-3.32
-1.75
1.04
-3.2
-2.12
-0.22
-0.95
-1.91
2.17
-0.3
3.95
-0.76
0.54
3.72
2.19
-2.85
-0.05
0.33
-2.23
-3.3
-0.01
-0.53
2.1
0.38
-1.34
0.17
-0.43
2.9
-2.13
2.6
0.08
2.86
-2.88
1.5
3.91
2.31
0.91
2.08
3.68
0.38
0.11
-3.49
0.8
-1.53
-3.52
2.36
3.19
-1.41
-3.7
-2.37
0.66
-0.04
-2.3
1.21
-3.09
1.22
0.15
-3.34
2.14
1.71
-3.79
0.15
-3.79
3.57
3.62
-2.91
-1.88
3.04
3.81
3.88
0.24
1.87
0.65
1.39
0.59
-0.52
2.67
-0.37
-0.11
0.3
0.99
-3.03
2.59
-3.76
-2.07
-3.89
1.16
-0.09
0.59
-1.32
-1.85
0.25
3.95
-2.03
0.17
3.96
-3.71
1.24
-1.15
3.4
0.23
-3.86
-1.22
-3.57
1.39
2.8
3.31
0.32
-3.39
1.43
2.56
-3.48
0.77
-2.16
-3.28
3.24
1.57
3.98
1.63
3.5
-0.06
2.21
-1.55
1.12
1.72
4
1.93
-1.32
-2.79
0.63
-0.81
-2.57
-3.23
0.5
-3.94
0.84
2.19
2.16
-1.14
-0.86
-3.19
-3.17
-0.7
3.16
0.13
-2.37
3.49
2.1
-2.76
0.93
-1.61
-3.68
3.61
-0.65
-0.54
2.03
1.7
1.66
-1.29
1.4
-3.13
0.63
-0.9
-0.02
-1.76
1.13
3.75
-3.74
-2.23
-0.12
-2.96
3.41
1.12
-1.51
2.69
-0.9
-1.09
-0.7
-3.01
0.09
-3.49
3.83
-2.57
0.28
-1.76
-1.13
-2.18
1.43
-2.96
-1.96
3.15
-3.48
-0.55
1.46
-1.73
0.18
1.74
3.32
0.91
3.01
-2.11
3.22
0.33
1.37
-0.11
-1.02
-0.79
1.12
0.67
-3.64
-0.89
-1.61
0.67
2.62
0.89
-2.95
-0.81
2.82
-2.26
3.38
-0.7
-1.68
3.23
3.73
0.74
-3.49
-0.04
3.66
-3.79
-1.5
1.36
-0.41
2.39
-2.02
-1.81
-2.71
-0.51
0.07
-3.61
3.27
3.67
0.71
-3.24
-3.32
2.93
0.75
-0.14
0.83
-3.43
-2.78
-3.01
2.92
1.58
1.54
-0.3
3.57
4
0.6
-3.38
-0.63
3.02
-0.44
0.9
-1.84
-1
3.53
0.01
-1.32
0.43
-0.41
1.56
3.12
2.43
-1.53
3.72
2.6
-2.44
2.55
-3.2
3.99
0.66
3.14
3.08
3
-2.49
2.45
2.02
-3.16
2.29
-1.38
-2.7
2.89
-0.56
1.03
-3.76
0.11
3.81
2.6
1.68
3.41
-3.26
-2.83
-3.6
0.99
-0.34
-2.13
-3.51
-0.9
1.83
1.11
2.01
-2.56
-0.2
-3.36
2.72
3.89
0.48
1.91
-3.36
0.55
-2.5
-0.84
0.4
-2.2
-1.71
2.68
-0.32
-2.6
-1.77
-0.4
2.79
-1.04
-3.14
-2.6
3.25
-0.51
2.73
-1.92
-0.67
3.65
1.95
-1.09
-0.99
-2.82
0.62
3.86
-0.91
-1.2
2.32
-3.65
3.63
-2.1
1.96
-2.88
1.9
1.58
0.77
2.61
-1.3
0.99
2.2
3.1
-3.13
-1.78
2.32
-0.95
-3.42
-1.6
-2.6
-0.78
-2.85
-1.61
-1.43
-3
2.61
2.6
-3.86
-0.78
1.18
-1.57
-0.42
-3.13
-0.92
-2.13
-0.02
0.88
1.01
3.74
-0.5
-2.34
2.72
-3.88
3.39
2.35
-2.55
2.85
-1.96
-3.22
-1.14
-2.44
3.28
-3.32
-2.6
-0.91
3.2
1.23
3.34
0.95
-1.48
3.31
1.43
-2.45
-2.58
-3.73
-2.6
1.32
0.01
3
2.25
-2.57
2.05
-3.16
2.9
3.74
0.51
-2.97
-0.99
0.22
3.56
3.76
0.56
3.36
-3.65
-0.39
-0.85
-1.11
3.48
4
-1.33
2.76
1.55
-3.95
1.22
0.2
0.23
1.16
2.71
3.12
0.94
0.13
-1.16
-0.96
-1.46
-2.57
