-10
-2.76
-2.08
-1.36
3.55
3.04
3.17
0.56
-1.6
-3.74
2.64
-1.84
3.11
0.62
3.62
0.34
3.37
3.99
3.29
-3.63
3.89
1.46
2.09
0
0.49
-3.27
1.72
0.56
-3.36
2.62
2.37
0.86
3.18
2.98
-3.63
-3.65
2.54
0.35
-1.01
2.35
-1.47
1.84
-1.66
2.55
-0.53
0.33
-0.52
0.06
-2.97
-2.45
2.43
2.14
0.56
1.84
2.29
0.5
1.15
3.77
0.83
0.36
0.74
2.82
0.01
-2.88
1.33
3.6
-0.69
-0.54
1.08
-1.01
2.54
-1.13
2.54
0.49
-0.01
2.43
-0.89
0.17
-3.01
-3.69
3.53
-0.26
-3.02
-0.46
2.98
-3.9
0.72
1.96
1.56
3.31
0.26
-2.05
-1.64
1.63
3.82
-0.95
2.93
1.49
-2.43
-0.54
-1.19
2.84
1.79
2.96
-1.94
0.02
1.47
0.84
0.73
-2.61
3.94
3.14
-0.11
0.63
0.73
3.44
0.49
1.79
-0.46
-1.78
-3.94
3.69
