-8
0.01
-1.02
-3.33
1.09
-2.53
-1.29
0.63
0.78
-3.15
-1.43
-3.92
-3.87
-1.11
-0.55
1.54
1.71
2.27
-2.05
-1.48
2.21
1.29
-3.68
0.48
-3.01
1.9
2.64
-2.04
-1.3
-0.67
2.25
-1.33
-1.11
-0.12
1.05
-0.32
2.11
-3.42
-3.89
2.42
3.8
-2.67
3.47
-3.35
-3.37
0.55
-0.43
-1.41
1.09
3.36
1.9
2.86
3.44
-2.54
-2.24
-1.82
2.72
0.39
0.78
1.31
1.59
-0.58
-3.49
-0.05
1.37
3.9
-3.98
-0.49
1.84
0.66
1.55
1.13
2.15
-1.55
3.64
-1.23
1.84
3.1
-2.5
2.05
-0.21
0.48
-2.76
3.52
-3.36
-2.55
0.44
3.98
2.87
-3.93
3.14
-1.79
-0.2
-0.71
1.62
1.61
-2.95
0.68
-3.03
-2.32
2.8
-3.93
-2.4
2.3
0.43
-3.23
2.58
0.77
0.39
-0.47
-1.63
3.43
1.19
-2.51
0.81
-2.94
-3.11
2.07
-3.49
-1.45
3.62
-0.98
