-5
2.89
-1.76
1.8
-0.84
-3.42
-3.29
1.38
-1.95
2.13
-2.2
0.88
1.11
-2.66
1.68
-0.96
0.02
2.33
0.48
-0.48
1.39
-0.15
-2.05
1.33
-2.42
-1.99
-2.8
0.56
0.97
0.25
-0.7
1.36
1.4
2.55
3.56
2.44
2.27
-1.21
-3.62
-1.2
1.29
3.84
3.71
2.36
-3.05
3.78
-1.39
2.86
-2.76
-1.58
-3.32
-2.49
-0.68
-2.73
-0.93
3.38
3.2
-3.86
2.82
0.17
-0.65
-2.84
0.68
-1.85
-2.78
-1.6
1.42
3.67
-2.44
2.6
-3.75
-3.26
1.33
3.97
0.97
0.53
0.25
-2.14
-0.12
-1.25
-3.26
-2.99
-3.45
-2.23
3.52
2.99
2.01
-0.68
-3.82
2.22
-3.55
-1.05
-3.74
-0.09
-2.57
0.22
3.36
1.01
-2.38
-0.77
2.06
-1.95
1.3
-0.4
1.89
-0.82
-0.42
2.39
2.74
1.07
-1.77
2.02
3.09
-3.59
0.91
-1.01
2.87
-2.87
-1.83
0.41
-0.49
1.01
