-2
1.43
3.44
-1
0.02
-2.6
-0.5
0.09
0.48
-0.2
-0.74
0.38
2.92
1.49
0.97
0
-0.12
-0.82
-4
0.81
3.13
-1.02
3.97
-1.98
-3.44
-1.31
-1.67
-2.85
-2.82
-1.45
-2.98
0.34
3.86
1.36
2.53
1.51
-1.75
0.56
0.87
1.94
2.9
2.97
-2.48
-0.11
-0.93
-1.19
1.95
3.43
2.88
3.41
1.87
2.53
1.08
2.81
-4
-2.93
-0.18
-1.6
1.21
-3.98
-1.61
-1.12
-1.84
-3.6
0.91
3.68
-1.83
0.96
3.74
-3.79
2.56
3.76
-0.21
-2.55
1.41
2.23
2.57
3.13
-1.32
-2.14
3.45
3.33
-1.42
-1.05
1.07
0.91
1.32
0.98
3.23
-0.73
3.39
-2
-3.2
-1.91
3.04
-0.82
2.95
2.36
1.89
-2.11
3.52
-2.25
2.92
-3.9
-2.28
2.47
-3.79
-2.51
-0.16
-3.88
-3.57
1.79
-1.6
-2.09
0.68
1.95
-2.93
0.25
1.46
-1.54
-3.58
-0.36
