-6
-0.22
-3.4
-1
2.31
-2.6
0.96
0.09
2.67
-3.66
1.22
0.38
2.92
-3.84
0.97
0
-0.12
1.87
-4
0.81
3.25
3.87
3.97
-1.98
-3.44
-1.31
-1.67
-2.85
-2.82
-3.38
-2.98
-3.71
-2.87
1.36
-2.62
1.51
2.5
1.66
0.87
-0.45
2.97
-3.28
0.05
-0.11
-0.93
-3.81
0.1
-3.28
1.91
3.19
3.08
2.53
1.62
-3.28
2.3
3.64
1.18
-1.6
1.21
2.99
-1.61
1.64
-1.84
3
-0.9
0.42
-1.06
0.73
3.74
-3.97
0.26
3.76
-0.21
-3.2
1.41
-0.73
2.19
3.34
-0.47
-3.07
-1.28
0.05
-1.22
-3.88
-1.28
0.91
2.52
0.98
3.23
-1.06
-3.67
1.51
-3.2
-2.45
2.75
-0.18
2.95
3.14
1.3
-2.11
2.77
0.61
2.79
3.27
-1.58
-3.48
2.51
-2.51
-1.18
0.25
3.64
-2.77
-1.6
-2.09
0.68
-1.76
-2.93
2.55
1.46
0.45
3.76
-2.22
