-3
-1.05
1.06
3.86
0.2
-1.94
2.98
0.15
3.79
3.08
-0.05
2.95
-3.15
-2.32
-3.6
-0.45
-3.31
-3.05
-3.45
-1.54
0.47
1.1
-2.35
2.17
-3.3
1.61
1.33
1.37
1.46
0.6
-2.66
-3.64
-1.39
0.19
0.16
-1.09
3.83
-2.12
3.23
-3.73
-3.86
-2.97
-3.87
3.76
-0.47
0.84
2.94
2.82
-2.19
-1.81
0.92
-3.95
-3.06
3.72
1.28
-2.68
-3.7
-0.23
-1.08
-0.96
-3.84
3.27
-0.55
-2
0.38
2.28
-3.38
1.59
-3.7
1.87
-3.57
0.08
-1.09
-3.49
3.13
-3.42
-0.51
-3.34
-0.2
1.95
3.77
0.36
-2.68
3.17
1.42
-1.36
-2.04
0.2
3.28
-0.84
-2.3
3.71
3.14
-0.72
-3.6
1.62
-1.37
1.22
3.84
-0.03
3.32
-2.65
3.96
-2.41
-2.04
-2.78
-3.83
-2.42
0.25
3.37
-3.2
-2.34
-2.65
2.09
-3.27
-0.43
1.89
3.21
-3.78
0.3
-2.54
0.18
