-11
-2.02
-1.76
-2.81
-0.84
1.07
-3.53
1.38
-1.95
2.13
-2.2
0.88
1.11
-1.66
1.68
-0.22
-3.88
3.61
0.06
-0.48
-1.46
-3.33
-2.05
1.33
-0.18
-2.98
0.47
2.41
-3.3
-2.31
3.46
1.36
0.6
-1.17
2.6
2.44
0.87
1.42
1.59
-1.2
-0.07
3.37
3.71
0.55
-2.55
-1.03
-2.74
-0.15
-3.3
-3.51
3.58
-3.95
-0.68
-2.73
-1.93
-2.14
3.88
-1.28
2.82
0.17
-1.24
2.51
-3.99
-2.15
3.46
-1.6
1.42
2
-2.44
3.01
-2.25
-3.26
0.47
-1.2
-0.95
3.83
-1.37
-2.14
-0.12
-1.33
-3.26
-2.99
0.45
-2.23
3.52
1.08
2.01
2.93
-0.45
-3.82
-2.09
-1.05
-3.49
-1.68
-1.48
0.22
-3.6
1.01
-2.12
2.33
2.06
-1.95
3.25
-1.61
2.69
-0.82
-1.84
2.39
-0.94
-3.67
-1.77
-0.69
2.85
-3.59
-1.05
-1.01
2.87
-1.09
-1.15
0.28
3.09
1.01
