-5
2.89
-3.69
1.8
-0.84
1.07
-3.76
0.95
-1.95
2.43
3.61
0.88
2.22
0.48
1.68
-0.36
-3.88
2.33
0.06
-0.48
1.39
-0.56
-2.05
0.56
-0.18
2.99
0.47
3.7
-3.3
-2.31
3.46
-3.01
0.6
-1.17
2.6
2.44
0.87
-1.21
1.59
-1.2
-0.07
-3.34
2.25
0.55
-3.05
-1.03
-2.28
3.18
-3.3
-1.58
3.58
-3.95
2.62
-2.73
-1.93
3.38
1.58
-1.28
2.82
0.17
2.9
-2.98
-3.99
-2.15
-3.5
-1.6
3.79
3.67
0.93
3.01
-2.25
-3.26
1.33
3.01
-0.95
3.83
-1.37
-1.17
-0.12
-1.25
-3.26
-2.59
0.45
-2.36
3.52
1.17
0.23
-0.68
-0.45
-1.54
1.43
-1.05
-3.49
-1.68
-2.57
-2
-3.6
1.01
-2.38
2.33
-0.97
-1.95
1.3
1.42
2.69
-0.82
-0.41
2.39
-0.74
1.07
-1.77
-0.69
0.31
2.26
1.6
-1.01
2.87
-1.09
-2.29
0.28
3.09
1.01
