-9
3.79
3.77
-1.38
-3.89
3.04
3.17
0.56
2.2
0.23
2.64
-1.84
2.38
0.62
3.62
1.17
-3.97
3.99
-2.04
-3.63
-1.6
-0.2
2.2
-3.33
-2.26
1.18
1.72
0.56
-3.36
2.62
-2.56
-2.94
3.18
2.98
-2.49
-3.65
-2.93
0.35
-1.01
0.1
-0.83
3.85
-1.66
2.69
-0.53
0.33
-3.95
-0.51
-2.97
-3.31
-0.52
2.14
-1.59
-2.38
-2.79
-1.31
-0.68
2.93
1.73
0.29
-1.02
-1.28
-1.26
-2.88
-1.47
3.6
0.97
-0.54
-0.66
2.1
2.63
-0.96
2.54
3.99
1.2
-3.67
0.97
2.79
-3.01
1.48
1.19
-0.26
-2.36
3.96
-0.68
2.59
2.15
1.96
1.37
-2.41
-2.97
2.78
-1.64
1.63
3.82
3.44
0.46
-1.43
-2.43
0.93
-1.19
-0.79
-0.72
0.45
-0.98
2.31
2.36
0.84
0.73
1.99
1.72
2.56
-1.35
0.63
3.04
3.2
-3.82
-2.04
-0.46
2.65
-0.41
3.69
