0
-1.36
-3.4
-1
2.31
-2.6
0.96
0.09
0.48
-3.66
-0.74
0.38
0.69
-3.84
-0.68
2.25
-0.12
1.87
-4
-3.63
3.25
3.87
3.97
-0.37
-3.44
-1.31
-3.05
2.58
-2.82
-3.38
-2.98
-3.71
1.7
-0.68
-2.62
1.51
-1.75
1.66
0.87
1.46
2.9
2.97
-2.48
-3.38
-1.65
-3.81
1.95
-3.28
2.88
3.19
3.08
2.53
-1.53
-2.21
2.3
3.64
-0.05
-1.6
-3.91
2.99
-1.61
-1.12
-1.84
-1.47
-0.9
-1.8
-1.83
0.96
3.74
-3.97
0.26
-2.54
-0.21
-2.55
2.62
1.34
2.19
-1.01
-1.43
-2.99
3.45
2.51
-1.22
-3.88
-1.28
-1.83
1.32
0.98
3.23
-1.06
3.39
2.95
-3.76
1.23
2.75
-0.18
2.95
3.14
1.3
-2.11
3.52
-1.69
-0.95
3.27
-1.58
2.47
-3.79
-2.51
-0.16
-3.88
3.64
-2.77
-1.6
-2.09
0.68
-1.76
-2.93
2.55
1.46
1.16
-3.58
-2.22
