0
-1.23
0.45
-2.79
-1.21
-1.65
-0.42
-3.04
-0.56
-2.47
3.34
0.31
-0.16
-3.59
-0.75
-2.63
0.09
0.19
2.37
1.69
2.52
-2.53
-0.62
-2.6
2.36
-2.7
-3.13
-1.28
3.62
3.07
-1
-0.85
-1.62
-2.9
-0.95
-0.2
0.37
-1.42
-3.03
-3.58
-1.59
-1.68
-1.31
1.05
-0.38
1.16
-1.37
-3.53
2.1
-1.64
1.15
-0.21
3.07
1.96
-1.94
3.17
-1.44
2.69
3.92
-2.67
0.27
3.28
-2.33
0.84
-3.29
-2.08
2.12
-3.09
-1.15
1.3
-1.14
-0.99
-2.6
2.22
-0.1
-0.37
2.87
2.44
3.45
1.68
-0.73
-0.17
1.97
2.8
2.04
-3.78
-3.53
1.49
1.38
0.87
-1.88
-3.83
1.52
3.02
-3.36
-2.98
-0.87
-0.38
3.49
1.35
3.31
-2.01
0.16
-1.13
-0.31
0.01
-0.79
-0.38
-0.35
1.04
-3.06
3.35
1.83
0.48
-1.17
-3.32
0.49
1.61
-3.15
2.36
3.62
-0.25
