-3
-3.19
-0.62
2.58
-1.95
-1.94
0.9
0.15
1.17
-1.6
-3.07
0.34
-0.14
-2.32
2.35
-0.45
2.75
-3.05
3.86
-1.54
1.71
1.1
0.58
2.17
-3.3
1.61
1.33
3.08
-0.42
-0.84
2.03
-3.64
0.36
2.52
0.16
-1.09
-2.38
2.63
3.23
3.06
-3.86
-0.46
-3.87
1.86
-0.67
3.9
-3.04
2.82
-3.75
-3.43
0.92
-3.95
0.83
-2.24
1.28
-2.68
-3.7
-1.18
2.42
-0.96
3.57
3.27
-0.55
-2
0.73
-1.53
-3.42
-2.75
-3.7
1.87
-3.57
0.08
0.32
-3.49
-2.88
-0.25
-3.48
-3.34
-0.6
3.04
3.45
2.82
-2.68
-2.94
-3.22
1.46
-0.24
-0.2
3.28
-0.84
-2.3
-2.53
3.14
-3.08
0.97
-0.45
-0.85
2.14
2.94
-2.86
3.84
1.81
0.36
-0.84
3.48
-3.63
1.69
-2.42
0.25
1.92
-3.2
0.1
-2.65
2.69
3.3
-3.94
-2.15
3.21
-3.78
-2.06
1.71
-3
