-4
-1.23
0.45
-1.71
-1.21
3.42
3.28
-2.95
1.95
-2.2
-1.16
2.58
-0.16
-3.59
-2.82
-1.75
2.52
0.92
2.37
1.69
2.52
0.07
-2.77
1.81
0.56
0.24
2.36
-3.19
3.62
-2.19
3.59
0.99
0.42
2.05
3.94
-2.37
2.86
2.26
-3.03
2.48
-1.29
-0.65
-0.84
3.79
3.58
1.05
-3.97
-3.53
1.59
-0.66
0.29
0.46
1.75
1.96
-1.94
3.47
-3.91
2.69
-0.76
3.75
-0.99
3.28
1.05
1.03
0.54
2.94
1.54
-3.39
0.31
1.3
-1.14
-0.99
2.57
3.34
1.07
-3.4
-0.23
-2.72
-0.94
3.41
3.23
-2.98
2.28
-3.44
2.04
-3.78
-3.53
1.47
-0.39
0.87
-0.3
-3.83
1.41
3.02
-3.36
-2.98
-2.95
3.26
-0.76
1.35
0.77
-0.89
1.75
-1.13
-0.31
0.01
-2.25
-0.38
-1.78
1.04
2.52
2.44
1.83
0.48
0.93
-3.32
0.49
0.49
3.83
2.05
0.31
2.52
