-5
0.8
-3.86
0.9
0.72
1.44
-2.69
-3.04
2.68
-3.08
1.77
-1.63
2.47
0.53
0.69
-2.2
-3.53
-3.42
-1.44
-1.13
-0.14
2.75
2.11
1.14
-0.17
0.66
-1.74
-0.6
0.07
-1.18
-3.41
2.41
-3.76
-0.24
-2.34
3.37
-1.52
2.06
3.24
-0.76
3.6
-1.67
-2.27
-2.11
-2.36
-1.07
1.96
-1.24
1.38
1.2
2.02
-3.19
2.15
-2.04
3.06
2.95
-0.4
-0.15
3.66
-1.98
-0.38
0.21
3.42
-2.2
-2.31
-1.79
3.09
1.68
-2.52
-3.72
-1.04
-2.2
-0.82
-1.63
2.29
2.07
0.78
-2.33
3.92
0.33
-1.89
0.46
2.44
-1.11
-2.52
1.62
3.47
2.38
-1.75
-1.61
0.56
0.64
-3.05
2.07
0.54
2.66
-1.08
1.6
-2.4
-1.75
0.81
-2.83
-0.9
-1.47
-2.92
3.05
-1.65
2.87
3.61
-1.48
-0.97
-0.93
0.57
3.25
-1.47
0.28
2.12
1.98
1.66
1.28
-2.84
-1.95
