0
-1.36
2.78
-1
2.31
-2.6
-0.5
0.09
0.48
-3.66
-0.74
0.38
-2.35
-3.84
0.11
0
-0.12
1.87
1.91
-3.63
-3.81
3.87
3.97
-1.98
-3.44
-3.49
-1.67
2.58
-2.82
-1.45
3.57
1.94
-2.87
1.36
2.53
1.51
2.5
1.66
0.37
1.94
2.97
-1.09
-1.79
-0.11
-0.93
-1.52
1.95
2.66
2.88
3.19
3.08
-2.03
-1.53
2.81
2.3
0.05
-0.18
-3.22
-3.91
2.99
-1.61
3.32
-0.26
-3.6
-0.9
3.68
-0.86
-0.85
3.74
-0.68
-3.39
3.76
-0.45
-3.01
2.62
1.34
2.57
3.13
-1.32
2.48
3.45
3.33
-2.2
-1.05
1.07
0.91
1.32
1.29
1.41
1.55
-3.67
-2
-3.2
-1.91
3.04
3.91
1.32
3.14
3.73
3.31
2.77
0.61
2.92
-0.43
-1.58
2.47
1.46
3.23
-1.18
-3.88
3.64
0.22
-1.46
1.87
0.68
-0.25
0.47
0.25
-1.01
0.45
-2.7
-0.36
