-5
-3.44
-3.69
-2.81
-0.84
-2.7
-3.29
-2.42
0.97
-0.21
0.8
-1.98
2.22
-3.91
1.68
-0.96
-3.88
3.61
0.48
-0.48
-0.57
-3.34
-0.29
1.33
-2.42
-2.98
0.47
-3.94
-3.3
-2.31
2.6
1.36
1.4
2.55
3.56
2.44
2.27
-1.21
-1.73
-1.2
1.29
3.37
2.25
-0.19
-3.05
-3.76
-1.39
-0.15
-2.76
-3.51
-3.32
-2.49
2.62
-2.73
2.36
3.38
1.58
-3.86
-2.94
-1.35
-1.24
-1.97
0.68
2.86
3.79
-1.6
3.79
-2.81
-2.44
2.6
0.78
0.18
2.1
3.97
-0.95
-1.79
-0.11
2.89
-0.36
-1.33
-3.26
-2.99
0.79
2.65
-0.43
1.08
2.01
-0.68
-3.82
-3.82
-2.09
-2.23
-3.74
0.89
-1.48
0.22
3.36
1.28
2.92
-2.75
2.06
2.23
1.3
-1.61
3.01
2.33
-0.42
2.39
2.74
-3.67
3.75
-0.69
-3.27
2.26
-3.11
-1.08
2.87
-0.79
-1.15
0.06
0.58
1.01
