-10
1.43
-3.4
-1
0.02
-0.23
-2.54
0.92
3.69
-3.66
-0.74
-0.07
2.92
-3.84
-0.68
2.03
-0.12
1.87
1.91
-1.22
3.25
3.87
0.3
1.03
3.85
-3.49
-1.67
2.58
-0.44
-1.45
-1.98
0.34
-2.87
-0.68
2.53
1.51
2.5
1.66
3.47
1.94
2.97
-1.09
-2.34
3.27
-0.93
-1.52
-1.07
3.68
2.88
3.41
3.08
-2.03
-2.68
2.81
2.3
-2.93
0.31
-1.6
-3.91
2.99
0.85
3.32
1.54
3
-0.9
1.39
-1.94
1.32
-0.8
-3.97
2.56
3.29
0.15
-3.2
-0.25
1.34
2.19
-2.83
-1.43
-2.14
-1.7
3.33
-1.42
-1.05
-0.76
-1.83
-0.35
1.29
1.41
-1.06
-3.67
0.82
3.84
-0.42
0
3.91
1.32
3.14
3.57
-0.68
2.77
0.61
2.92
2.75
-1.58
2.47
2.51
0.97
-3.56
-3.88
-3.57
-2.77
-1.46
1.87
-1.67
-0.25
1.21
-0.19
1.46
0.45
-3.58
-2.22
