-8
-1.17
0.18
-3.33
1.79
-1.26
-3.35
-2.79
-3.98
-2.1
-1.43
1.1
-2.32
-0.87
-2.87
1.07
1.71
1.3
-0.32
-2.32
2.21
1.29
-3.68
1.66
-3.01
1.9
2.64
-2.04
-1.3
-0.23
-0.35
1.34
0.59
-0.12
1.05
-0.32
-0.31
-3.42
-3.44
1.04
1.87
-2.67
-2.28
-0.56
0.16
-2.24
3.51
-3.09
1.09
-0.51
1.9
0.22
2.76
-2.54
-2.24
-3.55
0.22
2.53
3.12
0.18
0.06
-1.25
-3.49
0.39
1.37
2.4
0.36
-2.7
1.84
0.66
-2.22
1.13
-3.55
-1.55
3.64
-2.17
1.27
0.88
-0.78
-3.73
-0.21
1.73
3.37
-1.44
3.43
0.19
0.44
3.98
2.87
0.17
3.14
-1.79
-0.2
1.91
3.19
1.61
-3.19
0.11
2.95
0.26
2.8
-1.32
1.27
2.3
0.43
-3.23
1.87
-1.83
-0.85
-0.47
-2.33
-3.71
-1.62
-1.86
-0.12
-2.94
-3.11
-4
3.75
-1.91
-1.17
-0.2
