-10
-2.76
-2.08
-1.36
-3.89
3.04
1.12
0.56
-1.6
-3.74
1.78
-1.84
2.38
-1.51
-2.4
0.34
3.01
1.31
1.62
-2.06
-1.6
-0.2
2.48
-3.33
-2.26
-1.61
-2
2.13
-2.32
2.14
-2.56
0.86
3.18
0.04
-0.16
-0.49
-2.59
-2.1
-1.01
3.63
2.23
1.84
-0.16
2.55
-0.53
0.33
-0.68
0.06
-1.09
3.23
2.43
-2.99
0.56
-0.73
1.64
1.39
-0.65
3.77
1.73
1.44
0.06
2.82
0.01
-1.09
1.24
3.6
0.97
3.12
-2.45
1.79
2.63
3.68
-3.43
-3.84
-3.72
2.43
0.97
0.8
-3.01
-3.69
-3.3
-0.26
-2.45
1.47
2.98
2.81
0.39
-1.2
1.37
2.88
-2.97
-2.05
-1.64
-0.75
3.59
-0.95
3.63
1.49
-2.43
2.45
3.79
2.84
-0.72
2.96
-1.94
0.02
0.61
0.84
1.19
1.3
-2.55
2.56
-1.35
-0.85
0.73
3.2
1.52
1.79
-0.46
-1.78
3.53
3.69
