-5
-3.75
2.82
2.49
-2.33
2.58
1.82
-2.92
0.07
1.78
-3.52
-2
-3.01
2.99
-0.74
-0.54
0.64
-1.86
-0.71
-2.49
2.19
-2.41
0.46
2.3
1.3
0.23
0.1
-3.04
2.8
-1.12
3.71
1.7
3.65
-2.35
-2.48
1.2
0.38
-2.57
2.8
-0.48
1.75
-1.72
-3.52
0.52
-1.82
3.42
-3.5
0.03
-1.77
-2.4
1.95
-0.72
1.32
-0.03
-2.97
-1.24
-0.2
-3.48
-2.81
1.45
-1.52
0.85
-1.71
-2.82
2.08
-1.22
-1.65
3.34
1.47
2.06
3.08
-0.8
-0.65
3.77
-0.23
-0.1
-2.89
3.94
0.11
1.88
-0.28
-3.94
2.74
1.19
0.94
0.42
-3.62
-0.32
-3.39
2.76
-2.6
-0.14
-3.77
-2.66
-2.97
-3.11
4
3.3
2.45
3.41
1.07
-2.84
2.57
0.17
-1.47
-1.26
3.93
1.55
-3.81
1.14
-2.36
-0.14
0.41
-0.68
-2.28
-1.59
2.11
1.11
0.24
-2.35
-1.6
2.67
2.73
2.71
0.66
-0.79
-1.03
-1.99
2.73
-1.13
-0.09
-2.18
-2.51
0.71
-3.2
-1.44
-2.51
-1.43
-1.35
-1.8
0.49
-1.16
-0.52
-0.52
1.12
1.55
3.45
0.92
3.62
2.63
-1.22
-1.11
-0.95
0.79
1
2.4
-1.56
3.87
3.52
3.32
3.77
1.92
2.82
1.33
-2.78
3.83
-1.64
3.71
-1.49
3.17
-3.09
-0.46
-1.55
-1.96
1.16
3.56
-0.81
-0.76
-2.41
3.11
-0.23
2.05
-1.61
-3.9
-3.92
-2.98
2.77
0.71
3.71
-1.6
-3.89
-2.37
-0.95
-0.66
-1.57
2.58
0.02
2.16
-1.75
1.29
-0.82
3.75
-1.59
-3.55
1.71
3.25
-3.56
-2.99
3.63
1.45
-0.79
3.2
2.27
-3.6
-0.45
-2.28
-0.47
2.71
1.24
-3.8
-2.95
1.66
4
-3.9
3.05
3.29
-3.51
3.11
3.61
2.59
-0.46
1.03
-3.01
0.3
-0.07
0.02
-0.36
-2.07
-1.6
-3.16
-3.42
1.76
1.09
-1.74
3.2
-3.08
-0.63
-1.36
3.8
-3.29
-0.96
1.31
-3.08
-1.95
0.24
1.52
3.75
-1.7
-2.6
2.42
2.76
-2.67
-2.6
-2.97
-2.09
2.19
2.21
-2.04
0.48
3.53
2.09
-2.41
0.31
0.39
3.62
-0.71
-3.43
1.74
-3.09
2.13
-0.09
1.85
3.32
2.9
-0.46
2.23
0.11
2.94
-3.94
2.41
0.27
-2.67
-3.47
-0.02
-1.91
3.25
0.36
0.05
-3.65
-3
-1.29
-2.6
2.17
-3.74
-1.37
-2.55
-3
0.53
-1.56
-3.06
0.95
-2
-2.61
-0.72
-1.49
-3.1
-1.98
-1.49
1.49
-0.32
-1.93
3.27
-2.1
2.07
-0.74
0.75
-2.94
-3.68
-1.7
-3.63
2.94
0.52
1.39
3.91
-0.59
-1.49
3.68
3.05
0.27
-1.91
1.22
3.58
0.5
3.12
-2.54
-1.74
3.95
1.25
-2.53
-2.82
1.22
-2.15
2.56
0.67
2.93
-0.55
3.5
-3.9
1.01
1.88
-3.62
-3.32
-1.77
-1.94
-1.99
-3.58
0.62
-2.52
3.87
4
-2.77
-1.02
2.25
-0.6
2.47
-1.5
-1.23
-1.22
0.6
-3.01
0.81
-0.19
2.85
-2.89
-0.85
1.08
1.96
-3.28
-3.03
3.97
-0.99
3.57
-1.96
2.39
-2.3
0.54
1.35
-1.57
1.1
-2.97
1.65
2.46
1.39
-2.53
3.95
-1.76
-0.39
-0.84
2.21
0.43
-3.33
0.72
-0.49
0.01
-2.93
0.58
-2.17
-2.89
2.92
0.94
-1.54
-0.11
-3.5
3.91
0.99
-2.33
-3.07
3.86
-2.31
-2.08
1.15
-3.66
1.69
-0.44
-0.66
2.35
2.43
1.38
-2.84
-3.1
-2.53
-1.21
-1.48
0.55
3.29
2.3
0.06
2.03
1.31
1.13
-1.3
0.23
-0.49
-3.84
2.58
-2.25
1.95
1.48
0.49
2.28
-2.69
-0.25
-2.53
0.28
3.28
-3.67
3.04
3.95
-3.34
-1.28
2.15
0.46
3.95
2.02
-0.54
3.67
-2.63
-0.04
-3.39
2.7
1.61
-1.1
-1.45
0.56
3.22
-3.09
0.83
1.52
0.99
-2.41
-3.6
-3.06
-3.11
-1.12
3.59
1.73
-2.68
2.24
1.27
2.96
3.27
0.11
1.36
-1.41
2.99
2.25
0.29
1.5
0.71
2.91
-3.63
-2.02
0.87
1.79
-3.34
2.41
-2.8
0.92
1.06
2.37
-0.49
-2.49
-1.04
3.08
-1.68
1.2
-0.44
1.06
2.43
1.74
2.35
-0.86
2.7
-2.35
3.43
-2.5
1.55
3.97
1.58
-3.03
0.63
3.33
-3.2
2.09
-2.79
2.42
0.08
-0.9
-1.79
-2.82
0.52
0.41
-2.82
2.91
-0.55
1.75
-2.86
2.28
-3.74
-2.22
-1.31
3.23
3.07
2.98
-3.45
1.24
-0.71
-0.79
2.37
3.17
-3.14
-2.76
3.34
0.09
-2.27
0.18
-3.29
0.88
1.87
-0.09
-2.88
-3.54
-1.15
1.24
-2.79
-2.06
-2.05
3.79
2.21
-2.32
-3.65
3.27
3.7
-0.2
2.29
1.41
-3.75
-2.17
1.53
-0.02
-0.88
-3.14
0.74
-0.95
-3.68
-0.72
1.07
1.1
1.17
3.28
1.04
0.27
-3.59
0.36
-3.35
-1.78
0.37
-2.18
1.76
2.62
-0.72
-0.5
1.01
0.68
2.81
-2.41
-2.46
-0.46
1.81
0.32
-0.08
2.88
3.35
-2.11
-3.22
-3.75
-0.27
3.8
0.92
1.93
0.87
0.86
-1.39
2.93
0.65
0.09
2.85
-0.66
-0.86
0.06
-2.97
2.43
0.08
2.92
-3.31
3.62
-0.14
-3.95
0.24
2.73
-2.27
-2.47
3.29
-3.15
-0.64
2.16
0.93
2.53
-0.43
-3.61
2.5
0.58
0.91
3.84
-2.26
2.43
-3.12
2.08
-3.98
-1.28
-1.26
2.21
-3.61
-2.26
-0.71
1.49
-1.2
-3.58
-2.81
-2.83
0.4
-0.33
-0.45
2.19
0.19
-0.66
1.57
-2.24
-0.43
2.49
3.16
-3.68
3.77
-1.26
1.57
0.46
-2.48
0.24
1.17
-1.73
2.73
1.79
-3.98
-2.48
-0.02
-0.47
-2.87
1.55
1.56
1.87
-0.64
0.5
1.33
-1.6
0
-1.18
-2.98
2.72
-0.36
2.41
-3.15
3.13
-1.5
-2.46
-0.44
-1.58
2.45
1.65
0.18
2.83
-0.04
2.56
-0.75
2.93
-1.56
2.62
-0.36
-1.97
-1.79
-3.34
-1.8
-3.98
0.2
1.71
-0.87
-1.35
-1
1.36
2.74
-1.26
-0.57
-1.19
-3.4
2.77
-2.59
3.61
-0.72
2.49
1.96
-2.44
1.08
-0.52
-2.63
2.73
-2.1
0.8
-2.75
2.4
3.97
1.39
3.19
3
0.51
-1.03
0.2
-3.17
-1.08
0.8
2.42
-3.1
3.43
-2.92
2.92
-2.57
-0.6
-2.85
1.95
0.49
1.52
-1.17
-0.67
1.16
0.07
-3.36
-0.42
2.72
2.66
1.47
-0.2
2.33
-2.6
0.6
1.4
-2.65
-0.44
0.43
2.3
1.63
-1.44
-3.42
0.69
2.48
-3.93
1.05
-1.86
0
0.57
3.94
-0.67
-3.26
2.85
0.77
-3.12
1.13
-1.95
-1.97
-1.07
-0.14
3.4
1.49
-1.82
1.45
-3.01
-3.92
3.51
-1.18
-0.32
1.57
1.88
2.97
-1.14
-3.68
-2.08
0.93
2.15
0.85
1.08
3.02
2.51
3.58
-1.85
2.72
-1.86
-0.95
3.48
0.64
-0.28
-3.73
3.3
-2.47
-2.5
-1.57
2.24
1.08
2.41
3.24
1.49
3.99
1.55
3.32
-3.68
3.01
-1.94
0.36
1.89
2.53
-1.16
-0.05
2.98
1.2
0.95
-0.08
1.36
3.82
-0.67
-0.54
-0.69
1.94
-3.39
-1.14
3.11
-0.6
2.27
0.34
1.47
-3.58
-1.92
0.84
2.53
2.91
3.37
1.09
-2.54
3.2
3.26
-0.86
0.66
1.78
1.17
-3.06
-2.2
3.77
-2.71
-1.91
0.58
1.58
1.08
2.42
-2.26
-1.05
-0.07
3.55
3.38
-1.31
-3.8
0.92
-3.27
1.72
2.89
1.47
0.44
2.01
1.42
-3.94
1.84
3.87
-1.55
2.17
-3.45
-3.82
2.8
1.53
-3.23
3.67
-2.94
3.34
-1.9
0.18
3.77
3.89
-0.66
-0.33
-0.91
-0.42
-1.03
3.83
1.71
2.78
2.99
-1.67
-1.59
2.95
2.9
3.7
0.51
-0.2
-1.65
-2.78
0.26
0.72
-0.87
2.91
1.86
-2.45
0.16
2.41
2.77
3.72
-2.38
-3.14
-1.19
0.56
1.96
3
-1.88
-3.23
-1.09
-2.16
1.1
2.01
-1.85
-0.32
3.19
2.22
1.78
3.85
2.63
-2.92
-0.84
1.27
0.99
-3.12
3.93
-0.96
0.76
0.44
1.81
-2.47
3.43
0.57
-2.94
2
1.15
2.12
3.53
1.86
-3.01
3.9
1.57
-0.27
-3.12
-3.5
0.13
2.25
-1.43
3.45
3.73
3.64
-0.22
0.31
3.78
1.68
0.56
0.36
-0.12
-2.07
0.63
-1.09
-1.76
1.69
-1.03
-2.63
-1.59
-3.48
0.95
0.16
2.54
-2.94
2.7
3.93
2.85
2.74
-0.49
3.43
0.38
0.48
0.75
-2.32
-3.54
1.31
0.71
2.17
1.76
-0.89
0.79
-0.62
-2.57
-3.22
-1.76
1.59
-2.78
2.09
1.66
3.89
-3.24
3.52
2.09
-0.39
-2.7
2.42
-3.09
2.66
-3.06
-0.15
1.47
-2.96
-1.83
1.13
3.98
3.4
1.19
-1.05
-1.56
0.93
-3.02
0.8
-0.38
3.31
-0.26
-2.44
-1.28
1.75
2.83
-2.89
2.71
-3.24
-2.92
-0.37
2.67
0.87
2.39
-2.87
-3.63
-1.95
0.4
2.05
1.23
-2.09
1.65
-0.25
-2.79
0.31
-3.19
-1.16
-3.6
2.28
-0.36
-3.28
2.91
-0.04
-0.11
2.79
3.88
3.74
-0.31
-0.83
3.83
3.84
1.15
0.7
3.96
2.55
2.47
-0.89
-3
0.05
-1.43
-3.61
-3.48
-1.07
3.58
-2.3
-2.35
3.99
-3.65
2.42
0.94
-0.01
-3.3
-3.58
1.13
-3.65
0.73
-1.29
-3.03
3.6
-2.74
-3.37
2.36
-2.77
2.22
1.4
0.76
-3.05
-0.2
-1.33
1.85
1.71
-2.16
0.35
-0.3
-0.75
-3.81
-0.03
0.38
-1.82
1.14
3.89
3.39
1.28
2.23
-0.16
3.13
0.72
3.58
3.6
-2.18
-0.25
-1.87
-2.6
-1.22
-2.07
-1.97
3.3
0.71
-1.82
0.95
-3.3
0.19
1.69
-3.43
3.24
-1.86
0.36
0.73
-2.12
-3.85
-3.25
2.33
2.79
-1.54
-2.62
-2.75
-2.92
-1
-1.62
2.27
-3.96
-2.63
0.2
-3.15
-1.91
-0.43
-3.57
-2.43
-2.23
-2.79
-3.1
3.26
-1.81
1.24
0.44
-0.3
-2.3
0.71
3
-2.31
-1.23
4
1.7
3.44
-2.94
1.42
-0.66
2.95
-2.6
-3.32
-3.05
0.29
-1.67
-0.09
0.9
3.33
3.99
0.83
2.48
-0.34
-2.29
-1.21
-1.05
-3.34
3.26
-2.51
0.14
-2.45
2.02
1.69
3.55
0.37
0.01
-3.32
-0.5
-3.95
-0.32
0.77
3.79
0.67
-3.77
-2.51
-3.84
-2.92
-3.74
0.61
0.92
2.28
-3.66
1.12
-0.29
0.87
2.24
-0.67
3.99
3.99
1.04
1.03
-3.82
3.57
-2.72
-2.21
-3.08
-0.28
-2.87
0.58
-3.72
-2.35
-3.59
0.84
-0.36
-0.78
1.05
-2.2
-0.58
-3.79
-1.38
-2.13
-3.6
-1.36
0.58
1.86
-2.8
-3.1
-2.03
-1.33
2.14
-3.33
-3.31
-0.48
-0.98
2.66
0.59
-3.78
-0.62
2.45
-3.43
0.45
3.95
-0.32
0.32
-0.73
1.87
-0.5
-2.53
-3.52
3.83
0.43
3.91
3.77
1.36
-0.84
0.62
1.54
-1.01
-0.57
-3.42
-3.99
-2.26
2.47
2.45
3.62
-3.05
0.89
-2.18
0.99
2.64
0.83
2.43
0.98
3.65
2.17
-2.08
0.73
2.33
-2.7
3.99
1.71
3.44
-2.52
-1.15
-2.29
-3.24
-3.07
2.17
3.86
-1.97
3.05
1.23
3.96
1.86
-3.45
-1.3
-2.52
1.23
0.71
-1.69
-3.02
-2.33
0.49
-2.15
-1
2.01
-1.07
-3.88
3.19
-2.76
3.9
3.22
-2.32
-0.55
-1.12
-3.42
-3.74
-0.39
0.74
2.86
-3.98
2.73
-2.03
-1.04
3.59
3.6
2.47
3.12
3.1
-0.53
-3.56
3.5
-2.39
2.99
3.01
0.03
-1.06
3.64
3.86
-0.29
1.83
-3.2
2.98
2.62
-1.87
3.84
-0.46
0.5
-1.02
3.97
-1.56
1.87
-3.51
1.85
-1.71
-1.75
3.71
-2.47
-1.74
-0.6
3.54
-0.19
-2.98
-0.28
-3.2
-3.61
1.6
-1.3
0.45
2.86
1.64
-3.37
-0.24
-2.97
-2.98
3.22
3.76
-0.64
-3.18
3.76
0.05
-2.03
0.14
3.13
-2.97
-1.43
3.01
-0.24
0.7
0.75
0.32
-2.59
1.37
0.45
0.17
-1.98
3.79
-0.74
1.81
-2.26
-1.76
-3.16
-3.95
0.12
-1.68
-2.2
-1.89
3.47
0.83
-0.93
-1.5
0.35
-3.29
-1.49
3.36
1.56
3.67
-2.1
-1.32
2.24
-2.61
-2.17
2
3.7
-1.47
0.23
-0.73
3.32
0.86
3.01
3.44
0.5
1.55
3.08
1.52
-0.8
-2.09
-3.99
0.8
3.23
-3.55
3.55
2.94
-2.37
-1.76
3.98
-3.3
-1.15
1.1
2.62
-1.65
1.88
-3.43
3.58
-3.65
-3.6
-1.16
-3.65
-2.41
2.1
2.54
-1.2
-1.4
1.83
-0.37
2.01
2.8
-2.37
1
0.15
-0.35
3.66
1.1
-0.55
1.78
-2.16
-1.1
0.37
1.46
-1.45
-0.48
-3.59
-1.78
2.25
0.66
-2.44
-0.08
1.97
2.73
1.11
-3.65
-2.44
2.43
2.71
-3.31
1.66
0.94
-2.89
2
0.24
-2.82
3.08
1.86
-3.06
-1.04
-1.3
-3.23
1.12
-2.2
2.51
1.51
2.48
-1.1
3.04
-1.43
2.13
-3.42
0.36
-2.83
-1.93
-1.92
-3.18
-1.1
3.9
-0.21
-1.91
-2.78
2.4
-1.24
-3.89
0.91
-2.21
2.38
-2.79
-2.63
0.45
-1.45
-2.73
-0.72
-2.04
-3.22
2.81
0.17
-3.78
3.6
-2.12
2.66
3.4
0.13
-1.43
1.08
-3.42
3.95
-0.08
-1.85
-3.65
0.17
1.97
1.16
-3.13
-2.53
-1.63
-1.64
-2.32
-2.4
-0.28
-3.9
-2.32
