-6
3.25
-0.17
-1.33
-3.74
-3.99
-1.73
3.22
-0.37
-2.69
1.81
-2.53
-1.72
-0.35
0.21
1.79
-0.45
-0.56
3.97
-2.63
-2.02
2.11
-3.78
2.06
2.62
1.24
3.89
-1.7
-0.85
-1.05
3.28
-1.71
-2.81
-2.06
-0.37
-0.76
1.35
3.19
1.68
3.36
-3.89
3.57
1.24
-2.25
1.57
0.75
-0.08
-1.9
0.42
0.32
1.06
-1.55
-2.23
2.44
1.4
1.04
3.03
1.78
0.05
-0.97
-3.87
3.97
0.07
-3.32
-1.97
-0.48
-3.73
-3.67
-3.99
-3.04
-3.57
0.37
1.76
-3.4
-2.75
-1.58
-3.13
2.48
-3.52
-2.13
-2.69
1.78
1.89
2.83
1.89
0.82
-3.49
-1.24
0.54
2.59
0.22
3.58
-0.87
-1.35
3.23
-3.85
-0.5
0.55
3.72
-1.95
0.47
-0.42
-1.92
-0.54
-0.11
-3.32
0.7
-2.84
1.18
-1.02
0.17
-3.45
1.29
-1.82
-2.29
-1.65
-1.92
1.24
-1.21
1.21
-1
1.52
-0.21
-2.57
0.74
-3.15
-2.76
-0.89
-2.63
-2.9
2.92
0.32
2.76
2.44
1.4
1.74
-0.3
-1.58
-1.07
1.2
-3.88
3.36
1.59
-2.44
-1.58
-0.33
-1.71
-3.06
-3.07
0.88
2.07
2.26
-2.24
-1.5
3.05
2.96
3.79
-3.35
2.72
-0.97
3.45
-2.41
3.79
0.07
0.06
3.85
-2.21
2.85
0.78
-0.02
2.66
3.66
-1.7
1.6
1.09
-0.36
3.93
-1.77
3.01
-2.93
2.57
-3.71
-1.83
0.5
-0.97
-3.34
-1.44
0.26
3.4
2.45
1.95
-0.96
-0.3
3.91
1.75
2.54
3.58
-2.49
1.5
-1.43
-2.13
-0.55
0.17
0.96
2.23
2.42
-0.05
0.17
1.42
-0.6
3.03
1.56
-2.36
1.65
0.46
3.16
3.42
-0.71
-2.97
-0.6
1.29
1.54
3.46
2.34
2.04
-0.39
-0.04
-1.6
3.85
2.55
0.07
2.41
0.74
0.44
3.21
-0.88
0.13
1.21
2.27
0.62
0.71
2.39
2.85
-0.01
3.42
-3.61
-2.6
2.06
-0.56
2.6
3.12
0.29
-3.52
-1.91
1.28
0.34
0
1.84
2.93
-1.38
-1.54
-2.45
0.33
2.87
3.33
-3.38
-3.19
1.21
2.45
-2.66
-0.98
-1.8
1.02
0.41
2.7
2.91
2.7
-0.54
2.92
1.65
-1.79
1.9
2.96
-2.76
3.44
3.79
1.93
-1.36
3.16
-1.14
3.13
2.3
2.29
-0.35
-1.84
-0.84
-1.94
3.98
0.66
2.8
3.58
0.19
3.62
-1.9
-0.42
0.91
3.27
0.07
-0.61
2.38
1.64
-3.47
2.92
-2.72
-3.6
0.56
-1.41
-0.92
3.43
3.55
-1.3
2.18
2.05
-0.42
-1.78
0.73
-0.08
-2.63
-1.76
-0.46
0.84
2.72
2.8
-3.89
2.07
2.02
2.29
0.86
1.67
-1.48
-3.48
-2.15
3.26
-3.22
1.23
2.59
3.38
1.01
-0.76
1.61
-3.44
2.98
-3.46
1.12
0.1
-2.6
2.15
0.04
3.89
2.85
-3.01
1.89
-2.18
3.86
-2.46
2.93
-2.26
2.8
-0.79
-1.61
2.28
1.74
1.42
0.91
3.03
-3.16
2.93
1.26
2.36
-0.37
1.35
2.91
2.13
0.64
-1.03
1.86
2.17
-2.32
0.02
0.67
3.87
-1.76
0.98
2.82
-2.47
-1.37
-3.98
3.4
3.25
2.3
0.85
-3.42
-2.2
-3.15
3.33
-1.17
-2.45
-0.36
2.1
-0.75
-1.52
-3.12
1.68
0.25
-2.5
-1.91
3.76
1.19
0.88
-0.32
-3.25
-3.95
-1.23
2.54
-1.48
0.03
-3.25
2.61
-0.63
0.39
-3.18
3.53
2.02
-3.95
2.79
0.77
1.11
1.28
1.31
-3.86
0.3
-1.48
-0.41
-3.23
-1.81
2.99
0.56
-3.27
1.31
3.45
-1.13
-1.16
-1.49
-0.44
1.55
0.79
1.81
-0.74
2.33
-0.7
-1.93
-1.05
-3.73
-2.3
-1.57
-1.05
-1.14
1.63
1.46
0.73
0.98
-1.52
3.88
0.74
3.38
2.23
0.47
-2
0.35
-0.46
3.47
-3.98
-2.71
-0.07
-2.48
1.99
1.01
-1.54
-1.5
-2
2.97
-2.16
2.95
-1.99
2.07
-2.65
-1.75
-2.12
2.35
3.24
0.12
2.94
-0.73
-3.42
-1.54
-3.61
-1.04
1.78
0.18
3.32
-3.69
-0.2
2.92
-1.21
-0.17
-1.96
-2.35
0.34
-3.82
0.44
1.94
-3.6
-0.88
-0.55
1.77
-0.86
-0.47
1.86
2.67
2.03
-0.02
-1.42
-0.34
1.11
3.42
-3.47
0.76
-3.29
-2.53
-2.88
-0.98
3.24
2.28
-0.81
-2.31
-0.84
-1.07
0.16
2.19
0.03
3.7
1.92
-2.3
-2.1
-2.71
-0.29
-0.19
3.82
-1.19
3.32
0.87
1.11
3.11
2.16
-0.66
1.73
-3.86
-2.2
-0.63
-0.71
1.29
-3.06
-1.13
3.06
-2.58
2.71
-1.87
3.94
-2.24
-1.4
-3.79
3.38
3.67
-1.36
2.33
2.07
-3.12
-2.25
-0.18
-0.29
0.73
0.94
1.9
-1.85
0.26
1.91
-3.88
-3.89
3.86
-0.04
-0.98
-2.87
-3.22
-1.11
2.74
2.76
-0.96
-1.36
-3.53
-1.41
-2.43
-0.13
2.06
-3.79
3.11
1.49
1.44
0.47
3.84
1.28
0.85
2.39
1.99
3.67
2.57
-3.65
-0.96
-3.29
-1.2
-0.48
2.59
-1.98
-3.92
1.81
3.58
3.09
2.59
0.78
-0.1
3.58
-0.98
2.24
-2.72
-2.78
-1.87
-3.15
2.89
1.69
-0.96
2.77
-3.54
-0.34
-3.72
-1.42
3.12
0.64
-0.86
-2.89
0.32
2.39
-0.29
-1.68
3.85
0.96
0.01
3.56
-0.21
-3.76
-3.37
-3.98
2.91
-3.34
-3.44
-3.74
-1.75
2.61
1.1
0.76
1.53
1.72
-2.53
1.36
1.68
0.03
-0.95
-1.08
-2.26
1.51
2.69
-1.06
-0.06
1.48
-3.55
1.52
-0.14
-3.31
2.39
0.33
1.22
-1.42
1.06
2.64
1.06
-0.98
3.87
3.81
-0.91
-3.99
-3.68
-3.5
3.54
2.39
-0.41
2.61
0.91
2.36
0.65
-0.18
-2.1
-2.92
1.82
2.29
-2.45
1.69
0.09
-2.58
-3.79
-0.96
0.4
-2.45
-3.79
-3.23
3.54
-1.05
-3.34
-1.17
-3.7
-1.34
0.16
-0.75
3.83
-2.28
1.18
2.18
-0.6
1.55
-2.12
-2.15
-3.4
1.51
0.05
-1.43
-1.58
0.14
0.77
2.78
1.08
3.37
2.93
2.44
3.59
-3.95
-0.38
2.77
-3.71
2.76
2.85
-3.37
1.95
-1.92
2.06
-2.01
3.66
2.65
-2.75
0.09
-2.89
-0.63
-1.71
2.54
3.55
2.36
-1.56
2.9
1.51
1.65
2.36
-0.6
2.19
-2.12
1.76
-3.07
-0.27
1.73
-0.34
3.78
2.11
2.41
1.89
0.64
2.71
-2.75
-0.09
2.53
3.45
-1.95
-1.09
-0.23
-1.12
-3.33
1.66
-2.3
1.08
-3.61
2.9
-2.77
1.61
0.72
-2.75
-1.35
-3.6
-0.55
-1.56
0.06
0.33
1.12
2.27
-2.07
-1.01
-2.53
1.99
-1.3
1.49
1.65
3.84
2.29
-1.55
-0.09
3.45
-0.54
-1.27
-1.42
-3.49
1.52
0.23
0.05
-0.14
-0.66
2.83
-1.57
-1.84
-2.61
1.16
-0.76
0.23
-0.75
2.81
3.86
-1.8
-1.67
-0.21
-3.02
-3.22
-2.59
-1.31
-1.04
0.22
3.43
-3.45
-3.39
2.79
-2.3
1.27
1.8
3.92
1.83
-1.06
0.93
3.84
-3.72
-2.75
-1.08
-0.89
-3.45
3.31
0.6
1.55
-1.76
-2.59
0.58
3.48
-1.4
-2.29
1.12
3.67
-2.25
-2.21
3.1
-1.18
-2.74
3.83
0.44
-1.22
2.22
-0.35
-3.54
0.12
3.36
-0.67
2.41
-3.7
-2.13
-3.98
-2.08
-2.93
-3.14
1.88
-3.78
-1.9
2.1
1.42
-2.02
2.02
-0.03
-2.87
0.18
3.99
-3.86
2.13
2.17
0.03
-0.16
-1.89
2.57
-3.55
0.82
-3.86
0.89
0.91
2.84
-3.53
2.19
2.92
-1
0.28
1.6
-1.42
3.8
0.05
2.81
-0.12
-2.44
0.99
0.73
-0.16
1.84
2.42
2.81
1.08
3.47
-3.52
-0.02
-2.77
1.16
-1.63
0.46
3.77
-2.55
-2.54
0.25
-3.28
-3.02
-0.68
-0.74
1.62
3.24
-0.94
-0.99
3.7
-0.47
-2.4
-3.81
0.09
3.33
-1.71
-1.54
2.85
1.38
-1.27
-1.39
2.41
-2.67
3.82
1.44
2.36
0.5
0.96
-2.25
-3.38
3.82
1.83
-2.88
2.34
3.81
2.08
-1.11
2.25
-2.28
3.11
0.61
-1.22
-0.59
3.12
-2.45
1.86
-3.71
3.89
-2.1
-1.13
3.92
1.61
-1.61
2.72
2.85
1.85
3.4
-2.83
1.88
0.91
-2.88
-1.73
-2.69
-1.62
3.89
1.7
-3.53
-2.15
0.29
-2.76
3.4
0.22
1.12
2.28
2.12
3.84
-1.01
-1.78
2.26
3.58
2.07
0.62
-0.95
2.89
-3.29
-1.8
-0.56
-1.59
3.49
-2.04
2.69
-2.28
-3.64
0.82
1.98
-1.67
-2.54
-2.97
3.24
-0.15
1.39
2.44
-0.41
-3.34
-0.53
-0.3
-3.52
0.11
-3.41
3.01
-1.15
1.18
-1.09
2.3
2.84
0.51
3.23
-1.58
-2.34
1.68
-1.75
2.07
-1.63
-1.67
-1.44
1.67
-0.15
-3.7
-3.71
-0.21
2.37
-2.05
-1.02
-1.59
-1.81
3.64
-2.98
-1.61
-0.59
1.02
-2.29
3.33
-2.19
-3.53
3.11
-2.5
2.82
-1.93
1.98
-2.53
-0.89
3.05
3.37
-2.45
-2.41
3.32
0.06
-2.74
2.1
1.81
3.85
-3.82
-0.18
0.81
-3.37
-3.11
-1.81
-3.51
0.1
3.21
-0.52
0.83
3.01
0.65
-0.04
-1.07
0.26
-2.11
-0.78
-2.95
2.85
-2.22
-1.68
2.82
-3.32
3.33
-1.41
-2.57
-3.19
-1.12
-0.43
3.77
0.29
1.61
1.17
-2.47
-0.49
1.01
3.85
2.21
3.32
2.33
1.97
2.77
1.99
2.28
-3.96
-1.28
1.6
2.67
-0.94
-1.83
2.04
1.04
2.96
2.07
1.86
1
0.13
-2.69
2.31
-3.24
3.68
-2.78
-0.36
-0.28
-3.46
-2.61
3.48
-1.57
3.42
3.25
-1.95
1.02
-2.26
-3.48
-0.18
-0.44
-3.18
-1.6
3.29
3.87
-0.17
-1.85
3.82
-2.61
-2.28
3.25
2.66
3.11
-0.33
2.51
-3.13
2.53
3.9
2.55
2.65
0.74
-0.87
-1.73
1.74
2.65
-0.75
-0.84
3.25
-0.19
-3.88
-2.98
-0.7
2.43
-1.75
-1.7
0.18
-2.28
-1.97
2.45
0.93
1.53
-2.59
-1.76
-2
-2.71
-1.27
-3.64
2.76
-3.09
2.38
-0.48
1.12
-0.81
-2.12
3.08
-3.58
2.56
0.67
-3.37
0.62
-3.33
-1.09
0
-2.73
-3.31
-0.05
-3.77
0.86
-2.63
-1.67
3.16
0.49
-2.55
-2.38
-2.88
-0.67
-3.12
-3.73
0.45
-0.08
-1.12
0.41
2.33
1.44
0.6
-0.09
-3.89
0.54
-0.83
-2.13
1.62
1.06
-2.6
-2.17
0.26
-1.38
1.41
-3.03
-2.7
1.34
-1.51
-0.49
1.39
2.59
3.22
3.04
-0.33
-2.44
-3.25
-0.26
3.55
2.29
-3.78
0.72
-2.27
0.26
0.58
2.57
0.67
0.79
-0.17
-0.31
-2.32
3.5
0.71
-1.9
-0.91
3.62
1.37
2.51
1.93
3.91
2.97
3.11
-2.58
3.37
3.02
3.75
2.23
1.57
-3.77
2.55
-0.21
3.44
-1.67
3.34
0.84
0.68
-3.91
4
2.04
2.85
0.31
0.52
-2.49
2.81
-2.18
1.89
-2.12
1.12
-0.06
0.05
0.2
-1.75
1.82
3.64
3.32
-2.89
-0.71
-1.64
1.24
0.84
-3.66
3.11
0.55
1.28
3.91
-1.75
1.16
1.37
1.26
2.41
3.53
1.37
-3.54
3.09
-0.4
-1.55
1.6
-1.38
1.54
-2.87
1.87
-2.9
-2.37
0.19
-1.65
-2.47
-2.39
-1.3
-3.98
-0.28
-2.62
1.73
-1.25
-2.8
2.5
1.2
3.98
0.23
2.9
3.58
-3.27
0.51
3.86
1.53
0.53
2.83
-2.22
2.73
0.03
0.87
-0.48
-3.33
0.83
0.11
2.97
3.24
1.47
-3.65
-1.07
2.38
-3.37
-1.55
1.35
-2.46
1.02
-2.21
-1.38
3.26
-3.42
2.4
-1.53
-2.64
-0.28
1.97
-3.61
-2.65
-2.76
0.1
3.66
-0.48
3.76
-1.12
2.68
-0.85
-3.81
-3.29
-3.1
2.64
-1.77
3.27
3.73
3.62
-2.71
-3.48
2.94
2.28
3.16
2.32
-3.5
-1.26
0.21
-1.48
2.15
1.63
-1.61
-1.84
0.95
2.86
-0.28
1.62
2
-2.63
-3.3
3.42
2.62
1.75
-0.22
-1.8
-2.66
0.31
-3.12
-0.02
1.03
-2.68
2.67
-1.14
-3.94
-0.8
3.03
-1.89
-1.8
-1.07
-0.4
0.92
3.31
1.23
0.74
-2.96
-3.24
2.04
-0.24
-1.95
-1.08
0.62
-2.73
2.36
2.92
-2.12
-2.1
-2.82
-1.51
0.96
0.97
0.19
-2.15
-3.77
1.5
0.83
2.96
3.53
-1.91
-2.25
3.83
-2.4
-0.58
-0.94
1.78
-0.22
-3.9
-2.61
-2.99
-1.26
-2.56
-0.7
-3.45
2.84
-2.94
-3.6
-3.96
-3.69
-0.05
2.18
-2.7
1.85
3.62
1.24
1.96
3.41
-0.94
3.08
3.73
3.92
-1.92
-2.77
-0.05
-1.99
-1.78
-2.69
-2.8
2.21
-3.42
-0.87
-2.22
-3.5
-3.83
3.76
-0.48
-2.33
-0.36
-0.98
3.17
1.09
0.78
2.65
-0.42
-0.09
-3.55
-2.02
-2.02
2.18
1.11
2.37
-3.29
-2.98
-2.33
-2.9
-3.34
-3.79
3.36
2.55
0.62
3.75
3.21
-2.16
3.73
-3.19
0.4
-3.21
1.67
3.87
-2.28
0.28
-0.23
-3.96
3.91
-1.37
-0.87
-0.57
1.65
-3.97
-2.44
-3.77
3.34
-0.98
-2.9
-1.79
-1.58
-3.25
2.84
3.07
3.1
-0.7
-1.68
1.09
2.4
3.43
1.89
-1.06
2.93
-1.24
3.52
3.66
0.31
-1.89
0.45
-3.18
-1.4
-3.34
-2.89
3.04
1.97
1.23
-1.44
3.32
0.99
0.39
-3.59
0.18
-3.26
1.52
2.4
-0.36
-2.05
2.61
-3.23
2.42
-2.04
2.68
-2.35
-3.52
0.75
-3.81
0.51
-1.12
