-6
2.67
-2.11
1.92
-2.85
1.97
2.52
-0.91
2.43
2.66
-3.01
0.84
2.46
2.99
3.69
-3.74
3.92
-1.98
2.73
-2.4
-2.38
-2.79
3.03
0.46
0.01
2.26
-2.58
-1.86
0.63
-2.94
1.52
-0.89
-2.17
-0.38
1.8
-1.33
-0.05
-0.7
-2.73
2.51
3.28
0.54
-0.91
-2.39
-1.71
3.36
1.67
-1.2
0.01
-0.35
3.2
-2.28
-1.59
2.55
-3.68
-1.98
3.65
1.43
-2.1
-1.11
0.55
0.38
2.46
1.37
-2.86
1.88
-0.99
-1.17
-2.82
1.01
0.32
0.61
-3.25
-3.79
-1.67
1.08
2.13
1.41
-1.83
0.66
-3.41
2.63
2.14
-3.02
-2.14
-0.2
-3.3
-0.71
-0.71
-0.23
-0.97
2.52
-2.61
2.38
-2.04
-1.11
2.09
1.73
-3.53
0.41
0.35
-1.17
-2.39
3
3.33
-1.41
-3.03
-1.8
0.21
-0.75
-0.1
-1.77
-0.74
1.25
-1.7
1.92
2.25
1.47
-0.5
1.34
1.18
3.73
3.54
1.41
-2.02
1.8
-0.79
-1.63
2.25
3.45
3
-3.61
0.94
1.76
-3.69
1.76
1.01
3.14
-2.34
3.28
-1.18
2.51
3.08
-3.96
3.88
-3.21
-0.74
0.14
0.07
0.05
0.65
-3.39
-1.77
-0.87
3.24
0.62
-0.71
0.21
1.01
-2.48
3.38
2.61
-0.05
0.77
0.25
-0.49
1.3
1.5
0.94
0.55
-3.09
3.11
-0.19
0.22
-1.48
2.68
-3.36
3.5
1.54
-2.82
-1.47
3.07
2.3
-1.8
-1.21
2.38
2.17
-2.2
2.53
-0.31
-1.54
-3.2
-1.88
-3.87
3.91
0.22
-1.45
-1.69
-0.2
0.36
-0.51
1.76
3.21
3.53
-0.87
1.55
0.81
2.01
-3.39
-3.45
-0.03
-0.2
2.67
-0.18
2.99
-3.7
-3.7
-2.26
-2.03
1.87
1.34
-0.5
2.98
-2.75
-1.92
-3.89
0.98
-0.33
0.31
2.3
0.12
2.34
-0.3
-2.82
1.7
0.77
3.87
2.78
3.07
1.25
-2.43
-3.85
-2.81
1.98
3.72
2.67
-1.87
2.31
-2.86
3.6
-0.08
-3.19
-3.67
1.93
3.02
4
2.79
1.95
1.45
-0.98
-3.44
-2.87
-2.31
-1.69
0.43
1.64
-3.9
1.49
2.13
-1.79
-3.56
-2.47
-1.33
0.73
0.3
1.18
-1.69
-3
-2.46
-0.59
1.98
2.68
-1.47
0.72
-1.62
-0.69
2
1.77
-1.84
1.71
1.99
-2.09
-2.68
0.04
0.68
-3.56
2.47
2.88
-2.46
-1.93
2.57
0.65
-3.83
2.93
3.16
-1.62
2.14
-0.39
-2.37
-2.17
1.69
1.79
0.41
-1.97
1.05
-2.11
2.61
0.98
3.93
-2.89
3.65
-1.67
-0.68
-3.58
0.23
2.53
-3.8
2.64
-3.96
-0.15
2.72
-0.57
3.46
3.47
0.85
-2.68
2.5
-0.4
1.56
-4
1.18
-1.62
0.14
-3.68
-3.99
-3.81
1.51
3.3
3
-1.21
-2.16
-2.52
2.96
-3.57
-1.57
0.23
-2.68
3.76
-1.3
-3.38
-1.82
3.51
-0.43
1.78
-0.88
-1.74
2.34
0.95
1.18
-0.27
-0.61
-1
3.42
3.93
-0.07
1.26
2.19
-1
-3.6
0.03
-2.98
-3.09
3.65
1.26
-1.99
1.23
0.47
3.03
1.03
-3.39
4
2.75
-3.1
0.94
1.83
1.68
2.82
2.37
1.21
1.76
-2.14
-3.44
-1.89
-0.74
3.4
2.84
-1.93
3.04
0.5
1.18
2.05
2.33
3.35
2.67
3.61
-2.74
3.86
2.31
-0.24
1.89
1.79
3.31
3.92
0.57
-0.27
0.65
-1.91
-1.52
-1.9
2.26
2.45
3.83
1.79
-1.36
-1.83
-3.54
2.8
0.38
1.87
-0.82
-0.84
1.44
-1.47
3.86
-1.43
-2.33
3.41
-1.76
1.33
0.56
1.82
-3.5
-1.4
3.33
3.98
-1.45
-3.35
1.55
3.54
-1.25
0.74
3.6
0.94
2.24
2.74
2.22
-3.47
0.7
0.49
3.15
-1.53
-0.52
-3.56
-3.42
-1.28
-3.65
0.78
-3.95
-2.01
-1.94
1.24
3.86
1.15
1.55
-3.57
1.94
1.23
2.47
-1.33
3.62
3.81
-2.75
0.84
-0.89
2.44
-0.43
-3.5
0.29
-2.88
0.35
-2.87
-1.3
1.75
2.19
-1.92
-1.67
-3.95
-1.99
0.6
3.62
1.78
-3.41
-0.45
1.48
1.51
0.89
-1.56
3.4
1.81
-3.21
-3.01
-1.94
-1.98
0.88
3.34
-2.78
2.64
1.34
-1.85
3.16
3.86
-3.51
2.93
1.64
-3.08
-1.47
-1.89
2.97
-0.54
2.1
1.88
-0.79
-2.13
-0.95
-2.17
3.21
1.7
3.37
1.61
-2.45
-2.88
-2.89
2.49
-3.67
-0.64
3.08
-3.33
-3.14
2.85
-3.14
-0.3
-1.28
3.87
1.45
3.77
1.29
-2.33
1.91
0.55
-1.03
-1.23
-0.52
-0.06
3.71
-1.09
1.79
-3.81
2.98
-0.96
-3.88
-0.48
3.27
3.73
-3.41
2.03
2.75
-2
2.59
-1.72
-2.15
-2.14
-2.76
-3.89
-1.41
-1.6
-0.84
-0.65
0.42
-0.71
0.55
1.54
3.79
-1.18
-1.37
2.78
1.65
1.18
2.79
1.43
1.57
2.88
-2.3
1.82
2.73
1.34
0.43
-1.01
3.27
3.42
-2.98
-0.72
-0.92
-0.38
-1.3
-2.89
-2.47
-0.64
-2.66
1.3
3.75
-1.57
-0.23
-0.32
2.5
-1.41
-0.26
0.45
1.1
-2.18
-3.62
-2.43
-0.78
-2.84
0.72
-1.03
-3.85
-0.58
-2.61
1.25
1.98
-3.84
0.08
1.01
-1.73
-2.74
-1.55
0.16
-3.88
-2.49
1.24
-1.71
-0.17
-2.52
1.68
-0.86
-0.9
2.03
3.33
0.13
-2.4
3.98
1.9
1.44
3.04
3.46
-3.94
-2.09
2.91
3.73
-3.04
2.12
-2.04
0.1
3.33
3.59
2.35
2.77
-2.59
1.24
-3.87
3.59
0.33
-0.42
0.58
2.1
1.74
-2.27
-0.51
-2.43
3.88
-1.87
0.1
1.26
-0.35
2
-1.73
2.64
1.97
-1.19
-2.8
-3.47
1.25
-3.61
-3.45
3.13
-3.68
3.73
-1.84
2.09
0.79
0.34
0.61
-1.92
0
-1.99
-0.35
-1.69
-3.14
-3.06
-2.29
2.33
2.42
1.34
3.86
2.83
-1.99
0.7
-3.55
-2.68
1.31
3.72
-3.21
2.6
0.04
3.6
-1.67
-0.07
-0.98
1.45
1.77
2.02
3.58
1.41
0.79
-0.47
1.52
-1.99
-2.74
-2.37
-1.65
3.96
1.78
1.03
-2.9
-1.13
-1.89
3.92
-3.46
-2.28
1.12
-0.38
3.28
-3.16
-3.23
1.08
-0.45
2.01
2.05
0.4
3.69
3.72
3.29
-0.59
-0.83
-0.3
2.76
-2.99
-3.46
0.32
-2.7
-4
-0.56
2.83
2.97
1.36
-2.07
-0.24
1.5
-2.84
1.48
-1.58
-0.61
-2.7
-3.67
-1.85
2.74
2.74
0.63
3.72
3.99
3.52
-0.04
0.86
-2.05
-1.36
-3.34
-1.64
-2.15
1.41
0.12
-2.9
3.37
0.22
-3.59
1.11
-3.82
-3.56
-2.13
-0.58
-0.86
3.79
-3.49
0.89
2.92
1.26
0.32
1.99
-0.92
-2.98
0.96
-3.99
0.39
-3.18
0.34
-2.21
0.04
2.58
0.88
0.33
0.69
3.58
-2.1
-3.92
1.05
0.38
-0.95
3.18
-3.12
-0.78
-2.04
2.3
0.86
-2.8
0.58
-3.8
3
3.08
1.95
0.69
2.32
-1.33
3.28
-3.17
-3.55
0.1
0.71
2.55
3.89
2.63
-2.94
-2.39
-0.43
1.54
2.73
-0.43
1.88
-3.57
3.85
-1.47
-1.79
1.15
1.11
3.86
3.06
2.67
-0.84
-0.82
0.25
0.13
-1.2
0.97
-3.37
-3.82
2.02
-1.99
-3.71
-2.93
3.64
-3.06
3.68
0.51
3.29
-1.74
-1.85
-3.65
-1.28
3.33
-1.52
-3
-1.68
2.57
3.24
-0.59
-1.52
-2.83
1.57
3.42
-2.23
-2.22
-3.06
-2.48
-1.71
-0.25
-0.17
0.1
-3.02
-0.62
3.53
0.71
-0.73
0.81
-3.21
2.9
-1.14
1.7
1.86
-1.15
1.71
2.7
-0.06
-0.17
-3.3
-0.75
-2.19
0.23
1.74
1.22
1.71
0.85
0.45
-3.13
3.3
1.85
-4
2.15
-1.78
-0.47
2.43
2.06
3.38
3.35
3.8
1.77
1.74
1.52
1.78
-3.67
-3.46
0.78
-0.69
-1.29
-2.29
-0.93
1.85
1.11
-3.18
3.05
-2.06
3.6
2.37
-0.24
1.67
-1.32
-3.74
-1.6
1.51
-1.06
2.9
0.71
-0.52
-1.67
0.42
3.65
3.33
0.6
0.03
-1.06
1.51
0.29
2.46
1.4
0.68
-3.08
-2.47
-2.27
3.16
0.23
-4
-1.11
1.33
-0.82
-2.41
2.84
3.7
-0.38
-2.33
1.12
1.5
-0.66
-3.99
-1.17
-2.56
-0.17
-2.7
-3.03
2.3
-1.93
-0.25
-2.75
-2.93
1.88
-2.47
1.65
-2.87
-3.04
3.09
0.75
-2.86
2.53
-0.76
-2.72
-1.06
0
3.39
-3.71
-3.27
1.59
3.96
-0.3
-1.07
2.92
1.44
-1.83
0.28
-0.37
-0.05
-3.16
3.62
-3.45
-0.56
1.09
-3.53
2.76
-2.19
3.46
-2.36
-0.06
1.7
2.73
0.54
0.92
-0.02
2.97
-3.91
2.74
3.89
1.44
0.45
-3
-3.77
-3.29
-1.89
-3.96
2.33
-1.84
-3.57
3.36
-2.64
1.51
1.01
2.24
1.13
-3.42
-0.91
2.15
-3.2
0.19
-1.82
3.94
2.66
0.8
3.89
-2.78
3.17
2.01
-1.06
2.48
-1.93
1.55
-0.26
2.51
0.39
2.62
-3.69
-1.28
-1.03
-3.57
-3.58
3.65
3.02
-1.71
-1.42
-3.81
-2.28
2.3
3.8
-0.61
-0.13
-2.06
1.93
-0.3
-0.74
0.52
-1.65
-0.56
-3.17
-3.11
-3.13
-3.69
3.23
-2.04
1.28
-0.19
-2.23
2.5
-2.16
2.52
-3.74
-3.63
-0.82
-3.64
-0.24
-1.47
-3.09
0.36
-1.79
3.7
3.51
-3.13
2.21
3.55
-1.4
-3.87
3.62
-3.97
-0.75
3.88
0.26
0.88
-2.11
-1.93
3.56
-3.89
-3.58
1.05
1.01
2.77
2.43
-0.78
0.45
-2.73
-0.88
-0.5
2.77
1.56
3.95
-3.28
-0.4
2
-2.77
-2.87
-2.61
-4
-1.89
3.68
3.37
1.15
0.2
-2.27
-0.76
-2.03
-1.75
-0.61
2.48
-2.9
-3.19
-0.35
-1.89
-0.13
3.35
-0.55
-2.73
0.28
0.43
0.94
0.42
3.1
-2.64
-1.95
-3.91
-1.47
0.28
2.27
-0.36
-3.25
-3.32
3.56
2.01
-3.26
1.69
3.87
-1.43
0.69
3.98
-1.52
3.03
3.74
1.03
1.66
0.75
0.3
2.61
3.74
2.65
1.78
3.87
1.11
-0.42
1.17
-0.74
-3.74
-0.22
-1.86
-2.37
-3.3
1.69
-0.01
3.75
1.72
-3.58
-2.74
1.65
-2.63
2.18
3.49
-3.12
0.58
0.3
-2.06
1.91
0.69
-1.93
-0.3
1.31
-0.2
-0.07
0.55
3.63
1.87
-3.11
-0.43
-0.03
-3.17
1.49
1.42
0.08
-3.57
-0.95
3.27
0.79
-0.97
3.99
3.32
1.24
-0.51
2.65
1.24
-2.45
3.16
0.9
-0.71
-3.2
-2.37
3.27
2.58
2.2
-3.93
0.83
1.84
0.78
-2.86
0.37
-2.12
0.83
0.85
1.29
0.82
-0.11
-3.24
-0.59
-3.56
-2.48
1.04
1.16
-1.12
0.7
-1.25
2.47
-2.18
1.15
2.7
-1.01
-3.53
-3.03
1.6
-1.24
-1.66
-2.43
2.91
3.22
0
-0.4
1.22
-1.51
-0.36
2.67
2.11
-1.52
-3.61
2.2
-2.17
-2.65
-3.21
-0.26
0.45
-2.23
-0.23
0.48
0.38
-2.13
-0.56
-2.39
-0.99
-3.32
2.09
2.16
-0.1
-3.1
3.23
-1.92
-1.05
-0.75
0.98
-2.46
3.42
0.85
0.3
-1.46
-2.49
0.22
2.59
-3.73
2.07
-0.38
-0.69
1.35
-1.81
0.73
0.52
-0.17
3
1.87
1.19
1.04
-0.23
-1.62
-3.41
0.53
0.4
1.49
-1.23
1.2
-0.74
2.32
-0.75
2.59
0.37
3.26
0.33
3.61
1.47
-2.78
-1.04
-3.84
-0.71
-0.83
-0.45
3.39
1.37
-3.26
-0.04
3.17
0.39
-0.6
-0.91
1.09
2.06
3.94
1.77
1.03
0.25
3.78
2.15
0.02
-2.55
-2.62
1.01
3.76
-3.63
0.73
-3.03
-1.06
-3.6
0.92
2.37
1.77
-1.1
1.03
-2.25
-3.4
2.84
-2.79
3.16
-0.34
-2.47
-0.4
-3.19
3.87
-0.78
2.17
-3.47
0.43
-2.52
3.3
-0.65
1.69
-0.92
2.94
2.72
-2.1
2.16
-0.21
3.02
-3.36
3.77
-2.99
2.77
3.47
1.03
1.33
-1.82
-2.97
2.19
1.17
2.19
-0.96
-3.39
-1.52
-1.51
1.85
-3.44
1.15
0.54
-1.8
0.2
0.54
-2.55
-2.9
-2.43
-3.33
-1.32
-0.03
2.32
3.85
-1.56
-0.95
-1.8
2.52
-0.11
-3.49
0.84
-2.65
-1.17
1.9
-0.01
3.5
2.25
0.32
-2.89
-3.69
1.08
-3.4
0.44
-3.14
-2.67
-3
3.26
0.81
0.45
-0.77
3.56
1.67
1.89
0.36
-1.36
2.22
-1.28
2.35
-1.27
-0.86
-3.16
-1.91
2.59
-2.03
-2.99
3.22
-1.68
2.64
2.22
0.7
2.3
1.14
4
-2.75
-0.41
-1.92
3.53
1.45
2.51
-2.57
-0.2
1.39
-1.94
-3.34
-3.04
3.17
-0.54
2.48
-0.75
1.78
0.78
3.9
-2.42
1.97
3.48
-1.02
-1.99
-1.53
3.86
-1.88
2.69
-3.39
2.59
3.76
0.94
-1.59
1.68
0.63
-3.24
-3.44
2.69
1.27
3.84
-2.7
3.35
-0.55
-3.97
1.93
-2.99
-2.16
-0.25
-0.16
-0.62
-3.56
3.92
2.4
-0.45
-1.98
-2.22
-3.4
-3.94
1.06
1.6
0.39
-1.26
-0.82
2.81
-1.69
-0.27
2.55
-2.51
2.83
1.72
-1.31
3.09
3.51
-3.94
-3.72
2.63
0.02
-1.05
0.09
-2.55
2.01
2.37
-1.16
1.23
2.15
3.84
2.54
2.87
-0.35
-1.15
-3.85
-3.51
-2.37
3.68
-0.56
2.56
0.16
0.65
1.72
-1.81
-1.53
-3.66
0.92
2.13
-3.31
-2.64
-3.6
2.34
-0.74
-0.6
1.77
1.65
-0.02
-0.4
3.59
2.02
3.91
1.95
-3.34
