-3
2.12
-0.43
3.31
-2.92
3.22
-2.72
-0.72
0.66
-1.32
-3.71
-2.1
-0.57
-2.17
-1.73
-3.81
-0.96
0.32
-2.15
-1.55
3.07
-2.99
-3.72
0.59
0.12
-1.6
-3.52
2.42
0.44
-1.52
2.63
-0.12
-2.22
0.98
-2.28
2.01
3
1.77
3.51
-3.28
-1.37
2.87
-0.3
-2.51
1.68
-0.75
1.45
3.65
-3.9
-1.84
2.64
1.28
-2.13
1.65
-1.38
0.65
1.84
2.99
-0.81
2.68
2.73
-1.13
2.84
-1.83
0.06
0.41
-3.88
2.46
-3.9
0.26
-2.8
1.28
0.82
-2.88
3.83
-3.81
1.32
2.79
2.91
-3.14
0.96
-3.16
2.31
-1.72
-0.16
-2.66
-1.99
0.13
-1.65
1.07
-3.83
-4
-1.43
-3.18
-2
3.76
-3.98
-2.48
1.44
-2.74
-0.88
3
3.54
-0.16
-3.04
-2.64
-3.55
-3.25
1.83
-1.58
3.34
3.06
-3.92
-1.67
-2.28
1.89
0.57
0.56
2.34
-1.29
-1.6
-0.01
0.1
-0.96
0.09
-2.81
-1.29
0
3.12
-3.94
-3.84
-0.2
-2.66
1.64
1.74
1.97
-2.7
-1.54
-2.69
-1.52
-3.12
-2.74
2.31
3.94
1.74
-2.89
3.93
-3.76
3.11
0.11
-0.81
-0.54
-0.82
-1.28
2.87
3.14
-1.11
0.5
3.76
3.77
2.65
0.46
-2.37
1.77
-1.75
-0.47
1.71
-1.56
0.59
-0.24
0.59
-1.9
-0.75
-0.15
-2.18
-2.86
1.68
0.17
1.3
-1.03
-2.73
-1.53
0.89
-0.99
0.87
0.7
-3.39
2.62
2.78
2.61
-0.93
0.81
-1.29
-2.46
-0.16
0.43
3.63
-3.46
1.68
-1.8
-0.59
1.48
-0.35
-0.65
3.53
-2.91
-3.79
3.34
-3.1
1.73
-2.55
2.73
3.2
0.78
2.49
0.18
3.57
2.63
-3.11
1.55
-1.08
3.09
-0.33
1.98
-3.32
3.78
3.4
-2.3
-3.99
1.4
-2.49
1.14
2.49
-0.9
3.57
-0.21
2.82
-2.46
-0.52
-0.22
0.49
-2.72
1.72
-2.96
1.16
0.35
1.62
1.93
-0.95
3.66
0.86
-3
3.66
-3.87
3.29
0.32
-2.19
1.67
-1.33
3.75
-2.31
2.51
3.32
-0.5
0.21
0.31
-3.77
0.09
1.22
-1.31
1.36
2.02
-0.86
1.11
-2.94
-2.37
-2.64
-1.38
-3.18
0.33
-1.84
-2.54
2.66
-3.65
-3.47
-3.49
1.49
2.36
-0.18
-0.76
-2.02
-2.86
2.88
-0.27
-1.92
1.98
-2.04
-1.79
0.83
-3.16
0.11
-2.48
-3.29
-3.65
-1.7
2.85
1.86
-1.46
3.08
1.65
-1.04
3.19
0.84
2.34
1.59
-3.77
3.86
2.97
-1.03
-0.3
2.83
-2.12
-3.73
-2.03
-3.29
0.21
3.15
3.41
-0.98
-0.92
3.67
3.15
1.79
3.99
-3.78
-3.37
-3.26
2.3
2.06
-2.31
-1.35
-1.06
3.29
2.17
-3.72
-1.21
0.31
-3.46
2.15
-2.15
2.13
-1
3.25
-2.88
-1.99
-1.78
-2.76
2.75
3.65
2.1
3.7
2.45
3.53
-0.01
1.98
-0.19
-2.6
0.86
2.12
0.95
3.49
-2.44
-3.09
-2.72
-2.95
-0.12
-1.4
-1.89
-2.32
1.93
3.91
2.61
-2.74
-2.83
0.96
0.67
3.91
0.66
1.98
2
3.4
-2
2.66
3.96
-2.01
0.2
-0.58
-0.71
-3.82
0.48
-2.61
3.45
-1.58
-2.81
-1.64
0.56
-1.91
1.96
-3.93
2.13
3.63
3.14
1.06
-2.28
2.19
-2.91
1.19
2.35
3.04
-2.69
-0.1
0.74
2.89
-3.88
1.56
1.49
-1.09
-3.05
3.29
0.85
-3.54
3.32
-2.08
1.21
0.53
-3.55
0.18
-3.94
2.81
-3.61
-1.43
-2.06
0.59
3.85
2.38
-3.75
0.95
0.94
-2.23
-3.11
3.02
1.07
0.26
2.88
-3.43
0.66
-3.44
-1.7
-0.36
0.88
-2.35
-2.86
2.67
-0.77
1.67
-3.7
1.21
3.85
1.19
1.74
0.92
1.12
3.55
2.64
2.74
-2.04
-3.86
3.04
-2.26
1.3
-3.47
1.98
3.18
2.4
1.83
-0.61
-0.95
-0.95
0.64
3.88
3.89
-2.13
0.42
-2.07
2.75
-2.57
-0.73
-2.65
-1.82
2.07
-0.95
1.11
3.75
0.04
-0.02
-2.11
1.53
1.63
-3.87
2.61
0.51
-2.47
-3.45
2.35
0.34
-0.32
-2.04
-3.73
1.4
-1.73
1.26
-1.85
-0.8
1.31
1.85
-0.96
-3.3
1.61
3.89
1.31
2.69
2.8
0.86
-0.32
-1.75
-0.57
2.23
-0.86
-1.59
-0.06
1.87
1.43
-1.08
2.03
-0.63
2.36
-2.69
2.08
1.59
-0.93
3.47
-1.01
-0.05
3.92
-3.2
-3.11
-2.1
-1.56
2.19
-3.06
-2.81
3.92
1.74
-1.17
3.93
1.71
0.67
0.87
0.09
-3.09
1.45
2.82
1.87
-2.54
0.4
3.83
3.24
1.17
-2.06
3.49
-2.28
-1.38
-3.99
0.82
1.84
-0.31
-1.16
0.94
-1.12
-2.64
-2.48
-0.21
0.96
-2.53
-1.25
1.95
3.7
-3.92
2.11
1.66
-2.32
0.45
-2.02
0.68
1.62
-3.35
1.13
-1.51
-0.49
-3.02
-2.35
0.73
-3.51
2.71
3.22
2.57
3.91
-3.08
1
0.23
-1.14
3.74
-2.01
-1.27
3.39
-2.34
-2.14
0.39
2.72
2.46
-3.87
3.16
3.07
0.29
1.8
1.28
-3.37
-0.66
3.2
1.19
2.57
-3.65
-2.57
-2.11
3.71
0.79
-0.71
2.25
-1.75
0.18
2.05
2.77
-0.91
-2.12
-1.21
-2.05
-1.55
3.25
1.29
-0.04
2.79
-3.27
-0.22
1.06
-3.16
-1.5
1.67
0.21
-3.09
-2.06
1.94
0.56
-2.27
3.82
1.66
-1.49
2.3
-3.9
-0.97
-1.4
2.37
-0.38
-1.86
-1.47
-3.6
-2.64
0.06
1.18
-2.51
-0.16
-1.17
-2.62
2.06
-0.77
2.4
1.83
0.58
0.37
-2.96
1.21
3.12
3.09
1.34
-3.69
2.25
-2.51
1.04
-0.72
0.22
-3.72
-0.35
-1.65
0.22
-1.31
1.6
-0.83
2.6
-2.76
0.66
3.49
2.44
-3.51
-1.29
1.07
3.11
0.55
2.51
2.5
-2.59
3.84
1.94
-2.08
3.06
1.82
-0.52
3.28
2.29
-2.18
0.29
2.92
0.32
-3.23
-3.05
-2.79
-3.82
-3.52
1.17
-0.64
1.64
-0.78
3.24
-0.67
3.72
-2.44
2.77
2.63
0.37
-3.74
-2.8
-2.3
-1.02
2.55
-2.14
0.39
-1.65
-2.27
-0.7
2.41
3.22
2.32
0.89
0.77
0.96
1.74
-0.83
1.67
3.54
-2.5
0.89
2.63
3.39
-0.86
-3.14
2.19
-3.41
-1.4
-1.79
1.49
3.06
0.85
-1.1
2.02
-3.39
-1.41
-0.07
1.77
2.91
0.57
2.86
2.46
1.18
2.77
0.15
3.32
2.34
-1.54
2.38
-2.02
2.4
-2.9
3.1
-1.13
-0.62
-1.43
-1.68
3.85
1.69
-0.32
-0.21
3.75
3.52
1.81
3.35
-1.64
-0.59
2.87
0.16
-1.64
-2.19
1.4
2.76
-1.03
-1.36
2.43
-2.56
-3.39
2.99
-2.46
3.86
2.14
0.23
-3.77
3.1
1.95
1.75
-3.97
-1.36
2.04
-3.73
0.09
-3.92
-0.77
-3.23
3.11
2.94
3.38
3.42
-2.22
-0.1
3.47
2.3
0.01
-3.84
-3
-1.65
0.13
-3.78
0.95
-2.88
-2.3
-3.15
0.14
-0.18
1.65
-0.48
3.29
2.71
-2.6
0.61
-0.62
0.23
2.12
-1.91
1.73
1.31
-0.48
-1.81
-0.46
3.49
-1.93
-2.8
1.2
1.65
-3.61
3.84
-3.79
-3.94
2.1
-0.4
-2.38
3.81
1.69
0.91
2.58
-0.77
-0.05
3.42
-0.88
-0.42
3.65
-3.34
2.02
1.18
-3.48
-0.77
-3.82
-2.09
-1.56
-0.3
2.83
-2.06
0.69
1.46
3.06
-3.51
-0.35
2.5
-0.57
1.82
-0.69
3.23
-3.39
1.8
-1.01
-0.43
2.54
-2.8
-0.48
-1.51
-2.65
0.11
3.07
3.96
3.85
-2.6
-0.81
-3.98
1.13
1.16
3.66
2.3
1.62
-1.61
0.78
3.69
-0.88
-3.77
1.86
2.08
3.58
1.46
-0.02
1.31
-3.73
-3.58
-3.96
-3.79
-1.82
0.95
0.7
2.98
2.4
3.95
-1.66
-1.28
-1.13
0.74
1.62
1.66
1.31
-0.38
-2.63
2.28
2.16
1.01
-2.4
2.22
-2.98
-0.69
-3.55
2.31
-0.65
1.44
-1.08
-0.11
-3.88
-2.25
3.68
3.42
-2.65
-1.03
1.85
-3.83
-3.54
-3.33
3.91
1.68
-3.95
-1.95
0.81
2.39
-1.39
-3.81
-3.23
-0.05
0.09
1.71
3.15
-0.73
2.82
-2.18
3.2
2.88
0.5
2.39
-0.37
-3.04
1.03
2.45
-1.41
-2.89
1.06
2.2
0.3
-1.66
1.78
-2.81
1.82
1.49
1.11
-0.07
2.17
2.97
2.5
-1.93
-0.3
-0.85
0.67
2.97
3.81
-1.59
-1.39
0.4
-3.4
3.53
-0.23
2.97
-0.32
-1.93
1.04
2.94
-3.36
-2.4
3.47
-0.3
-2.68
0.42
-0.1
2.44
2.17
-1.1
3.9
-2.35
2.17
-1.12
-0.34
-3.77
-3.63
-1.57
-1.31
-3.53
0.29
2.07
2.65
-3.83
2.51
-3.34
1.6
0.77
2.57
2.81
1.52
-0.26
-3.56
2.17
-0.71
0.57
3.5
-1.2
-3.25
3.29
3.26
2.24
-3.21
0.91
-1.48
-3.05
2.24
1.72
-0.13
-0.47
2.59
-2.75
3.39
0.56
-1.35
-1.43
-1.04
3.29
1.19
-3.35
2.82
3.13
3.87
3.37
1.38
0.15
-2.8
-4
3.6
3.1
-3.27
1.58
-2.33
-0.59
-2.78
2.06
1.28
-2.26
1.66
1.55
-1.57
3.88
-3.1
-0.97
-3.78
0.26
0.36
-0.11
-0.48
-3.29
-2.4
-3.8
1.61
-3.91
-3.54
-3.87
2.37
-2.57
3.53
2.37
3.75
2.24
2.12
0.78
-1.2
-2.99
3.58
-0.02
-0.66
0.59
1.3
-2.79
-2.37
3.65
2.23
2.95
2.22
0.83
3.14
-2.88
3.8
1.32
0.48
2.89
1.49
-3.48
3.98
-2.42
-1.06
-2.91
3.7
-0.16
-1.78
3.29
1.8
0.19
-2.25
0.13
-3.77
3.21
0.69
-3.63
-3.46
2.93
-0.59
-3.61
2.58
1.97
-2.14
-2.49
-2.09
-2.47
-1.71
2.41
2.57
-1.57
-2.25
3.24
3.29
-1.73
-2.97
1.99
-2.97
-1.75
0.9
-2.55
3
-1.65
-2.16
-1.97
1.19
-1.91
0.6
3.94
0.43
3.43
0.77
1.56
-0.53
1.1
-2.05
-1.99
3.73
-2.58
3.18
2.16
-2.45
-0.18
-3.29
-0.63
-1.56
-1.48
0.84
1.97
2.17
2.71
3.34
2.3
-1.97
-2.05
-2.61
0.22
0.12
3.83
0.33
3.82
0.94
-1.64
-2.03
3.15
1.66
0.19
-0.24
-1.81
-3.69
3.03
2.27
3.61
-0.93
2.74
3.91
-0.82
-2.36
2.47
3.6
-1.34
1.26
2.63
-2.24
1.73
-3.92
2.47
-0.48
-2.48
-0.29
1.74
1.89
3.9
1.1
3.36
-2.78
3.2
-2.16
-2.44
1.72
2.25
2.77
-1.36
1.66
3.15
-3.57
3.74
-0.77
-0.7
-1.95
2.21
-1.42
1.65
-3.77
-2.34
-1.44
2.31
-3.41
0.25
3.07
3.19
-3.34
-1.76
2.49
-1.42
-2.86
2.37
-1.49
-0.29
1.51
-3.3
-2.66
-3.93
-3.25
-2.66
-0.1
-1.39
-3.03
-1.38
1.29
-3.65
-0.76
-3.78
3.47
1.5
-0.85
-3.76
3.67
-0.56
0.8
-1.09
2.6
1.6
-1.5
2.54
1.58
0.53
0.16
-0.93
2.01
-1.93
1.23
3.53
1.79
-2.65
0.87
-1.49
0.9
2.89
1.76
3.96
1.33
1.98
2.96
2.72
-0.06
-3.57
-1.23
-3.01
3.43
-3.1
2.7
3.07
2.92
-1.41
-1.9
-0.25
1.57
-1.78
-0.24
3.38
2.46
1.91
0.62
-0.78
-0.88
-0.28
-1.56
2.12
-3.38
-3.36
-0.66
-3.23
1.68
0.84
1.59
-3.38
2.64
-0.22
-1.41
1.15
-2.25
-0.83
-0.36
1.1
-0.63
2.16
-3.4
-0.81
3.25
-2.88
0.94
-1.32
-0.87
2.39
-2.5
3.43
-2.64
-0.26
-0.41
-3.78
2
0.65
-3.64
2.79
1.56
1.93
-2.61
-1.93
1.01
-2.52
1.11
-2.22
3.63
2.62
1.62
-0.71
-1.74
3.52
3.85
0.97
-0.89
3.26
2.88
3.51
-0.3
-3.34
1.65
3.3
-0.66
2.16
3.26
-1.1
-3.81
-1.64
3.15
1.11
-1.2
0.85
3.55
1.45
0.77
2.53
2.18
1.76
0.01
-0.85
-0.95
0.51
-3.24
2.21
1.17
-2.15
-0.11
2.63
1.11
2.74
1.78
-3.15
-0.92
0.9
-3.73
-1.91
2.74
2.86
-1.78
-1.79
-2.41
1.27
3.47
-3.49
-3.52
1.41
3.97
-1.6
-3.81
0.59
-2.93
-2.89
-0.51
-3.45
1.61
-2.87
2.54
1.13
-3.02
1.41
3.01
-2.44
1.25
-3.6
3.33
-2.06
-2.24
-1.35
1.17
-1.33
3.8
3.33
-0.46
-2.2
-2.45
1.79
1.05
-3.76
1.73
3.76
-2.12
-2.51
2.43
-3.48
1.67
0.67
1.37
-1.47
3.29
3.15
-0.44
-2.4
1.87
0.81
-0.8
-3.98
-3.99
3.06
-2.81
2.54
-0.36
1.32
1.23
1.53
0.79
-2.25
1.57
-2.31
3
3.82
0.09
2.3
3.41
-2.77
-0.47
1.52
-0.86
0.73
-1.26
-1.34
0.58
3.24
-0.64
2.03
3.12
2.2
-2.55
2.73
2.61
-2.47
1.78
1.99
3.05
3.2
0.12
0.56
0.27
-3.11
-0.26
-0.09
3.1
-0.32
-0.47
3.47
-0.94
1.26
-1.8
0.64
-2.72
1.69
0.88
-0.72
0.32
2.53
-2.05
0.41
-2.04
3.2
2.41
2.59
-3.7
2.84
-0.92
1.47
-1.96
2.1
3.25
-3.8
1.11
2.97
-2.76
-1.76
-3.02
2.84
-0.43
-3.1
-0.3
-0.11
-1.03
-2.15
0
0.82
1.45
-3.09
0.65
-1.51
-2.33
-3.48
1.24
3.72
-1.4
1.08
-1.51
1.15
-0.39
-3.75
-3.41
2.07
1.43
0.96
2.02
-2.01
3.53
-1.69
0.44
-1.36
-1.7
1.49
-1.04
-2.96
-3.3
2.07
0.22
0.56
-1.41
-0.52
-2.61
-1.84
-3.18
