-4
-1.05
1.06
3.3
0.2
-1.94
2.98
-3.1
3.79
-1.6
-2.58
2.71
-3.15
-2.32
-3.6
-0.45
-3.31
1.02
-3.45
-1.54
0.47
1.1
-2.35
2.17
-3.3
0.16
1.33
1.37
-0.42
-1.69
2.03
-2.38
-3.54
0.19
0.16
-1.09
3.83
3.65
3.23
2.7
-3.86
-2.97
-3.87
1.86
-0.47
-1.43
2.94
2.82
-3.75
-3.43
0.92
-3.95
-3.06
3.72
1.28
-1.25
2.18
-2.86
3.06
-0.96
-4
3.22
-0.55
1.47
0.73
2.28
-3.42
-2.75
-3.7
1.87
-3.57
0.08
-1.09
0.56
-2.88
-3.42
-0.51
-3.21
-0.2
1.95
2.68
0.36
-2.68
0.88
-3.22
-1.36
-2.04
2.57
0.07
-0.84
-2.83
-2.53
3.14
-3.08
0.97
1.62
1.19
2.14
3.84
-2.72
3.84
1.81
3.96
-0.84
3.32
-3.63
1.1
-0.4
0.25
3.37
-3.2
-2.34
-2.65
2.09
1.87
-0.43
3.98
3.21
-3.78
0.3
-2.54
0.18
