-3
-1.28
-1.16
-2.79
-2.37
-1.65
-0.42
-3.04
-1.36
-2.2
3.34
0.31
-0.16
2.83
-2.82
-1.75
3.2
-3.59
0.77
1.69
2.52
-2.53
0.36
-2.6
-2.55
0.24
2.36
-1.28
3.62
-2.19
-1
-0.85
-3.54
-0.93
-0.95
-0.2
0.37
-0.87
-3.03
-3.58
-1.59
-1.68
-1.31
3.79
-0.38
1.16
-3.97
-3.41
-1.99
-0.66
1.15
-0.21
3.07
1.96
-1.94
3.17
-1.44
2.69
3.87
1.72
0.27
-1.47
1.05
0.84
-0.75
-2.08
1.54
3.31
2.21
1.3
-1.14
2.65
1.89
0.02
1.07
-0.37
0.14
2.44
-2.91
1.68
-0.73
-0.17
-3.04
2.8
2.04
0.26
0.47
0.63
1.38
0.87
1.24
-3.83
1.52
3.02
-2.69
-1.97
-0.87
3.26
3.49
1.35
-3.84
-2.01
0.16
-1.13
1.15
0.01
-2.25
-1.73
-0.35
1.04
2.52
2.44
1.78
-3
0.93
-3.32
0.49
1.61
0.74
2.05
3.62
-0.25
