0
-0.22
-3.4
1.15
2.31
-2.6
3.7
0.09
1.19
0.02
-0.37
0.38
2.92
-3.84
0.97
0
-0.12
-0.82
-4
-3.63
3.25
-1.02
3.97
-0.37
-3.44
-1.31
-1.67
2.58
-2.82
-3.38
-2.98
-3.71
1.7
-0.68
-2.62
1.51
-1.75
1.66
0.87
1.94
2.97
-1.82
-2.48
-3.38
0.7
-3.81
1.95
3.43
2.88
-2.95
3.43
-2.03
-2.68
-3.28
-2.53
3.64
-0.18
-1.6
-3.91
-3.98
-1.61
3.11
-1.84
-3.6
-0.9
1.39
-1.06
0.96
3.74
-3.79
0.26
3.76
-0.45
-3.2
1.41
3.61
-3.56
3.13
-1.67
-2.99
-3
3.33
-1.22
-3.88
-1.28
0.91
-0.35
0.98
3.23
1.55
3.39
1.7
3.84
-1.91
3.04
-0.82
-3.86
-1.99
1.3
-2.11
-0.74
2.04
2.92
-3.9
-1.58
-3.48
2.51
-2.51
-1.43
0.25
-3.57
1.79
-1.6
-2.09
0.68
-1.76
-2.93
2.55
0.28
2.33
3.76
-0.36
