-6
-0.62
-0.07
-0.25
-3.47
2.52
-1.98
2.48
0.59
-2.61
1.65
1.81
2.08
-3.76
-0.54
2.14
-1.88
-1.26
2.07
-3.1
1.2
-2.77
3.64
-1.44
0.59
-3.47
3.82
2.92
-0.35
-3.33
-0.86
-2.48
0.99
2.54
1.3
1.03
-0.82
-0.38
-3.98
-2.43
2.36
0.64
-0.6
1.34
-3.78
-0.3
-0.95
0.98
-0.97
-2.9
2.2
3.91
-0.16
-1.9
-2.25
-2.13
-0.26
-2.64
3.17
4
2.71
-0.9
-1.18
-0.08
2.26
0.12
-3.19
3.54
-1.05
2.43
-1.05
2.51
-1.28
0.49
-1.45
-3.45
1.83
-1.7
-1.66
-3.12
1.49
-1.16
-0.12
-1.45
-1.52
-0.77
1.69
-1.11
0.78
-0.58
-2.71
-2.18
0.45
-3.98
-1.13
-0.75
-2.18
3.49
3.09
0.1
-1.11
-0.48
-1.98
0.6
2.15
3.69
1.19
3.35
3.56
-2.8
0.05
-2.56
3.03
2.29
-1.49
-0.13
3.22
-3.74
-2.56
-0.98
2.44
1.93
-1.24
3.53
1.14
-2.87
-1.95
-1.31
-2.38
3.3
2.74
2.34
-0.79
2.24
1.99
-2.03
-3.19
3.28
0.41
-1.21
2.05
2.34
-0.66
-0.42
3.37
3.86
-1.21
2.17
1.51
3
0.04
-2.45
2.05
0.07
1.66
0.97
-3.24
-1.51
3.47
1.02
1.64
-1.51
1.73
-3.74
-1.54
1.71
2.23
-3.22
-3.71
-3.46
-0.94
3.94
-0.14
2.66
0.97
-3.9
-1.41
3.18
-3.85
1.29
2.34
-0.11
1.18
-1.37
-0.75
1.18
-3.71
3.15
-3.42
-2.98
-2.79
2.32
3.82
3.39
1.15
-0.45
-3.39
-0.93
-2.89
-2.34
-2.38
-2
1.87
0.97
-0.07
0.1
1.69
3.39
3.1
1.55
-1.62
-2.42
-1.66
-1.82
2.68
-2.26
1.32
-0.91
1.01
1.29
1.42
3.09
-3.8
3.27
3.34
0.75
-3.88
0.47
-2.5
-2.58
3.5
3.52
2.06
2.5
-0.34
0.33
2.02
-3.79
2.7
3.16
3.49
-3.1
-3.95
-0.97
2.65
3.63
-0.02
1.63
-3.29
-0.59
2.24
1.52
2.07
-0.17
0.25
-1.46
-2.2
2.61
1.63
3.19
-0.03
-2.79
1.89
1.67
2.06
-1.14
-0.48
-0.16
2.53
-1.66
-0.28
1.1
0.4
1.85
1.8
0.51
3.04
1.18
-3.39
3.72
-3.24
-1.51
-0.24
2.1
-0.82
-2.03
-2.56
-1.77
-1.75
-2.89
-1.47
3.42
-1.41
3.51
-0.82
2.28
-0.99
-1.62
0.97
-0.22
0.1
-3.87
3.11
2.37
3.69
-2.86
-2.88
-3.79
2.04
3.74
-0.49
0.63
1.99
1.92
2.42
-2.52
1.46
3.8
-1.52
0.08
-2.58
-2.71
-2.41
1.41
3.82
0.31
-1.49
0.89
-1.33
3.53
-2.51
0.65
-3.8
0.84
-0.39
-3.37
-0.61
1.39
2.41
-1.96
-3.15
-2.78
0.2
-1.49
1.6
1.91
-2.57
0.67
-2.92
-2.3
-3.19
-0.78
3.9
-3.12
-1.64
-1.19
2.55
-2.31
2.56
-0.62
2.64
0.23
1.55
2.51
2.25
2.86
0.43
-2.85
-1.69
1.79
2.1
-3.94
-2.61
-3.56
-0.77
-3.81
1.09
3.08
3.81
-2.1
-1.13
1.84
-0.2
-3.04
2.71
2.28
0.76
3.32
-1.53
-3.21
-1.92
-2.31
2.84
-0.97
-0.59
0.62
-0.32
1.69
0.26
2.75
-2.52
-3.72
-1.64
-0.7
-0.39
-3.25
-2.17
3.46
1.66
-1.83
1.72
3.47
-2.12
0.65
-3.5
-3.21
-3.58
0.58
3.81
3.98
-1.9
1.11
2.69
-2.48
-0.3
0.4
-2.77
2.36
1.03
2.62
0.51
3.41
-1.19
-2.94
-3.58
-1.41
-0.52
-3.5
1.36
1.96
0.44
1.3
-2.34
-3.71
-0.93
-1.38
3.81
-1.82
-1.47
-1.39
0.19
3.1
1.89
0.29
0.64
0.37
-2.4
-3.16
3.6
3.21
3.53
-0.53
-1.57
3.04
1.67
2.32
0.65
-3.18
0.22
1.91
1.32
3.93
3.23
-2.15
-0.47
0.8
-0.55
2.39
2.45
-2.92
0.59
3.05
-0.18
-1.59
-1.57
1.42
-2.48
2.53
0.43
0.06
-3.01
-1.36
-3.09
2.15
2.43
-3.03
-1.13
-1.38
-1.37
0.76
1.98
2.99
1.96
0.62
1.29
0.27
3.88
0.03
-3.24
3.84
-3.09
-0.79
-1.61
2.52
-1.39
-3.53
3.65
-3.99
0.61
-3.76
0.79
2.13
0.4
-3.84
0.92
-1.32
3.01
-2.93
-0.58
-1.44
-2.07
-3.18
-0.24
-2.31
-0.89
1.6
-2.91
3.21
1.12
2.17
1.55
1.49
1.77
0.59
-0.86
1.79
-3.76
-1.6
-0.46
1.96
-2.68
-1.14
2.02
-1.62
3.97
3.85
-1.41
1.8
3.71
-1.39
1.26
2.8
-3.39
2.21
1.91
-3.91
3.45
-3.31
-0.59
1.01
3.39
-3.56
-1.11
2.45
-1.3
3.31
-3.65
3.81
1.02
3.13
-1.56
0.61
1.54
1.47
-2.77
3.07
-1.2
-2.62
-2.27
-0.74
-0.99
-0.71
3.5
-1.49
-3.1
2.75
0.88
3.57
2.68
-0.95
2.34
3.56
2.99
2.53
2.57
-3.13
3.97
3.58
3.68
-3.34
3.5
-1.22
-3.23
-3.43
-3.83
-3.35
-2.74
-0.86
0.97
2.85
1.29
2.07
2.96
-3.85
-2
0.09
-3.05
-3.63
1.54
-0.04
-1.58
-3.21
-2.87
-2.03
-3.21
-1.12
1.62
3.01
2.9
-3.64
3.1
-0.78
-2.3
-2.93
-0.23
-3.78
-1.48
2.92
-1.66
-3.76
1.48
-2.26
-1.41
3.84
1.76
-3.74
-3.41
2.84
0.52
-1.52
3.93
3.59
-1.97
-0.28
2.24
2.7
-2.35
2.81
3.78
1.29
-0.96
-1.75
0.25
0.61
3.75
-1.94
0.37
1.89
0.38
-2.22
-2.43
-1.96
2.04
1.29
2.49
-3.33
2.2
-2.71
0.21
-3.47
-1.71
2.78
-1.51
0.42
-3.57
3.51
-2.82
1.99
-1.17
1.07
2.57
-0.29
3.14
1.06
1.21
-0.78
1.5
1.99
-3.91
-0.31
-0.11
-1.29
-1.55
-1.26
-3.1
1.89
-2.45
0.75
1.24
1.56
-3.51
-3.65
-1.4
3.25
-1.01
0.26
3.77
3.83
0.17
-3.77
-3.13
2.39
-0.95
3.32
-0.79
1.86
-1.1
-3.02
-3.93
-0.74
-0.82
-3.79
-2.8
-3.49
0.65
3.59
0.32
3.76
-0.49
-1.45
1.96
0.44
-3.25
1.27
0.58
2.22
-2.89
3.9
-1.94
-3.05
-0.55
1.67
-2.18
3.87
-1.18
1.5
3.66
-0.86
3.53
-0.95
-1.02
-3.43
0.67
-2.03
-1.62
-3.72
3.15
-1.92
-1.41
-0.59
3.94
-3.99
0.32
-2.38
-1.72
0.43
1.64
1.78
-1.26
1
0.75
-0.99
2.92
3.13
3.81
1.52
2.39
-2.66
1.7
3.15
3.93
-2.83
-3.78
-3.54
3.57
1.38
3.78
2.78
-1.11
0.29
3.07
3.03
1.3
2.66
-2.99
-0.56
-2.65
-3.81
1.59
2.39
3.87
-2.13
-3.6
-1.48
2.3
3.98
-2.34
1.54
-1.84
0.86
-2.11
1.81
0.39
-0.56
-0.52
2.77
3.79
-0.14
-1.95
0.9
0.66
2.87
-1.12
2.45
1.94
1.72
1.71
-3.74
2.12
0.37
0.17
2.19
-0.24
3.31
3.29
2.05
-3.23
1.7
-1.84
3.59
-0.28
-1.76
0.61
2.03
-1.6
-2.75
-1.36
-2.14
-0.82
-1.75
-0.35
1.49
2.15
-3.32
-2.27
-3
3
-2.04
0.59
-3.42
-1.73
-2.6
3.43
1.8
-3.31
-0.3
-1.96
1.08
0.16
1.43
2
-1.92
-2.3
-1.54
-2.83
-1.59
-1.75
0.85
0.05
0.68
-0.93
-0.16
1.08
-0.14
-3.29
2.68
-3.96
-0.93
1.58
2.29
3.06
2.81
-2.89
-2.43
1.31
-1.68
-1.19
2.82
1.34
2.7
3.22
1.57
1.71
1.75
0.26
-2.44
-0.21
-0.32
3.51
3.32
2.75
-1.86
1.92
3.91
1.51
2.43
0.32
-0.44
1.09
-1.98
-0.34
2.97
3.5
1.87
2.37
3.19
-3.03
-3.88
1.15
2.86
3.6
-0.56
3.52
1.35
1.47
1.51
2.14
3.34
3.61
3.16
-1.12
0.36
-0.43
2.27
3.54
0.92
-3.11
-2.79
0.07
2.88
2.01
3.26
-2.27
-0.68
-0.96
-3.76
2.07
3.84
3.39
1.07
-3.41
-0.33
2.53
-3.35
3.72
-0.69
-1.38
-3.44
-1.56
-4
-3.71
0.99
-0.05
1.93
3.14
3.3
-0.6
-2.77
2.34
-2.56
2.3
3.77
0.06
2.27
-3.16
-3.66
-2.29
0.2
-1.69
1.22
3.44
2.31
3.95
-1.47
2.56
3.22
1.84
-1.09
2.56
0.23
-1.71
-3.68
2.77
0.06
2.59
-2.98
-0.7
-0.2
0.18
-0.25
0.85
0.84
-2.5
1.94
2.78
-3.17
3.62
-3.75
3.81
3.37
-2.4
2.43
2.26
1.22
-3.44
-2.02
1.04
-2.58
3.38
3.93
-2.55
-3.51
-1.33
-1.89
3.15
1.97
-3.01
4
3.69
3.83
1.04
1.92
-3.99
2.56
-3.63
-1.41
0.81
-1.99
-0.25
1.73
3.6
1.58
-0.9
3.19
-1.38
-0.13
-1.93
-2.46
-0.5
0.6
-0.02
-2.12
0.42
0.26
-1.71
0.36
-1.84
3.39
2.79
-3.19
3.84
3.62
-3.43
3.99
-1.67
-0.31
2.41
3.7
0.85
1.97
1.18
-0.97
1.67
-2.36
-3.68
-0.12
1.39
-0.51
3.49
-0.72
-0.11
3.45
0.5
-0.92
-0.16
-0.84
-2.51
-0.24
0.27
0.02
-3.57
1.42
-0.78
-1.06
1.9
3.99
1.01
-0.88
0.85
2.94
1.46
-1.63
0.69
1.53
3.43
-3.05
0.22
-1.22
-0.07
2.42
2.97
2.67
3.91
-0.49
0.92
-3.62
-0.88
1.5
0.14
3.18
-1.81
-1.35
-0.57
-3.17
1.54
3.76
3.82
-1.28
-0.25
-3.66
2.87
-1.73
2.64
-3.46
1.83
-2.48
-1.24
2.97
-0.35
-1.12
2.94
2.72
3.83
1.85
1.05
-2.24
1.51
3.72
2.02
1.51
0.86
3.52
2.98
1.68
0.75
-1.19
2.95
-0.14
4
3.67
-2.86
-2.51
3.03
-0.41
3.55
0.7
-3.97
3.37
1.69
-0.6
1.63
0.15
-2.16
-2.75
-3.77
-0.52
-1.18
1.58
-0.21
-0.22
-1.75
-3.9
0.71
2.25
-0.52
3.36
-0.71
-3.04
-0.2
-0.99
-1.42
2.9
2.98
-0.02
-2.26
1.45
3.69
0.24
2.31
-3.65
-2.27
2.15
-1.98
-1.38
3.89
-3.3
1.67
1.72
1.45
-2.74
3.99
-2.64
-3.93
0.21
1.42
-2.96
0.79
-3.22
-3.9
-3.82
-2.6
3.07
-0.44
-1.33
-3.19
2.73
1.18
1.86
3.52
-1.21
-0.21
2.59
3.28
-0.57
-1.95
0.1
2.08
-1.92
2.36
-1.23
-2.31
1.57
-0.48
-1.47
-0.97
-2.78
2.83
-1.24
2.57
-3.31
-3.34
2.91
0.13
2.12
2.96
-1.34
-1.42
3.36
-2.2
-2.85
-0.47
3.81
2.21
-1.35
1.48
-2.6
-1.92
0.64
-1.84
-2.68
-1.03
-1.3
-1.58
1.34
2.5
-0.17
-0.45
-2.97
3.65
3.6
3.9
-1.59
3.3
2.82
-1.87
0.88
-1.55
-2.84
0.48
3.39
-2.49
2.72
-3.72
1.21
3.25
-2.12
3.37
-3.14
1.06
-2.38
3.15
-1.81
-3.41
1.25
1.73
1.96
0.49
2.8
3.63
-0.88
3.11
-2.45
3.72
-1.79
-2.74
-2.88
-3.49
3.4
-3.48
-3.41
2.96
-3.09
-3.85
-1.22
3.81
0.25
-1.58
1.22
2.09
0.61
0.47
-1.31
-0.02
2.02
-3.55
1.71
-2.19
-1.95
-2.92
0.17
-3.61
-0.35
-2.46
-2.65
-3.72
3.97
3
2.07
-0.06
2.13
-2.63
3.98
-3.67
0.46
-1.34
2.23
-1.97
1.82
1.44
-2.53
-0.46
3.27
-3.3
-0.99
2.66
0.41
1.58
-2.31
-2.25
-0.44
3.31
2.46
2.31
0.36
-3.8
-0.7
3.38
2.8
-1.51
3.85
1.26
0.35
-2.73
3.97
-0.77
0.49
-1.64
3.52
-0.65
-1.78
-0.33
-0.01
0.61
3.62
-3.38
-2.87
-1.06
2.53
-1.3
-0.13
-1.62
1.31
0.32
-3.62
2.82
-1.08
-2.33
-0.02
0.25
3.37
2.86
-0.77
-0.68
1.6
0.22
3.2
2
-3.26
3.79
-1.84
-1.95
2.06
2.35
3.54
3.89
-0.69
-2.15
2.7
-0.27
3.08
-3.65
-3.16
0.1
2.63
1.46
3.96
-3.97
-3.12
-2.86
-3.69
-1.18
2.39
-0.73
-0.01
-0.63
-3.57
-3.33
3.01
-0.61
-2.58
-0.87
-1.8
2.75
-3.47
-2.19
0.32
2.96
0.78
-3.5
-0.49
-2.94
-1.03
-3.76
1.18
3.01
2.01
3.14
0.7
-3.87
0.27
3.17
1.11
3.6
3.48
3.35
-0.33
-1.21
-1.65
0.16
3.45
-1.36
-1.16
-0.7
-1.7
-0.06
2.15
-1.9
-0.43
0.81
-2.86
-3.01
-0.75
-3.62
1.64
3.25
3.85
2.14
2.09
0.98
1.36
-2.7
-0.03
2.87
3.12
-1.74
2.03
-1.39
3.28
-2.81
2.14
-2.47
0.61
-3.38
-2.95
-3.13
2.23
3.68
1.94
-2.76
-3.15
-0.09
-0.43
3.89
3
-0.72
-0.08
0.73
-2.05
-3.78
3.5
1.53
0.71
1.37
2.8
2.14
2.67
-0.03
0.18
-3.96
1.92
-0.46
-1.17
-1.63
2.67
3.61
0.38
-1.38
3.33
0.76
-2.99
-3.83
-3.8
0.85
0.13
-2.55
1.74
0.09
3.87
-0.16
2.34
-2.71
-3.35
3.05
-2.31
-3.39
0.83
3.24
-2.18
-1.08
-1.8
-1.75
-0.51
1.9
-0.67
1.32
-2.93
-2.81
-2.79
3.4
2.9
-2.71
1.41
1.2
3.21
3.32
1.33
3.87
-2.76
1.35
-3.61
-1.42
0.1
-3.66
-2.3
0.62
-1.12
-0.22
-3.32
2.06
-1.22
1.15
-3.2
0.4
-1.44
2.76
0.69
-1.69
-2.49
2.81
-3.63
0.55
-1.13
-3.53
0.94
1.05
-0.11
-0.54
3.84
-1.63
-0.72
0.96
2
0.48
-1.48
3.63
2.16
-0.86
0.19
2.71
-1.56
1.3
-3.5
-0.85
0.61
-2.25
-3.51
-3
-1.37
-3.56
-1.37
-0.98
2.35
-1.56
0.97
-0.15
3.71
-0.38
-0.6
0.66
-3.27
3.42
-0.06
