-6
1.39
0.05
0.22
-2.38
2.81
-2.89
-2.09
3.91
-3.59
-0.55
2.3
-1.35
-2.72
3.68
1.36
4
-0.12
-0.67
2.2
3.31
-1.98
-1.86
-3.33
1.06
-3.74
-1.64
-2.47
-3.93
-3.22
-3.17
3.89
-2.8
-2.68
-2.9
-1.17
-3.35
-0.92
-1.23
1.72
-2.6
1.87
0.6
0.47
-0.92
2.6
-1.72
3.51
3.18
-0.84
-2.4
3.41
0.92
2.99
-2.5
4
-1.57
-2.63
0.88
1.23
-2.86
2.76
-3.79
-1.56
-0.7
-3.97
0.01
1.34
2.67
-0.94
-0.49
-2.53
3.75
-1.88
2.53
2.32
-1.85
-3.2
1.81
-3.76
2.33
-2.42
2.83
3.02
1.49
-0.78
-1.68
0.33
1.31
-0.21
3.9
-2.9
-2.05
0.61
-2.39
-1.28
2.25
1.24
-1.59
2.71
2.52
-2.39
-2.81
1.57
-0.73
3.44
-0.42
-0.17
-0.11
0.59
3.44
-0.6
2.08
0.67
1.09
3.12
-3.18
-1.48
0.98
0.67
-0.22
-0.36
