-5
-3.44
-3.69
-2.81
-0.84
0.18
-3.53
0.76
-1.95
-0.21
3.22
0.88
2.22
-0.29
1.68
2.14
-2.68
3.61
0.48
-0.48
-3.13
-3.34
-2.05
1.33
0.73
-2.98
0.47
3.7
-3.3
0.25
3.46
-2.67
0.6
-1.17
2.6
2.44
0.87
-1.21
1.27
-1.2
-0.07
-3.34
2.25
1.96
-3.05
-1.03
-2.74
0.53
-3.3
-1.58
-1.76
-3.95
-0.68
-2.73
-1.93
3.38
3.88
-1.28
1.49
0.01
-1.24
-2.98
0.68
-1.85
3.92
-1.6
-0.25
3.67
0.93
2.6
-2.25
-3.26
2.1
3.01
2.94
3.83
-1.37
-2.14
-0.12
2.21
-3.26
-2.99
0.45
-2.36
3.52
1.17
-2.52
-3.49
-0.45
-3.82
-3.55
-2.23
-3.49
-1.68
-1.48
-2.1
-3.6
1.01
-2.38
2.33
-0.97
-1.95
1.3
1.42
2.69
-0.82
-0.42
2.39
2.74
-3.67
-1.77
-0.69
2.85
-3.59
-1.05
-1.01
2.62
-1.09
-3.35
0.28
3.09
1.01
