-10
-1.28
-1.16
-2.79
-2.37
-1.65
-0.42
-3.04
-1.36
-2.47
3.34
0.81
-0.16
2.83
-0.75
-1.75
0.09
0.92
0.77
-2.09
-1.69
-2.28
0.36
-2.6
0.56
2.48
2.36
-1.28
3.74
-2.19
-1
-0.85
-3.54
-0.93
-0.95
-0.2
0.37
-1.42
1.11
-3.58
-1.29
-3.94
-0.84
3.79
-0.38
1.05
-1.37
-3.41
2.1
0.11
1.15
-0.21
3.07
1.96
-1.94
3.47
-1.44
2.69
3.87
-2.51
0.27
-1.47
-2.33
1.03
-0.75
-2.08
2.12
-3.39
-1.15
-0.84
-1.14
2.65
1.89
0.02
-0.1
-0.37
0.14
2.44
-2.91
0.6
-0.73
-0.17
-3.04
2.8
2.04
0.26
0.47
1.49
1.38
0.87
3.34
-3.83
1.52
4
-2.69
-1.97
-0.87
-0.38
3.49
1.35
3.92
-2.01
0.16
-1.13
1.15
-3.48
-2.25
-1.73
-2.07
0.96
0.12
-1.68
1.78
0.48
0.93
-3.32
0.49
1.61
-3.15
2.05
3.62
-0.25
