0
1.39
0.06
-0.73
-1.37
0.52
-3.05
1.43
-3.14
-1.88
3.9
-2.6
2.73
3.31
3.68
0.05
4
-0.12
-0.67
-3.62
3.31
-1.98
0.09
-3.33
-2.48
-3.74
-1.64
1.33
4
-3.22
-3.24
-3.2
-3.62
0.81
1.8
2.17
-1.29
-3.41
-0.22
1.87
-2.6
3.92
0.6
0.47
-0.92
2.6
0.59
1.3
0.02
3.42
-2.4
3.81
0.92
1.92
-2.73
4
-1.57
-1.92
3.46
1.23
-2.86
-0.56
-3.52
-1.56
-0.7
-3.97
0.01
1.34
2.67
-1.02
-0.49
-2.53
3.75
-1.88
2.53
2.32
-0.49
0.74
1.81
1.57
2.23
-2.42
1.93
3.02
3.5
-3.66
-1.68
3.36
-0.05
-1.51
-2.41
-2.9
-1.38
-0.23
-3.52
-1.28
-2.22
3.9
0.87
-3.54
1.04
-1.17
-2.81
3.35
-3.29
1.91
-0.42
-0.17
-0.11
-1.3
3.44
-3.17
-2.57
3.87
-2.44
-3.59
-3.18
-3.03
-4
0.67
-1.47
0.35
