-6
3.56
0.06
-1.31
-1.37
3.93
-2.89
-2.09
3.91
-1.88
3.9
-3.24
2.73
-2.72
2.05
2.77
4
-0.12
-0.67
2.2
3.31
-1.98
-1.86
-3.33
1.12
-2.96
1.67
-1.92
4
-3.22
-3.17
3.89
-1.01
-2.68
1.8
-0.94
-3.35
-0.92
-1.23
1.87
-2.6
1.87
0.6
0.47
-0.92
2.6
0.54
3.51
0.12
-0.84
-2.4
3.41
0.92
1.92
-2.5
4
-1.57
-1.92
-1.85
1.23
-2.86
2.76
-3.79
-1.56
-0.7
-3.97
0.01
-3.03
2.67
-1.02
-0.49
-2.53
3.75
1.47
2.53
2.32
-1.85
-3.2
1.81
-3.76
2.33
-2.42
1.93
3.02
3.5
-0.78
-1.68
-3.75
1.31
-0.21
3.9
-2.9
2.23
0.38
3.66
-1.28
1.15
0.2
0.87
-3.54
2.52
-2.39
-2.81
3.35
-1.62
3.44
-0.42
-0.17
1.11
-2.67
3.44
-0.6
2.08
0.67
1.09
3.12
1.71
0.21
0.3
0.67
-0.22
2.17
