-4
0.38
1.6
2.9
3.53
3.92
-0.02
1.56
-1.35
-3.46
-1.85
-0.47
-0.99
3.22
-2.28
1.04
-3.61
-2.72
-1.69
-1.55
-2.73
1.11
0.41
2.02
3.98
-1.26
3.51
1.22
3.08
-2.79
1.94
2.77
2.9
-3.92
2.89
-3.15
0.82
-3.89
-1.53
-3.96
0.83
-2.1
1.17
-1.42
-1.48
-2.77
-2.83
1.95
1.06
0.89
1.83
-2.03
3.53
-1.61
-2.78
3.6
3.97
3.59
2.92
0.78
-3.6
2.77
2.48
-2.56
-1.39
-0.61
0.63
-1.07
-3.68
-3.13
-3.78
-3.72
2.81
-1.74
1.62
3.37
3.94
-2.18
-0.51
2.75
-2.43
-2.44
-3.84
-1.81
-0.61
-0.04
3.24
0.5
2.87
3.29
-3.12
1.24
-2.81
1.69
3.65
2.07
-0.58
-0.28
3.97
3.14
0.6
2.24
1.62
0.18
0.67
1.54
-0.84
1.27
0.78
-2.15
3.66
2.15
0.1
-3.83
-0.79
2.85
2.6
0.29
2.06
2.66
0.15
-3.87
0.07
-2.96
4
-1.02
3.1
-2.88
-1.38
3.55
-0.05
0.21
-2.14
0.35
-1.86
-0.67
-0.06
-0.01
1.52
1.85
-3.21
-2.03
3.73
1.01
3.63
-1.27
-2.86
-2.99
-1.53
-3.21
3.48
3.14
1.67
-2.69
-1.02
0.47
-1.83
0.58
0.18
-2.32
2.45
-1.96
-1.36
1.23
1.91
-0.55
0.28
3.75
2.04
3.89
-1.09
-1.39
2.77
-3.79
1.86
-1.82
-3.6
3.06
-2.59
1.26
-2.16
2.08
2.65
-2.18
-3.93
0.81
2.55
-3.46
-2.63
1.67
-2.85
3.37
3.81
-0.17
3.4
2.76
3.33
-1.51
3.11
0.18
2.46
-2.61
-1.02
-1.41
1.89
0.86
-3.63
1.46
-0.54
-3.2
0.07
-0.89
-0.84
2.92
3.84
-3.63
-0.6
-3.18
1.16
-2.9
0.9
-0.26
2.37
-3.64
2.74
-0.46
-1.19
-1.07
-3.19
3.11
-1.15
1.91
3.96
1.24
2.81
-3.56
-0.91
0.06
-0.06
-0.79
0.44
-2.91
1.09
-3.43
-2.4
2.04
0.2
-3.12
0
3.03
-0.65
2.51
1.34
2.01
3.28
-1.29
-0.97
-1.38
-0.14
-1.66
-1.95
1.44
0.64
0.36
1.95
2.16
-0.84
1.93
-3.89
3.4
1.28
3.35
0.88
-2.05
0.66
-0.19
2.65
1.8
2.77
-3.31
3.35
-2.08
2.94
-2.22
-0.25
0.35
-3.43
-2.05
1.96
0.09
1.42
-3.54
-3.81
-2.41
-2.85
3
0.45
-3.27
-1.38
-0.55
-1.12
2.28
-3.23
0.6
-2.25
0.01
-2.38
-0.62
-2.66
-0.53
0.07
1.23
-0.14
-0.84
-1
-3.87
2.51
-1.14
-3.4
-2.4
1.58
-2.8
3.97
0.02
-2.03
0.81
3.15
-0.71
-3.21
1.67
3.36
1.92
-0.83
-0.68
1.82
-2.93
-2.85
-1.67
-3.97
3.74
-1.28
1.19
-3.39
-1.52
-3.98
-3.82
0.61
1.03
2.6
-2.98
-3.51
-2.41
-3.88
-2.98
1.87
-2.33
2.31
0.76
-1.37
0.94
0.86
2.34
-1.41
-0.33
0.12
2.15
-1.95
-3.46
1.35
-2.08
2.98
0.17
-1.18
-3.14
2.89
-3.61
-3.41
1.49
-0.01
-2.22
-3.8
-1.89
0.69
3.78
1.17
1.77
1.8
-1.85
1.45
0.15
-1.23
0.39
3.71
-0.9
-1.12
0.38
-1.4
0.94
2.37
-2.12
2.14
0.07
3.69
0.67
-1.96
0.33
2.77
3.26
-1.86
1.47
-2.93
-3.19
-3.24
-3.16
0.74
-1.25
-2.36
-1.19
2.5
2.36
-3.66
3.91
-0.91
-2.8
3.16
-1.41
0.46
3.73
1.99
-1.5
1.79
-0.34
3.12
-1.9
-0.35
0.14
-1.57
-3.98
1.74
-3.16
3
2.54
-3.99
3.98
-0.93
-2.05
-0.37
2.87
2.37
-3.87
-1.27
3.8
2.44
-3.99
-2.47
2.23
-3.03
2.48
1.51
3.46
3.87
3.04
-2.74
3.64
3.69
1.42
-2.31
2.67
1.19
-3.41
-3.69
-2.38
1.07
1.65
3.36
-2.2
3.89
-0.89
2.13
1.21
2.96
1.6
-2.64
1.86
3.77
2
1.22
3.11
-3.44
1.42
-0.84
-0.05
-1.49
2.29
-3.02
3.96
1.28
-3.62
-3.71
1.66
-3.75
0.97
-2.32
1.77
3.82
-2.89
-1.28
-3.22
-3.35
3.74
2.35
1.86
-3.65
-3.7
-3.51
-1.73
1.67
-0.59
3.87
-2.32
-3.81
-1.41
2.1
3.77
1.44
0.36
3.12
2.79
0.67
3.4
0.53
3.51
-1.18
-3.53
0.95
-2.01
-0.09
-0.4
2.05
2.66
-0.72
0.43
2.46
-3.17
3.08
1.31
-0.4
-1.8
1.79
2.72
-1.71
-2.14
-3.49
2.61
1.46
1.67
2.88
-2.09
-3.68
-0.55
-2.01
-0.07
0.12
-2.75
-0.8
2.84
-0.96
3.89
-0.65
2.5
2.36
-1.94
1.37
-2.79
2.41
-0.23
0.13
1.26
-3.31
-3.87
-3.24
0.91
-3.01
1.95
1.11
-1.33
3
0.21
-0.99
3.29
-0.88
-2
-0.73
-1.41
0.67
3.35
-3.7
1.21
1.64
-3.77
-1.74
-0.28
2.85
3.3
-3.64
-3.78
0.5
3.3
-3.8
-2.31
-2.47
-2.39
-2.78
-3.81
-1.31
1.08
-1.07
2.17
0.14
-3.47
3.85
2.83
0.87
0.07
-0.63
0.35
2.8
-1.23
0.55
3.06
-0.54
2.93
3.62
-3.55
1.87
1.05
2.07
-2.3
1.59
0.89
2.17
3.7
0.01
-2.68
1.75
-2.49
-3.23
-0.93
3.91
3.59
0.41
-1.86
-2.94
1.11
-3.62
-0.56
2.85
-1.23
-0.07
0.01
-2.58
-2.28
-1.25
-2.86
2.24
-1.39
-2
-3.23
-1.67
1.64
3.02
-2.77
-3.42
3.25
-1.64
-3.85
-1.18
-0.45
2.32
-2.14
-0.42
-0.28
-1.13
0.96
-1.35
-2.68
1.87
-1.5
-3.94
-1.57
2.2
-0.71
1.77
-2.42
-0.54
0.45
0.94
-1.13
-0.92
-0.86
3.51
-4
-3.26
-1.74
-3.44
-0.82
-2.45
-2.19
-1.25
-3.77
-3.38
-0.7
0.46
-1.94
-3.58
1.71
2.85
1.79
2.5
0.92
0.75
3.5
-3.3
3.91
3.45
-0.27
-0.54
3
-0.21
1.92
-0.79
3.95
-3.54
-0.82
-1.65
-0.43
-1.03
-3.39
0.4
3.47
3.77
0.05
3.76
3.83
-2.19
-1.11
2.84
-0.29
-2.85
1.75
1.6
3.16
0.38
2.17
2.4
-3.99
3.31
-3.16
-1.19
0.84
3.72
-1.44
2.03
0.83
1.03
-3.33
-1.16
-2.73
3.72
0.86
-1.26
2.24
-2.61
3.03
1.16
-3.31
3.74
-3.13
2.1
0.55
0.89
3.76
1.85
2.04
-3.69
0.06
-0.43
-1.7
0.78
-1.66
0.27
-1.87
1.8
3.56
3.76
1.2
2.03
-1.07
-1.2
-2.87
-3.95
1.56
-0.01
0.3
-0.99
3.36
1.76
1.36
-2.99
1.7
-3.73
2.43
-1.26
2.26
3.96
3.96
0.72
4
0.51
-3.03
1.1
-3.47
0.49
1.37
-3.41
-3.4
-3.56
-2.16
3.27
3.96
-1.33
0.81
2.08
0.96
0.5
3.34
-0.24
-2.46
-0.98
-3.04
2.3
2.22
-2.72
3.08
-1.93
1.84
3.4
3.54
3.61
3.8
-3.52
2.03
2.42
-2.18
0.03
3.52
-2.94
2.63
-0.29
-1.59
2.92
-0.08
2.09
-2.95
-0.97
-0.53
-3.66
1.79
-2.24
-3.39
0.2
-0.83
0.97
-0.45
-1.32
2.89
3.25
1.41
-0.7
-1.25
-2.79
-3.1
-1.77
3.47
3.47
0.64
2.4
0.26
-3.08
0.98
2.27
1.14
1.84
-3.4
-1.96
-1.62
-3.88
-3.77
0.05
2.6
1.5
-2.4
1.77
2.99
-0.4
1.32
-2.95
-1.14
3.15
1.15
-3.74
-0.35
-0.67
-3.05
-2.8
2.01
-2.32
2.62
-2.41
2.39
1.08
0.09
0.86
0.79
-1.65
3.07
1.33
0.37
-2.49
-3.71
2.76
3.02
-2.64
0.7
1.25
3.61
-0.86
-0.75
-0.13
-1.85
-0.42
-0.47
1.11
-0.22
0.71
-1.39
-2.2
0.89
3.41
0.03
-3.31
-2.49
2.65
1.66
-2.48
-2.6
0.75
-3.02
0.63
0.54
4
0.69
-2.65
2.85
2.39
-2.76
-1.71
2.63
-0.3
-2.41
-1.13
2.43
-1.25
3.44
-1.19
-2.46
2.98
-2.93
-3.93
3.74
1.26
-3.56
0.96
1.48
3.6
1.25
-3.63
-0.29
-0.83
-0.15
-1.15
-1.84
2.62
3.33
-1.84
2.89
-1.82
2.27
1.4
-0.54
-3.68
-0.82
-2.82
1.82
-2.84
-1.73
2.76
3.21
-1.15
3.99
-1.57
-0.33
-3.1
0.89
3.29
3.55
3.74
-0.13
3.25
-2.87
-3.13
2.58
-0.54
3.86
2.74
-3.29
3.82
-0.58
1.28
-0.08
3.36
-3.29
-0.32
0.62
3.42
-1.93
3.27
3.15
0.31
1.33
2.49
-2.83
-3.15
-0.81
-2.59
3.19
-2.75
-2.28
-3.96
-1.39
3.16
2.31
3.02
0.26
-1.41
-2.26
3.73
-2.68
3.08
-3.55
-1.54
-0.66
-2.07
2.94
-3.38
-2.28
3.99
0.29
1.48
1.21
-3.72
-3.41
3.57
-2.09
-1.36
3.7
1.73
-3.73
2.45
3.56
3.46
2.09
-0.63
-1.34
0.76
-2.96
-2.31
3.43
-1.98
1.68
-1.65
1.94
-3.93
-0.15
-1.13
-0.85
3.25
-2.08
-1.44
3.7
3.2
0.97
0.25
-1.17
-1.67
2.57
2.75
1.1
-2.39
-1.11
0.02
3.46
-1.12
3.52
-3
0.37
3.97
3.27
-1.83
3.58
-3.97
-3.44
-1.74
3.81
-1.14
-1.66
-3.48
-0.29
3.05
3.5
-3.55
-0.2
1.71
2.76
-3.64
-1.52
-2.17
-3.47
-3.67
2.2
-1.7
0.59
1.81
3.14
-2.35
-1.1
-0.94
-3.45
-1.15
2.5
-0.82
3.98
3.75
-1.02
3.67
2.63
-1.29
0.44
3.98
3.99
2.05
-0.96
2.06
-1.88
-1.56
-3.79
-2.26
0.13
3.15
2.53
-1.47
3.44
2.93
-0.02
1.28
-0.56
-1.25
-0.87
2.15
3.96
3.28
3.97
-3.14
-3.46
0.32
-3.53
0.05
-1.27
3.09
-2.27
3.78
1.4
-3.44
-3.65
-3.85
3.26
2.53
-0.31
0.69
-2.57
-2.85
2.94
-2.6
0.33
-0.04
-0.25
-2.96
-0.23
1.7
0.22
-0.12
3.59
2.3
-3.98
-3.3
2.08
-1.82
1.52
1.81
-2.04
0.16
3.02
1.04
1.42
2.75
1.14
2.87
2.58
-0.17
2.03
0.91
3.07
2.44
0.71
2.8
-3.67
2.56
0.53
0.58
-3.44
3.43
-3.72
1.04
-1.13
1.86
-3.82
3.1
-3.46
3.65
-1.93
1.08
-2.99
1.89
-1.27
1.28
-1.86
-2.1
-0.01
1.58
2.83
0.88
-1.54
3.95
3.67
3.31
0.81
-2.85
-2.42
-2.78
-3.64
3.53
1.65
-3.07
1.24
-1.47
-0.12
-2.03
-1.84
3.56
2.57
2.04
2.33
2.94
-2.25
-3.05
-0.1
-2.82
-0.29
3.44
0.65
2.44
-1.44
2.96
1.76
-0.31
0.96
-3.67
1.37
-0.44
-2.96
3.04
1.52
3.32
3.28
-1.45
3.43
-3.93
-3.36
-3.81
-2.61
-3.84
3.75
0.43
3.02
-3.22
2.55
-0.47
2.19
2.72
-0.6
-0.37
1.44
-1.86
0.57
-2.07
0.96
2.69
-0.82
-2.46
1.58
-0.45
0.61
2.6
2.52
3.53
-3.48
3.02
3.67
3.21
-2.48
-0.17
-3.47
-0.48
2.05
0.48
2.7
2.14
3.95
0.98
1.14
-2.57
-1.86
2.65
-3.85
1.42
-2.41
-0.62
-1.25
1.34
1.59
-3.26
0.89
3.11
-1.39
1.84
-0.44
-2.86
1.92
3.49
-3.75
3.54
-0.13
2.99
1.2
3.58
-0.91
-2.08
0.09
-3.92
-0.76
2.83
2.75
2.21
0.4
0.14
-2.6
1.97
2.45
-2.91
1.93
1.15
0.27
-1.68
-2.39
-3.22
2.94
-2.57
-3.1
-3.8
-3.08
1.55
-3.79
-3.54
0.72
1.61
1.57
-0.84
-2.56
-3.42
-1.68
3.68
3.29
-1.34
-1.91
2.77
-2
2.69
-1.3
2.48
0.44
1.59
-1.31
0.83
-2.44
-0.89
-0.73
-2.46
1.37
0.42
-3.36
-2.34
-2.98
-0.11
3.16
1.69
2.61
2.29
-2.52
2.8
2.58
2.25
0.53
1.87
2.77
2.26
1.87
-2.4
-3.77
-1.15
2.78
-3.75
2.73
-1.57
-0.23
-0.66
-1.14
-0.61
2.91
-2.4
-1.67
0.03
1.79
1.02
3.95
-3.34
2.66
-0.61
-0.5
0.4
-3.85
-0.28
1.2
-0.09
3.9
2.2
-2.94
0.83
2.06
-0.7
1.25
-2.34
-2.69
-1.48
1.64
-3.61
-1.07
2.6
-3.88
-0.18
-1.17
-0.78
3.38
3.88
0.46
-1.46
-3.55
3.51
1.93
2.11
3.6
-1.53
2.11
-0.17
-1.31
-0.94
-0.95
-1.18
-1.47
1.57
-1.72
2.03
1.33
-0.4
0.36
-3.33
-1.28
-0.73
3.39
3.55
1.73
-3.94
-0.73
3.68
-2.43
0.93
0.34
1.32
3.45
1.36
1.74
-2.45
2.91
3.95
-0.3
-1.22
-0.44
1.49
3.83
-1.43
1.34
-3.9
0.06
-1.45
-2.46
0.81
1.89
-0.22
-0.48
-0.21
3.83
1.19
-3.88
2.38
-3.63
3.54
3.2
2.43
-1.75
1.76
2.73
1.73
-0.63
1.18
3.84
-3.28
3.12
1.38
3.9
-2.42
1.11
1.23
-0.56
0.81
-1.79
1.63
0
-3.28
2.14
0.76
3.04
-3.45
-2.2
-0.34
1.53
-3.45
-2.57
-3.47
3.58
0.17
-0.41
1.13
-0.77
-1.93
-0.16
3.62
0.73
2.89
-1.29
-3.18
1.7
-3.5
-0.11
-2.06
2.68
-1.4
-2.25
-0.69
0.16
-1.25
-0.46
2.47
-3.71
1.49
2.72
2.18
-0.08
3.72
3.66
3.29
3.29
2.58
1.81
-0.27
1.99
3.98
-2
-2.63
-3.04
-1.41
-3.11
1.11
2.01
1.32
3.07
2.54
0.66
3.87
0.98
-1.08
2.8
2.12
0.38
0.83
-3.38
1.12
0.84
1.74
-0.65
1.67
-0.31
1.02
3.24
-0.57
-2.47
3.12
-1.3
-3.84
-0.05
2.71
-3.41
-3.63
-1.65
-2.44
-2.15
2.44
-3.55
-1.03
2.43
-3.82
-2.49
0.06
-1.26
0.73
-3.52
-2.84
-1.8
-3.02
-0.9
-3.13
-0.87
0.26
2.03
