-3
-3.62
1.64
1.16
-2.64
3.89
3.53
-3.09
-1.28
2.65
2.67
1.01
-2.74
-1.25
-3.26
-1.49
-1.72
0.44
0.85
1.81
-0.66
-1.77
2.13
2.96
-0.08
-3.9
2.24
-0.36
0.11
-2.1
3.57
-1.92
-3.15
1.67
-2.28
-1.05
-0.88
-3.98
-1.73
1.23
-3.12
0.03
1.57
2.35
-0.25
-3.84
-1.81
2.07
-0.02
-2
2.48
-0.46
1.09
0.73
1.1
-0.6
-1.74
2.68
-2.77
-2.74
-2.36
-0.12
0.8
-3.19
3.09
0.59
0.16
-0.4
-2.98
1.79
3.39
-1.74
-1.83
3.62
0.93
3.32
0.66
3.79
-0.79
-0.24
1.92
-3.83
3.67
-1.89
-0.57
0.02
0.99
0.12
-3.43
2.33
-3.32
0.45
2.8
-2.99
-0.41
1
3.23
0.76
3.26
3.16
0
2.6
1.04
2.19
-1.38
0.22
-2.63
1.48
3.81
1.79
2.74
-1.52
-0.54
1.48
-0.65
-2.54
0.21
-1.32
1.39
-0.93
3.61
-3.97
-0.98
-1.31
1.1
-1.06
-0.54
-2.84
0.03
3.93
-3.92
3.9
-3.48
0.06
3.76
3.32
-0.87
-2.52
3.49
3.21
-1.36
3.52
0.32
-1.21
3.59
2.21
-3.02
-2.69
1.66
-1.88
-3.22
0.54
3.38
0.18
3.56
-0.04
-0.43
-1.66
-2.92
3.68
-3.24
-3.79
-2.56
3.88
1.7
2.84
-2.04
3.41
1.72
0.03
2.34
-1.27
-0.81
2.19
-3.57
-3.91
-0.28
-3.77
-0.9
2.9
-2.05
-1.85
-0.5
-2.09
3.14
-0.46
-3.48
0.34
0.51
-0.21
-0.25
-3.21
-3.61
3.82
2.45
-1.57
2.07
0.44
1.09
-3.26
0.24
-2.43
-0.41
-2.37
-0.21
2.06
-2.65
-2.81
-0.25
3.46
-3.76
-0.67
3.24
-1.82
1.72
2.61
0.71
3.54
-3.26
-1.85
2.32
1.62
-1.11
-2.08
-3.73
1.55
-1.67
-0.62
3.74
2.01
-1.98
3.28
-0.86
-1.65
-1.35
-3.63
2.56
-2.13
2.12
-2.93
-1.81
3.33
-3.41
1.05
-0.45
-3.58
-2.45
2.21
-1.91
3.84
1.72
2.53
-0.3
-1.06
-1.57
2.63
2.69
-2.34
-2.65
2.25
-0.28
1.97
-2.55
1.75
1.44
-3.03
-3.82
0.89
3.53
1.34
-3.95
-1.16
-2.58
3.67
3.97
3
1.02
1.85
2.38
3.86
0
0.12
-2.71
3.91
-3.72
-0.5
-0.43
-3.8
3.93
0.03
-2.31
0.89
-3.49
3.88
1.36
0.23
1.88
-1.16
3.62
-1.43
-3.77
0.66
2.69
0.75
3.78
-1.12
1.11
0.03
-1.02
-0.56
-2.39
-3.17
-0.71
-2.5
-1.75
3.6
0.67
-2.46
1.47
-2.07
1.4
3.98
0.96
-0.5
-0.35
-0.83
-1.68
-2.46
-1.7
-0.27
-2.88
-1.82
2.24
-0.2
3.62
3.34
1.44
0.55
-3.87
1.41
2.39
3.54
1.23
0.49
-1.58
-3.14
-2.41
3.02
1.63
1.77
3.57
0.33
1.38
1.68
1.18
-3.75
3.71
-0.82
-2.9
0.6
-3.45
-0.44
-2.27
3.25
-1.69
3.43
-1.4
3.49
-2.12
-1.08
-1.85
-3.89
-2.59
-3.95
-0.45
1.86
-1.25
-3.54
-2.92
-1.22
-2.43
-0.69
-0.08
0.54
0.17
0.79
0.8
-3.45
2.63
3.37
3.63
-1.74
-0.55
-0.47
0.86
-1.18
1.81
1.98
-1.83
-1.01
2.26
-1.9
1.13
-1.29
-0.39
3.45
-1.08
1.33
-1.87
3.32
1.51
3.25
-1.9
2.32
-0.97
1.24
3.65
1.19
-0.92
1.52
-1.37
-1.96
-3.14
-1.48
-0.71
3.9
0.67
1.88
-0.8
-3.28
-3.95
0.77
2.29
2.1
0.53
3.47
2.19
-2.79
-3.08
0.73
-2.13
3.48
2.43
3.32
-2.15
-3.62
-3.84
1.14
-3.5
3.63
-0.82
-3.38
-1.1
0.65
-3.65
0.21
-2.76
-1.4
3.42
-0.28
-1.23
1.04
-1.87
-2.6
3.26
-3.27
-3.05
0
-2.21
-0.44
3.05
2.44
0.26
2.36
-0.35
-0.84
-0.38
-2.45
-3.34
-1.09
3.74
3.54
1.38
-0.42
1.54
3.44
-2.14
-2.37
1.74
-3.69
2.23
-0.42
-2.21
1.21
-2.05
0.84
1.34
1.02
-3.95
-2.89
3.43
0.16
-0.66
0.94
-3.43
0.75
0.36
0.55
-3
1.19
-3.41
3.69
-2.07
0.5
-0.02
-0.76
3.66
2.56
-0.13
3.83
2.88
3.32
2.26
-2.52
1.34
-0.53
0.64
3.06
0.4
2.82
1.82
2.6
-2.5
3.56
-0.52
-0.42
0.19
-3.56
-1
-3.21
-0.93
1.32
-3.37
-3.46
3.72
2.54
-2.36
1.3
-2.78
2.72
1.18
2.79
-2.85
-3.78
-1.76
-3.89
1.9
-2.14
3.6
1.1
-3.9
1.31
-3.85
-1.81
3.38
-2
2.19
-1.62
-2.99
-3.6
3.05
3.22
-0.45
-0.93
0.76
-2.44
2.69
1.71
-2.24
2.81
-2.18
3.35
1.83
1.69
-2.37
3.03
1.44
-2.73
1.31
-0.63
1.68
-1.67
-3.15
1.91
-3.32
1.77
1.17
2.44
-2.83
1.72
-3.66
3.27
0.28
-3.18
3.67
1.96
-0.76
2.09
-0.53
-3.32
-2.58
-3.82
-3.91
-3.22
-0.72
-3.24
3.48
-1.54
-3.45
-3.66
0.56
0.91
1.07
1.65
-1.27
0.72
2.37
1.64
-1.62
2.99
0.39
-3.76
0.54
0.05
2.47
-1.44
-0.94
1.01
2.02
-0.32
-0.21
3.36
1.81
0.63
-2.06
1.49
-1.77
-3.94
-1.37
3.93
2.29
-1.3
1.89
-3.17
-2.85
-0.57
-1.81
2.63
2.09
-1.05
3.6
1.6
-0.3
0.48
0.29
-2.82
-0.35
0.05
-1.68
-3.29
1.7
-1.53
0.45
0.88
0.55
1.21
3.11
-3.56
-0.3
1.24
-1.52
2.31
-0.99
-1.54
-3.3
-2.31
-1.64
-0.29
-1.11
-0.97
-3.64
0.44
2.92
-0.93
0.08
2.2
-0.35
-2.67
-3.67
-3.24
-2.16
2.18
1.74
-2.09
-1.78
-0.19
2.26
-3
0.28
-0.05
0.33
-2.26
-1.07
-3.15
-3.54
-2.72
-1.42
-2.76
-0.23
-1.4
2.82
3.95
-2.85
3.3
-3.66
-2.74
-0.44
-2.63
-3.21
2.36
-2.45
1.77
-3.89
-1.06
-0.6
0.31
-3.43
-2.9
-3.76
0.9
-0.56
-2.65
3.43
2.95
2.71
2.63
-2.5
2.07
-1.4
-1.2
-0.39
-1.59
1.57
1.74
-2.06
-2.11
1.03
2.44
-2.44
-3.05
-3.75
0.88
-3.79
1.92
-1.61
2.56
-2.37
3.99
1.45
0.16
-3.29
-2.52
-3
2.88
3.17
1.46
-3.49
-1.79
-3.41
-2.28
3.76
1.5
2.78
2
-1.25
3.15
-3.8
-1.62
-3.01
-2.5
3.28
-1.87
3.54
3.29
0.64
2.56
-2.86
-2.49
0.55
-3.86
0.99
-2.48
-3.39
2.45
-1.92
-1.88
-2.59
2.69
2.57
0.48
-2.62
-1.19
1.85
3.85
-2.81
-1.24
2.11
-1.79
-0.83
-0.75
2.36
3.26
2.99
-0.06
0.88
2.58
-2.06
-2.29
-1.77
-3.4
0.32
3.01
1.67
-3.55
0.73
2.24
0.88
-3.67
-0.09
-3.38
1.74
-2.49
-0.19
0.52
-3.88
0.47
0.29
3.7
2.09
-2.12
-3.55
2.93
2.35
-2.7
-2.22
1.74
-1.47
0.67
-2.44
-0.5
-3.82
3.7
0.46
1.97
-3.84
-1.63
1.14
1.39
-0.89
-1.04
1.88
1.78
2.31
-1.46
1.51
0.85
-0.56
-1.53
-0.18
-3.6
-1.71
-1.75
-0.37
-3.66
-3.85
1.39
-3.34
0.37
2.68
2.99
-0.3
-3.8
2.77
-3.6
-3.56
2.04
1.05
1.84
0.35
1.75
3.34
2.9
0.59
-0.88
0
-1.32
-3.38
-0.2
-0.21
0.93
-1.7
-3.94
-3.15
-2.85
-2.79
1.94
0.07
0.11
1.82
-1.22
-2.29
-3.23
2.72
0.12
3.27
1.68
3.01
1.9
-1.9
3.48
3.8
1.6
2.12
2.07
-2.93
-0.61
1.66
-3.5
0.34
1.47
0.76
0.86
-3.42
-2.26
0.69
-0.36
3.35
1.61
3.2
-1.5
-2.03
-3.06
-3.98
-2.43
0.03
2.57
-3.83
-3.54
-0.14
2.33
-0.33
-1.27
-2.3
0.31
1.13
0.7
-2.06
-1.22
-3.92
1.82
-3.73
-0.43
3.77
-3.66
2.02
0.86
-3.82
0.98
3.44
-0.38
2.33
-2.6
2.7
3.6
1.5
2.86
1.58
0.55
-1.96
-1.49
-0.79
1.2
0.64
2.02
-2.21
-1.98
-0.84
0.27
0.61
4
-2.3
0.57
1.53
-2.63
-1.77
2.41
-2.83
3.68
-0.45
3.18
2.38
-0.8
-2.98
-3.76
-4
-1.73
0.03
-1.9
2.81
2.28
3.12
1.4
-3.26
1.57
-1.39
-0.93
2.93
-2.25
2.55
0
-2.31
-0.09
-3.64
3.44
-2.08
-2.24
-0.12
1.33
1.36
3.1
1.68
1.9
-3.01
-1.14
0.13
-4
0.17
0.4
2.02
3.53
2
-2.95
1.46
2.34
-3.13
0.3
-0.18
3.96
2.76
3.17
3.48
3.43
-2.88
3.56
1.48
-1.54
-1.16
-2.41
2.32
2.24
2.4
2.71
0.75
3.72
-3.41
-2.79
0.41
1.88
-2.57
-1.4
2.9
-1.48
-0.27
3.03
2
-3.36
2.46
-1.97
2.57
1.63
1.94
-0.07
2.57
2.2
3.62
2.26
0.77
-2.57
1.39
-2.33
1.17
-1.42
2.09
3.78
-2.88
3.29
0.31
1.75
1.74
3.66
3.9
1.95
2.52
0.16
-3.74
0.96
-0.31
-1.9
-2.45
0.83
0.01
-3.2
-0.98
-3.31
-3.7
-1.53
-3.87
2.55
-3.91
-1.66
0.45
-1.03
-3.52
3.77
1.43
0.32
0.44
-0.04
1.9
2.71
0.34
-3.3
0.29
2.91
1.73
4
1.41
-1.59
1.94
-1.34
-1.44
-1.33
3.88
-3.45
1.66
0.37
3.56
1.39
3.48
2.66
3.16
1.76
1.66
-0.6
-0.79
0.92
1.46
2.75
2.74
-0.06
-3.49
3.74
0.2
-1.16
-3.51
-0.7
0.51
0.12
-1.04
-3.7
1.06
1.73
-3.4
1.43
3.78
-2.23
-0.9
3.94
-1.9
-2.94
0.76
3.05
0.48
3.25
3.56
2.58
-0.95
-3.11
-0.31
-3.19
-1.46
2.67
-0.32
-2.01
-1.85
-1.18
2.48
1.03
-3.95
-1.64
3.86
-0.57
-1.58
3.18
-2.41
-2.57
1.16
-3.78
-0.37
-2.56
-2.19
1.52
0.64
1.67
3.19
-2.54
-0.74
0.95
-0.71
-2.08
-3.75
-0.38
-3.57
-1.85
1.76
2.4
-1.95
2.62
-0.72
0.95
-0.7
2.08
3.88
3.75
-2.8
-2.68
0.63
1.31
1.65
2.13
-2.58
-1.17
1.26
-1.75
3
1.02
-1.98
2.01
-1.19
-3.32
3.57
-2.48
-2.27
2.14
-1.9
0.24
-1
-3.73
-2.59
-0.8
3.39
2.54
0.94
2.68
2.14
-0.26
1.65
0.9
0.47
1.86
0.84
1.96
3.31
1.17
-3.5
1.43
2.36
2.18
-0.84
-3.26
0.37
0.05
-0.2
-1.4
1.38
-2.23
0.34
-2.27
1.65
0.96
2.32
0.35
-0.11
-1.55
2.74
-1.12
1.89
2.58
0.11
-0.75
3.37
1.13
-2.47
0.95
-0.15
-2.39
-1.78
0.57
1.63
0.67
1.88
0.82
1.12
-3.33
2.84
-0.67
-1.26
-1.66
-2.7
0.36
3.41
-0.09
3.26
3.51
3.54
-3.52
-1.94
0.85
2.43
1.63
3.55
3.78
-1.93
3.91
-2.63
3.25
-1.49
2.85
2.75
-0.23
3.56
3.78
0.11
-3.03
3.08
-2.51
3.24
-0.78
-0.39
-0.59
-3.86
-0.46
1.28
3.75
-0.15
-0.54
1.88
-1.98
1.42
-0.64
3.55
1.37
2.14
4
1.13
2.11
-1.25
1.21
3.31
3.59
-3.18
-0.11
-0.41
1.53
0.81
3.63
3.81
2.29
-3.57
2.04
-2.75
2.85
-2.76
-0.98
1.49
0
-1.51
-1.68
0.05
1.91
-2.63
-3.51
-2.57
-0.61
0.22
-1.81
-2.37
0.11
-0.16
-3.03
2.75
-1.98
-0.09
0.02
-1.41
0.26
3.95
3.75
-1.06
0.22
-0.35
3.59
-2.41
3.38
-1.9
-3.3
0.13
-0.89
-1.49
-2.87
-0.39
-3.58
-2.85
-2.61
2.22
-3.68
-1.55
-3.8
-2.69
-1.38
2
-0.31
-1.56
3.46
3.3
3.23
-1.07
1.22
-3.57
-2.77
0.05
-1.25
3.39
3.84
-1.75
-2.22
2.9
-1.94
-2.72
-0.48
2.06
2.52
-2.41
-1.29
1.36
2.32
-3.14
-1.49
1.81
-1.74
-2.2
3.75
2.44
-3.68
2.23
3.96
1.15
-1.87
-3.93
-1.12
1.77
2.92
-1.32
-2.72
1.08
-3.14
-2.97
-2.68
3.14
0.44
-2.58
-3.61
2.92
1.8
0.56
3.48
-1.9
3.74
-1.91
-3.03
2.36
-3.58
3.41
2.18
3.43
0.31
0.31
3.07
-2.4
-1.7
0.64
0.77
-2.02
2.41
1.75
3.15
-0.16
-3.69
1.63
0.5
1.29
3.55
-0.62
-2.63
-3.17
-2.59
-3.17
-3.37
-0.24
2.75
1.86
1.41
-3.97
3.11
0.53
1.35
3.51
0.51
-2.14
-3.23
0.55
-2.03
3.73
0.84
3.8
0.66
2.41
-3.49
-3.96
1.41
-0.36
-2.21
-1.9
1.6
-0.31
2.82
1.04
2.04
1.34
2.01
-0.53
-0.33
-0.7
-1.14
0.44
3.23
0.73
-1.12
-2.12
-3.6
3.65
3.33
2.46
0.86
3.95
-0.68
3.82
2.54
-2.43
0.18
-0.99
-3.68
-3.41
2.36
-0.89
0.07
-0.7
-1.57
-0.58
1.71
-3.7
-2.54
3.18
-0.15
1.3
-3.13
2.67
0.87
-3.6
-3.43
3.93
-0.47
2.64
3.65
1.76
0.31
-0.66
1.24
1.66
-3.63
3
2.51
0.47
-2.85
-1
-0.85
-0.92
0.95
3.75
-3.64
-0.07
-1.71
3.46
0.17
-3.91
2.18
-3.85
-1.4
3.57
3.07
0.65
-1.05
2.14
-3
0.25
3.48
-2.32
-3.05
-3.41
2.81
-3.27
2.06
0.78
-0.95
2.71
-2.2
1
2.02
-3.16
-1.86
1.8
-2.28
1.12
-3.96
0.65
1.64
0.07
-1.54
3.55
3.59
0.15
-3.27
1.68
2.6
-0.28
0.04
-3.64
-0.54
0.91
-0.47
-2.53
-1.87
0.35
-3.06
3.63
1.87
1.52
0.41
1.46
2.3
-2.83
-1.86
