-9
1.42
-3.67
-3.56
-3.17
-2.42
2.79
-2.49
-3.3
2.56
-2.73
-1.75
1.79
1.1
3.03
0.32
-3.63
-2.17
1.74
2.06
-0.18
-0.52
1.97
-0.12
3.77
0.96
0.9
0.12
3.01
3.28
-3.48
2.84
-2.56
-3.06
2.74
-0.91
-2.04
-2.93
-2.99
1.6
2.83
2.2
2.73
1.87
-0.17
0.51
0.63
-2.24
1.66
-2.21
1.47
-1.91
1.83
3.06
-3.21
1.87
3.46
0.46
-3.33
-0.13
0.69
-1.33
-1.49
-2.58
2.04
-1.56
-3.2
0.84
2.36
-0.07
-1.64
3.3
-3.18
-3.86
3.24
1.62
0.75
-3.91
-3.96
-0.74
-3.67
-0.86
2.46
1.21
-2.2
2.43
-3
-1.61
-3.86
-3.14
-0.36
1.5
-3.61
1.14
-3.1
0.16
-0.31
1.31
3.84
-2.61
-0.3
3.79
-0.6
-2.27
3.44
2.17
-2.73
1.69
3.82
-0.83
-2.88
3.37
0.42
1.42
-0.46
-2.45
0.21
1.3
3.62
3.62
-2.57
2.42
0.7
1.49
-3.71
0.86
2.9
-0.31
3.24
-0.92
-2.07
3.45
-3.74
2.65
3.56
-3.45
3.74
0.73
1.78
-0.37
1.15
-0.68
-1.43
0.98
3.75
0.27
-2.92
-1.02
-2.41
3.35
3.95
2.39
1.69
-3.79
3.96
1.29
-0.92
1.91
-2.57
-1.43
3.28
1.59
2.45
0.74
-2.76
-2.33
3.11
1.78
1.86
-1.01
-2.18
3.48
3.52
-0.02
-1.54
2.12
-0.15
3.73
1.75
0.02
-0.22
-0.08
-1.91
3.89
-0.87
-0.46
-2.25
-3.96
2.69
-1.73
1.47
-2.17
-0.71
-0.8
0.36
3.57
0.87
1.83
-0.26
2.08
1.17
-0.7
1.13
2.61
1.53
-3.54
2.88
-2.3
1.76
-2.16
-2.57
-0.64
-3.84
1.42
2.8
-0.65
-0.51
2.57
-2.39
1.7
3.92
3.06
3.09
-0.42
1.52
4
0.19
0.32
3.62
-1.11
-2.75
2.03
-0.02
3.68
2.85
-3.53
2.79
-0.51
-1.65
-1.34
0.67
-3.96
-1.72
0.85
-3.16
-1.9
-2.34
1.88
0.41
-3
0.08
2.3
0.21
2.04
2.16
2.12
0.22
-2.46
-2.92
1.54
0.28
-1.44
-1.92
-1.14
-3.41
-0.59
3.38
-3.51
2.58
2.33
0.57
4
0.21
2.96
-2.98
3.87
0.77
-1.76
-1.26
-0.58
2.33
2.31
3.91
2.62
2.82
-1.05
-2.19
1.95
-2.49
-3.27
0.26
1.25
-1.59
0.82
2.38
-1.89
1.96
3.42
0.25
1.43
-1.28
-2.83
3.31
2.09
0.44
0.09
-1.91
1.26
1.01
2.29
-2.66
-2.03
2.81
1.66
3.22
1.98
-1.35
-0.53
0.05
1.64
-2.4
-2.57
2.98
1.84
-1.94
3.33
1.58
3.4
-3.43
2.92
-2.1
1.36
1.99
1.32
-3.31
1.15
3.01
-2.18
-1.83
-1.28
-3.14
0.55
-3.07
-0.77
3.4
-1.71
2.44
0.76
1.6
-3.6
3.47
-1.52
-0.64
2.62
-0.18
-2.72
-1.81
-2.54
0.02
1.12
2.51
-1.31
0.69
2.1
0.38
-0.01
-0.02
-2.52
0.97
-1.94
2.97
-3.18
-2.7
-2.67
0.78
1.05
-3.5
-0.25
2.45
3.78
-3.12
-3.18
-2.21
-3.83
3.46
3.42
-2.01
3.38
-2.51
3.41
-1.05
1.55
1.81
1.05
0.21
2.17
3.87
-1.17
2.85
-0.6
2.31
0.96
3.79
-0.46
-2.57
2.64
-2.82
-1.97
-2.16
2.77
-3.22
2.45
-0.99
0.24
0.24
1.69
-3.11
0.51
2.65
0.96
-2
0.6
4
1.56
3.11
-2.58
-0.98
0.26
1.12
2.61
1.19
1.67
0.9
-0.96
-2.54
-0.07
-2.97
2.26
2.74
-3.19
2.24
3.96
1.54
-1.28
2.63
0.51
-1.47
-2.44
-3.2
2.53
1.27
-0.65
0.19
-2.12
-2.6
-2.29
0.96
-1.77
0.43
-3.99
-0.38
0.92
0.92
-0.77
-2.42
-0.89
-2.46
3.97
-1.23
-3.69
0.66
-1.36
1.78
1.83
2.72
-1.96
3.06
1.28
2.94
-1.4
2.89
-2.55
-0.55
2.6
-2.67
-2.17
-2.52
-0.98
-2.36
3.76
2.97
2.8
-2.18
2.73
1.2
-2.69
-0.96
-1.69
-2.87
-0.49
-1.04
-1.44
2.8
-3.51
-2.14
-1.37
1.58
2.37
-0.83
3.36
-1.35
3.69
-0.7
-2.18
-2.88
-1.83
-2.53
2.32
-2.11
3.75
-2.37
2.53
2.33
-0.98
-2.66
1.86
-3.19
3.06
-3.38
1.41
3.01
0.75
0.14
-0.58
3.64
0.33
-1.35
-1.04
0.73
2.71
0.26
-0.89
3.86
-1.72
1.11
3.29
-0.5
-4
1.6
-0.97
3.85
0.72
-3.59
-2.61
-2.12
0.44
0.24
-0.23
3.15
0.01
-2.19
2.53
1.74
1.76
-3.66
1.9
-0.45
3.88
-1.82
0.8
3.52
2.52
-2.41
-0.82
-0.51
2.53
2.68
0.04
1.92
-1.94
-1.65
-3.19
-2.55
1.6
1.56
-1.71
0.34
-1.26
-2.46
-0.8
-3.92
2.89
-0.19
-3.29
0.9
1.74
1.37
-1.91
-2.07
3.21
-0.26
-0.38
1.82
-3.2
-0.49
-2.67
-0.88
1.23
1.91
-0.64
1.76
-3.81
1.86
1.08
-2.35
-3.01
1.07
-3.87
-3.8
2.05
-2.44
-3.2
2.34
2.99
0.71
-3.37
-1.3
-3.13
2.29
1.75
-2.85
0.59
-1.9
2.71
2.33
2.74
-1
-3.35
-1.92
0.23
3.18
3.11
0.84
2.18
1.44
3.9
-2.98
2.74
3.07
-0.1
-3.33
1.23
-2.12
-0.11
1.65
-1.07
1.28
2.83
0.09
-1.12
2.64
-1.76
2.94
-3.85
-1.79
-2.83
2.09
3.15
2.76
-1.08
1.99
0.41
2.06
-0.02
2.88
-1.55
-0.04
-3.84
-2.46
0.81
3.61
-0.04
-2.19
-1.62
1.08
-0.08
-1.3
2.22
-2.94
-0.61
-2.55
0.17
0.56
3.21
1.59
0.93
-3.83
0.69
-0.03
0.27
-2.2
-2.13
3.99
0.15
1.91
0.26
3.18
1.91
1.01
-0.8
2.98
1.12
1.29
3.29
-0.73
-1.33
-3.57
0.56
-0.93
2.29
2.47
3.88
2.09
-0.64
-2.54
-2.18
3.86
2.85
2.39
-2.06
-1.72
3.28
0.19
1.27
-0.99
1.74
-0.02
1.67
0.47
-3.18
0.74
0.8
-2.79
1.87
0.41
0.34
2.89
1.28
-0.07
-1.08
0.5
-0.39
-2.39
1.68
1.8
-2.07
-0.22
0.62
-1.32
0.09
0.4
-3.68
3.52
-0.94
-3.09
3.71
-3.07
-3.99
0.27
1.54
2.7
-1.23
-3.92
-1.75
-2.45
-2.33
2.66
-3.78
2.95
1.13
-1.07
-1.42
-1.08
-0.53
1.45
2.67
1.66
2.51
3.47
-2.92
-2.05
3.37
-1.02
-3.63
0.42
0.41
1.28
2.15
0.95
0.71
-0.59
2.87
-3
2.39
0.23
-2.27
-0.47
3.36
0.13
0.13
-0.73
-0.44
1.67
1.56
-2.84
-2.18
1.41
0.05
1.61
-1.75
-1.96
-1.58
-3.46
-0.81
-0.41
3.34
3.79
3.71
1.83
1.14
0.4
-3.49
-0.72
-1.76
-2.28
0.07
-2.43
0.54
3.25
-0.28
-0.87
2.3
-1.62
-0.66
1.81
2.39
-2.31
1.43
3.22
-1.4
3.01
-2.78
-3.46
-1.31
-1.34
-3.02
2.32
1.82
-1.21
0.9
-2.06
-0.17
-2.47
3
3.74
-1.24
-3.72
-0.57
-0.17
1.1
-3.76
-3.13
0.81
-2.12
3.12
-0.25
-3.96
1.21
1.38
1.2
1.64
-1.65
-3.52
-0.77
2.14
-0.83
3.98
-3.42
3.59
-3.27
1.75
-0.24
-2.26
-1.65
-2.22
3.31
0.77
-0.61
-0.39
-0.95
2.11
2.27
-2.4
-1.88
-1.65
2.14
0.42
2.66
-0.42
2.92
-3.06
-2.89
-3.57
1.6
3.26
3.6
-0.66
2.3
-3.15
0.57
-1.22
3.7
-0.15
-0.9
3.35
0.49
3.13
-1.55
-3.9
3.82
2.98
0.66
-2.4
-1.67
3.1
3.38
-3.25
2.37
-3.12
4
2.75
-2.69
1.01
-3.34
3.79
0.64
-0.67
0.15
-0.91
-1.82
-0.04
2.48
-1.47
3.04
-3.74
2.41
-1.58
2.5
-1.23
1.87
3.01
-2.04
2.55
-0.24
3.94
0.29
3.52
2.11
2.5
3.88
2.85
0.98
1.42
-3.14
1.82
-2.54
-1.31
-0.82
-0.69
-1.29
-2.84
-1.02
3.36
1.93
-0.15
-3.5
-1.87
-1.44
-1.94
-3.32
0.96
-1.75
-0.41
-0.98
-3.01
0.78
-1.23
-2.76
-3.27
-0.5
1.12
1.23
1.65
-0.78
-0.67
2.99
-2.95
-2.34
-2.78
2.8
-0.29
3.25
-0.81
-3.95
0.7
0.03
-1.4
-3.38
3.92
3.44
-1.85
0.95
0.04
1.82
-1.08
0.59
-2.61
-1.6
3.88
-2.97
2.7
-2.55
-1.56
3.81
1.59
-0.07
1.34
0.14
-1.41
0.86
3.45
-3.54
-2.67
-0.74
0.97
1.72
3.07
-0.47
2.32
0.96
-1.83
-1.85
-2.68
-2.71
-2.66
-3.83
-2.82
3.84
-3.71
2.75
1.6
2.65
-2.21
-3.82
-3.9
-1.74
0.8
-0.62
-1.53
-3.23
2.69
2.46
2.03
-0.95
3.99
-2.31
-0.39
-3.22
-3.16
1.21
1.53
1.86
0.09
-1.09
2.86
0.55
-3.88
-2.85
2.46
1.42
-1.25
1.51
-0.15
-0.15
3.27
-3.21
2.68
-2.85
-0.85
-1.29
-3.09
-0.31
-2.94
1.55
2.28
-0.28
0.12
2.27
-2.69
3.66
0.56
-3.61
2.99
-0.91
-2.79
3.74
-1.44
2.89
-2.68
-0.44
-1.87
-0.35
0.92
1.05
2.02
-2.82
-1.39
-1.82
-0.22
3.19
-0.98
-1.54
1.63
2.13
0.29
-2.16
0.8
2.55
0.63
-0.86
-3.58
-2.15
3.84
2.81
-3.15
-1.64
2.52
-3.25
-1.37
3.54
2.24
3.79
3.83
3.6
-3.42
1.27
2.77
0.01
3.53
1.09
-2.9
-2.06
-1.51
-1.88
0.64
-1.9
-1.24
-3.14
2.81
3.38
-1.07
0.02
-1.75
2.18
-0.87
-3.73
-0.19
2.12
0.19
-0.34
-1.33
-2.14
3.55
0.25
-3.05
-0.77
-1.37
2.04
1.55
3.02
-0.92
-3.21
3.02
3.55
-1.96
2.49
3.37
1.72
-1.84
2.76
3.6
1.65
-2.06
-0.74
0.61
-1.78
1.54
-2.36
0.46
-3.7
-2.54
-3.36
3.82
-0.13
-1.58
3.24
-1.61
2.24
-2.83
-2.59
3.47
0.72
-0.68
3.79
0.29
-1.87
1
-1.29
0.14
0.65
-3.1
2.1
-0.05
1.44
0.06
1.02
3.92
0.29
3.64
2.74
1.69
-3.02
-2.43
1.24
1.56
-1.57
-3.03
-0.85
1.12
-1.19
0.09
-2.87
0.55
-3.25
3.29
-1.13
-1.67
-1.84
2.97
-1.53
1.22
-1.17
1.51
3.82
3.41
-0.64
0.69
-1.62
3.82
1.41
3.33
2.11
2.6
-1.56
-0.28
2.49
-0.85
2.09
-1.77
-2.14
-2.85
-2.15
1.59
-2.67
-3.45
3.78
-2.45
-0.8
2.15
-2.82
-1.32
1.76
1.32
1.17
-2.49
-1.15
-0.52
-2.24
1.84
-1.81
1.74
2.6
-0.67
3.71
-0.52
1.99
-1.47
-1.9
1.03
-3.2
3.73
0.25
3.93
1.1
-2.69
-0.63
1.24
0.18
3.26
3.63
-2.19
-2.51
0.23
2.63
-1.28
-2.44
-3.22
-2.57
-3.07
-3.13
-0.99
-2.62
-3.76
-3.97
0.13
-1.45
2.52
1.89
1.85
-1.44
1.25
3.45
2.18
1.35
-2.55
2.44
1.83
-3.79
-0.15
2.14
1.61
3.3
-1.5
2.21
-3.62
0.25
-1.63
0.7
0.98
-2.08
1.2
-2.91
-2.83
0.15
1.8
2.34
0
3.89
-3.03
2.76
0.85
3.36
2.34
0.7
-1.62
-1.63
-0.69
2.88
1.17
0.29
-0.27
-3.43
1.59
-1.21
-0.74
-0.29
2.89
-1.96
3.66
3.89
-3.82
-2.19
-3.1
-0.08
1.37
0.15
2.27
-1.98
3.56
-0.89
-1.56
1.94
3.24
1.09
-2.72
2.26
-3.04
1.81
-0.17
2.01
-3.07
-0.51
3.54
-3.31
2.19
0.63
-0.49
2.39
-3.11
-1.92
3.46
-2.04
-3.77
-2.91
2.58
-0.97
2.46
-1.59
3.33
2.23
0.1
-2.71
3.33
-1.95
-2.16
1.8
-2.67
-3.51
-2.5
1.01
-1.25
-2.93
2.21
-2.36
2.95
0.69
-1.72
-3.8
1.74
-3.26
-3.37
3.89
-2.87
1.47
-0.34
-3.52
1.71
2.15
2.51
2.25
3.81
2.55
2.48
1.6
-2.09
3.65
0.17
1.48
2.86
-3.61
-0.71
-0.98
0.88
-0.12
3.33
2.38
-0.25
2.59
-1.86
-2.12
-3.25
2.25
0.68
2.59
1.6
0.22
-3.85
-2.15
2.4
-2.64
-3.92
-0.81
-2.02
-0.75
1.21
0.2
-1.4
-3.39
3.74
3.31
-3.48
0.81
-2.65
1.34
1.45
1.62
-1
1.26
2.15
1.28
0.74
3.12
0
0.63
1.5
-2.45
-2.13
3.89
-4
1.69
3.49
-1.69
3.08
1.5
-3.7
-3.9
-2.97
-2.37
2.67
-0.88
-0.22
-0.86
2.86
-1.16
-2.64
-0.06
0.89
3.34
-2.86
3.98
-2.78
-1.1
-0.29
-2.88
0.62
-3.03
3.19
1.36
1.75
-0.35
-1.67
-1.29
-3.4
-1.95
3.83
2.21
1.74
-0.14
1.03
1.34
0.58
-2.63
2.59
-0.98
-2.51
-2.4
-3.74
-2.84
-0.74
-2.44
0.66
-1.47
2.75
-3.98
0.47
0.58
2.61
1.96
-3.13
3.34
-3.08
-0.32
-0.12
-0.99
-3.21
-2.93
-1.47
0.81
-0.98
-0.84
2.21
-2.97
-1.7
-0.2
-0.61
3.86
0.31
-3.31
3.63
-0.98
-3.3
2.03
-1.9
0.19
3
3.8
-0.03
-3.42
1.58
-0.76
3.6
3.78
-1.01
1.69
0.42
-3.1
1.5
-0.42
-1.77
-3.58
3.07
-0.55
2.14
-3.91
-0.64
-0.37
-3.78
-1.06
0.63
0.61
-3.74
1.92
2.34
1.85
2.64
-1.11
-2.43
3.69
0.02
-3.01
1.1
-2.05
3.23
3.78
-0.44
2.43
2.05
0.61
3.39
-1.51
-1.64
-3.27
2.46
3.2
-0.05
1.25
3.89
-2
-3.17
-0.64
3.58
-2.98
-0.05
-3.03
-1.03
-2.32
-2.56
1.14
3.06
-2.48
3.33
1.81
3.56
-2.77
-0.68
1.12
0.23
2.37
0.54
0.93
1.59
-0.38
