-9
-0.68
2.01
1.8
-0.84
-1.8
-3.76
0.76
-1.32
2.13
-2.2
0.88
2.22
-1.66
-3.43
-0.22
-1.59
3.61
1.51
-0.48
1.39
-1.88
3.37
1.91
-0.18
-2.98
3.61
3.7
3.71
0.25
3.57
2.53
0.6
-1.17
1.81
-0.88
0.87
-2.71
1.27
3.18
-0.07
3.37
-3.71
0.55
-3.7
-1.03
-2.74
3.18
-3.3
-3.51
3.01
-1.71
2.7
0.72
-2.37
-2.13
3.88
-3.86
1.49
0.17
-1.24
-3.21
1.39
-3.36
3.46
-3.3
-0.25
-2.81
-2.44
2.6
-3.87
-2.41
3.71
3.01
-0.95
3.83
-1.37
-2.14
-1.06
-1.25
-3.26
3.19
0.79
-2.36
3.52
1.08
-2.52
-0.68
-0.45
-3.82
-3.55
-1.03
-3.49
-1.68
-1.48
-2
0.17
-2.66
-2.38
0.24
-0.97
0.63
-0.34
-1.61
-1.68
-0.82
3.31
-1.92
-3.88
-3.67
-2.06
-0.69
-1.81
-3.59
-3.11
-2.58
1.98
0.18
2.93
2.62
-0.87
0.64
