-2
-2.76
3.7
-1.36
-3.89
3.04
0.94
-2.72
2.2
0.23
-0.65
-1.87
2.38
2.47
-2.4
0.34
3.37
3.99
-1.34
2.52
-1.45
-0.2
-1.37
3.33
0.49
0.2
-2
2.13
-2.11
1.08
0.64
0.86
1.76
2.98
-0.16
-0.49
-2.02
-2.1
-2.59
3.63
2.23
1.84
0.09
2.55
1.78
-3.97
-2.32
-1.94
-1.09
3.23
-3.15
2.14
1.78
1.48
-2.75
-2.34
-0.65
3.44
0.83
1.44
-2.02
2.82
-1.26
0.69
3.84
3.6
-0.73
1.45
-0.66
-0.28
-2.66
3.68
1.75
0.49
-3.72
-1.94
0.57
3.36
-3.01
0.7
-3.3
-0.26
3.73
-1.01
-0.68
3.03
-2.02
3.22
1.37
2.46
0.36
-2.05
-2.07
-3.54
-3.04
0.13
2.05
1.49
-2.43
-0.29
-1.19
0.24
1.11
0.45
2.94
2.76
0.61
0.84
1.19
1.3
-2.55
2.56
-0.48
-1.15
2.47
-2.86
-3.82
-2.29
-3.55
-2.5
-2.38
-3.74
