-10
1.43
3.44
-2.66
0.02
-3.57
-0.5
-0.05
3.69
-0.18
-0.74
0.43
-2.35
-0.79
2.08
-3.09
-0.12
-0.82
0.01
1.58
-1.58
-2.04
3.97
-1.98
3.85
2.85
-1.67
2.35
-2.82
0.13
-1.98
-2.43
1.7
-1.56
-1.43
-0.08
-1.75
-1.51
0.87
2.41
2.97
-1.32
2.6
-3.38
0.7
2.83
1.95
2.66
-1.94
3.41
3.43
2.53
-1.53
2.81
2.3
2.2
0.31
2.99
-3.91
3.65
0.85
3.32
1.54
-0.73
-1.94
1.39
-1.06
1.32
3.74
-0.68
3.51
-3.39
-0.45
-3.01
2.62
0.93
2.57
3.34
-0.02
-2.99
1.69
2.51
-1.42
-3.88
-0.66
-1.91
1.32
3.81
2.05
-0.73
-3.67
0.82
3.32
-1.91
2.94
3.91
1.32
-1.99
-1.64
3.31
2.14
2.39
2.92
2.75
-1.58
-1.93
-1.65
0.97
0.4
0.25
3.25
-2.05
-1.13
3.43
-2.09
-1.25
-2.93
-0.39
2.37
-1.54
-3.58
-2.22
