0
3.79
0.99
2.93
-3.89
-3.45
3.17
-0.62
1.28
-3.54
2.64
0.43
2.38
0.62
1.78
-1.52
1.4
3.99
-2.03
-3.01
2.36
1.46
2.2
3.89
-3.57
-3.09
1.72
-3
-3.36
2.14
0.83
1.51
2.69
2.9
3.3
3.96
-0.08
0.35
-2.49
0.1
-0.83
1.84
-1.66
2.55
-0.53
-0.94
-0.68
-3.58
-2.97
-3.31
3.17
3.99
0.92
-1.37
0.16
-1.31
1.15
3.51
0.33
-3.38
-1.02
-2.83
-1.26
0.69
-3.65
3.6
0.97
3.05
2
2.1
2.54
-0.96
2.54
1.13
0.15
-0.99
-0.46
2.79
3.42
-0.36
-0.52
-0.26
1.52
2.03
-0.68
2.59
0.72
3.22
2.49
2.46
-1.79
2.78
1.71
3.6
3.82
3.44
0.46
-1.39
1.37
0
-1.19
0.24
-0.72
3.43
3.8
0.02
0.42
1.5
0.73
-2.5
3.94
-0.94
-1.19
1.48
0.73
3.2
1.59
1.83
3.79
2.07
-0.41
3.69
