-6
1.39
0.06
-0.73
-1.37
3.93
-0.4
-1.14
3.91
-1.88
3.9
2.3
2.73
3.31
-2.21
2.77
4
-0.12
-0.72
2.2
3.31
-1.98
-1.86
-3.33
1.12
-3.74
-1.64
-1.92
4
-3.22
-3.17
1.41
-2.8
0.81
1.8
-0.94
-3.35
-3.41
-0.22
1.87
-2.6
0.98
0.6
0.47
-0.92
2.6
0.54
-1.04
0.12
3.42
-2.4
3.81
0.92
1.92
-2.5
4
0.83
-1.92
0.88
1.23
-2.86
2.76
-3.79
-1.56
-0.7
-3.97
0.01
1.34
2.67
-0.94
-0.49
-1.79
3.75
-1.1
2.53
2.32
-0.49
-3.2
-3.07
-3.76
2.33
-2.42
0.08
1.25
3.5
-0.78
-1.68
-3.59
1.31
-0.21
-0.33
-2.9
2.23
0.38
-2.39
-1.28
1.15
-3.15
2.6
-3.54
2.52
-1.17
-2.81
-2.82
3.44
3.44
-0.42
-0.17
-0.11
2.13
3.44
-0.6
-2.19
0.67
1.09
3.12
-3.18
-0.16
-1.8
0.67
-1.47
2.17
