-5
0.8
3.64
-1.94
-3.62
1.44
-2.69
-3.04
2.68
-3.08
1.77
-1.89
2.47
0.53
0.69
-2.2
-3.53
0.87
-1.44
-1.13
-0.14
2.92
2.11
1.14
-0.17
0.66
-1.74
-0.6
0.07
-3.13
-3.41
2.41
-3.76
-0.24
-2.34
1.98
-1.52
1.36
3.24
-0.76
3.6
-1.67
-2.27
-0.07
1.06
-1.92
1.96
-1.24
0.55
1.2
2.02
3.77
0.12
1.89
3.06
2.95
-2.28
-0.15
3.66
-1.98
-0.38
0.21
3.42
-2.2
-2.31
-1.79
-1.25
-2.1
-3.63
-3.72
-1.04
-0.84
1.84
-1.63
-0.03
2.07
3.46
-2.33
3.92
2.79
-1.89
0.46
2.44
2.48
-2.52
1.62
3.47
2.38
-1.75
-1.61
0.56
-0.36
-3.05
3.87
0.54
2.66
2.26
1.6
-2.4
2.7
0.81
-2.83
-0.9
-1.47
-2.92
1.48
-1.65
2.87
3.71
-1.48
-0.97
3.34
0.57
3.25
-1.47
2.04
2.12
1.98
1.15
1.28
-2.84
-1.95
