-2
-1.09
2.13
-1.21
-1.37
3.93
3.76
-2.09
3.91
-1.88
3.9
-3.24
3.24
-0.33
-3.29
2.77
4
-0.74
1.77
2.2
3.31
-1.98
0.33
1
1.65
-2.96
0.51
3.96
4
0.8
3.38
3.89
1.74
1.77
1.8
-2.24
-3.35
-0.96
2.86
1.72
-2.6
1.87
0.6
1.62
-0.92
3.37
0.54
3.51
-1.21
1.31
-2.4
3.41
0.92
-2.59
-1.54
-0.41
-3.19
-2.6
0.88
1.23
1.56
2.76
-2.16
0.17
-0.7
-2.31
0.01
-3.58
2.84
-0.94
-0.49
0.66
0.13
-1.88
3.42
2.32
-0.49
0.2
1.81
-3.76
2.33
-3.68
1.93
3.02
0.31
1.85
3.82
1.84
1.31
-0.21
0
-3.15
2.23
2.52
-2.39
2.21
2.25
-3.15
0.87
2.83
2.52
-1.52
-2.81
1.7
1.1
-1.73
-0.42
-0.17
1.73
2.13
1.69
-0.6
1.05
0.67
1.09
-0.58
-3.18
-3.72
0.98
0.67
0.73
-0.36
