-8
3.41
-1.02
-3.33
1.79
-2.92
-2.13
-3.57
2.23
-2.1
-1.43
1.1
-3.87
-1.11
-0.55
1.07
-1.72
-3.6
-0.32
2.09
-2.31
-1.97
-2.51
1.66
-1.59
1.9
2.64
2.34
-1.3
-0.67
-2.33
-0.58
-1.11
3.24
1.05
-0.32
2.11
-3.42
0.76
2.42
3.8
-2.67
-2.28
-0.56
0.16
0.55
3.51
-3.09
-1.31
-3.57
1.9
2.86
2.99
-2.54
-2.24
-1.23
2.72
2.53
3.12
1.31
-1.16
-1.25
-2.85
-0.05
-2.2
1.32
-3.98
-3.24
1.84
2.12
1.55
1.13
-3.55
-1.55
3.95
-1.23
0.45
3.1
-2.5
3.26
0.59
1.73
-2.76
-1.44
1.91
-2.55
0.44
3.98
2.87
0.17
3.14
-1.79
-0.2
-0.71
-0.32
1.61
-2.95
0.68
2.95
-2.32
1.3
-0.93
1.96
2.3
3
-3.23
1.87
0.77
0.39
-0.47
-2.33
-2.28
-1.62
-1.86
0.81
-2.94
-2.5
-4
-1.65
-1.45
1.89
0.24
