-2
2.99
-2.08
-1.36
2.76
3.04
3.65
0.56
-1.6
-3.74
-0.92
0.43
2.38
-0.29
3.62
-1.73
3.37
3.99
3.29
-3.63
-1.45
-0.2
2.09
-3.33
0.49
-3.7
0.83
-3
-0.34
2.62
2.37
0.86
3.18
2.98
-0.16
-3.65
-1.08
-2.1
-0.93
2.35
-1.47
-2.91
-2.7
2.55
-0.53
-3.97
-3.95
0.4
-2.97
-2.45
2.43
-2.99
0.56
-0.73
1.64
1.39
1.15
3.44
-1.89
0.29
1.12
2.82
-1.34
0.69
1.24
1
0.97
1.45
1.08
-1.01
2.63
-0.96
2.54
0.49
-3.72
2.43
0.97
0.17
-3.06
-3.69
2.27
-0.26
-2.36
-1.01
2.98
2.81
0.39
1.96
1.56
2.91
0.26
-2.05
-1.64
1.63
3.82
-0.95
2.93
1.49
-2.43
2.45
-1.22
0.24
1.79
2.96
2.94
0.02
2.36
0.84
-2.89
1.99
-2.55
-1.13
-1.35
-0.85
0.73
3.2
-3.82
1.79
-3.55
-1.78
-3.94
3.69
