-7
-1.23
0.45
-1.71
-1.21
3.42
3.28
-2.95
1.95
-2.2
-1.16
2.58
1.35
-3.59
-2.82
-1.75
2.52
0.92
2.37
1.69
2.52
0.07
-0.62
1.81
0.56
-2.7
2.36
-3.19
3.62
3.07
-1
-0.85
0.42
-1.44
-2
-2.37
2.86
2.26
-3.03
2.48
-1.29
-0.65
-0.84
3.79
3.58
1.45
-3.97
-3.53
1.59
-0.66
-1.11
-0.21
1.75
-1.01
-1.61
1.39
0.87
2.69
-0.76
3.75
3.83
3.28
-3.05
1.03
0.54
2.94
1.54
-3.09
0.31
-0.84
-1.14
3.04
-2.6
3.34
1.07
-3.4
-1.47
-2.72
-3.19
3.41
3.23
-2.98
-3.04
-3.44
2.04
-3.78
-3.53
1.47
-0.39
2.65
-0.3
-3.83
1.52
3.02
-2.69
-2.98
-2.95
3.26
-0.76
1.35
0.77
-0.89
1.75
3.9
-0.31
0.01
-1.54
-0.38
-3.39
1.04
2.52
3.35
1.83
-3
0.93
-3.32
0.49
2.68
0.74
2.05
-3.5
3.76
