-6
0.58
0.06
-1.31
1.16
2.81
1.7
-2.09
3.34
-2.7
-3.18
-1.06
3.24
-2.72
2.05
2.36
-2.36
-0.74
-0.72
0.09
-1.26
-3.67
-1.86
1
1.12
0.28
-1.64
3.96
0.33
0.46
-3.94
3.24
1.74
1.77
-0.22
-0.94
3.85
-0.96
-1.23
3.05
-2.6
3.36
0.6
-3.95
0.03
2.6
-1.72
0.19
-1.21
-0.84
-2.4
1.62
1.26
2.99
-1.54
-0.41
-1.54
-1.92
-3.4
1.23
-2.86
2.76
0.49
-1.56
-0.86
-2.31
0.01
-1.92
2.84
2.43
3.34
-1.79
-2.66
1.47
2.53
2.51
-0.49
0.2
1.81
-3.95
-0.22
-1.98
1.93
0.46
3.5
1.85
-1.68
0.33
1.74
-0.21
1.81
-3.15
2.23
0.38
-2.39
-2.47
2.25
3.57
0.87
-3.54
-0.9
1.77
-2.81
1.7
1.1
-1.73
1.91
1.54
3.21
0.55
-0.86
-0.6
1.05
1.2
-1.87
3.12
-1.37
1.66
0.3
3.93
-0.04
-0.36
