0
-2.63
2.78
-1
2.31
-3.57
3.85
-0.13
0.48
-2.37
-0.74
-3.95
-2.35
-3.84
2.44
-3.09
-0.12
-0.94
-4
-3.63
3.25
-2.04
3.97
-1.98
-1.47
-0.32
-3.05
-3.94
3.6
-3.38
2.51
0.34
1.7
1.36
2.53
3.6
0.55
1.66
-2.45
1.46
2.54
-1.82
-1.79
3.27
0.7
1.14
1.95
2.66
2.88
3.41
3.83
-2.26
-1.53
0.87
2.3
-2.93
-0.18
-3.22
-1.05
3.65
-1.61
2.63
1.54
3
-1.94
3.68
-1.94
1.32
-3.37
-3.97
2.63
3.76
0.15
-3.2
-0.31
3.61
2.57
3.34
-1.32
-3.58
-2.29
2.51
-2.2
-1.05
-0.76
-1.83
-0.35
3.81
3.23
1.55
3.62
0.82
-3.2
-0.42
0
3.91
2.95
3.14
1.89
3.31
2.77
0.61
2.92
-0.43
-1.33
-1.93
1.46
-2.33
-0.68
-3.88
-3.57
1.79
-1.46
3.43
0.68
1.95
0.47
2.55
-1.01
-1.54
-3.58
1.97
