-8
-2.76
-2.08
2.48
-3.89
0.99
1.12
0.56
-1.6
-3.74
-0.43
0.43
-3.55
-1.51
3.62
3.62
3.37
1.31
-1.34
-2.06
3.89
2.74
-1.37
-3.33
0.49
-1.61
-2
2.13
-0.34
2.62
-3.57
-0.08
1.76
0.04
-0.16
-0.49
-2.93
-2.1
-0.48
2.35
1.2
3.85
-1.66
2.55
-0.53
0.33
-0.68
0.06
-1.09
-3.31
3.07
-2.59
1.78
-0.73
2.29
-1.13
1.3
3.77
0.83
0.36
0.06
0.21
0.01
-1.09
3.84
3.16
-1.2
3.12
1.08
1.79
2.54
-0.96
1.21
-3.84
-0.01
2.43
0.97
0.17
0.79
-0.36
1.19
-0.1
-2.07
-1.01
2.98
-3.9
0.72
1.96
1.56
2.88
0.26
-2.05
-1.64
3.61
-0.28
2.18
2.85
-1.43
-2.43
1.19
-1.22
0.24
-0.72
2.96
-1.94
0.02
2.36
1.92
1.19
1.3
1.47
-3.02
-1.35
-0.85
0.73
3.2
1.52
1.79
-3.55
-2.5
-3.94
3.69
