0
-0.51
-2
-1.71
3.41
0.68
-1.5
-2.95
-0.56
-2.2
-1.16
2.58
-0.16
-2.15
2.06
3.24
-1.81
1.07
3.66
3.76
2.52
2.62
2.77
-3.49
-2.55
-3.53
-3.82
-3.19
-2.85
2.61
-1
-0.85
0.97
-0.93
-0.95
2.73
-3.78
2.26
1.41
-3.68
-1.83
-0.54
-0.84
1.05
3.58
1.45
-3.97
-1.41
-2.09
-0.66
0.29
-0.21
1.75
0.9
-2.32
1.39
-3.91
2.91
-0.76
-3.81
-0.99
3.28
-2.62
0.97
-3.29
2.94
1.54
-3.39
-1.15
0.88
-1.14
-0.99
2.57
2.3
-0.82
-3.4
0.14
2.44
2.87
1.68
-0.73
1.69
1.41
2.8
2.04
2.55
-2.59
1.47
1.38
0.87
-2.01
-0.29
1.52
3.02
-3.48
1.16
-3.5
3.26
-0.76
-1.21
2.62
-2.01
-3.69
-3.95
3
0.01
-1.54
-1.73
-1.78
1.04
0.13
-1.68
0.13
0.48
-1.77
3.23
0.49
0.49
3.83
3.11
0.31
2.52
