-3
-0.31
1.25
0.9
-3.62
1.44
1.82
-3.04
-1.45
-3.08
0.44
-1.89
1.86
0.53
-0.64
-3.64
-3.53
-3.42
-1.68
-1.13
-0.14
2.92
-3.81
2.6
-0.17
0.66
-2.5
0.12
0.07
-1.18
3.52
-3.64
-3.41
-1.02
-2.34
0.44
-3
1.36
2.74
2.14
3.6
1.48
1.91
1.76
-2.36
-3.08
2.81
0.59
-0.76
1.35
-3.84
-3.19
-3.17
-1.77
3.06
2.14
-0.4
-0.15
3.66
-1.98
-0.38
0.21
-2.84
-2.2
2.28
2.29
-1.25
1.68
2.39
-3.96
0.83
-2.2
1.84
-3.33
-0.12
-1.66
-0.88
1.87
3.29
0.33
-2.9
-0.44
-3.77
-3.18
-0.99
1.62
3.2
1.75
-2.92
-1.61
0.56
0.64
3.34
-1.16
1.14
3.33
-1.08
-0.33
-2.4
-0.91
0.81
0.71
-0.9
3.86
2.8
3.05
-2
2.81
3.61
-0.76
-3.35
-3.39
0.57
3.25
2.96
0.34
2.12
1.98
1.15
1.28
-2.84
-2.75
