-6
3.56
0.06
-1.21
-1.37
1.34
1.7
0.04
-2.53
-3.59
3.15
-1.05
3.24
-0.67
3.68
1.36
1.26
1.83
-0.67
0.06
-1.6
-3.67
-3.55
1.76
1.06
0.28
-1.64
-1.92
1.72
1.91
2.02
0.74
-1.71
1.77
2.23
-0.96
-3.35
-0.92
-3.9
1.87
-2.6
3.36
0.6
0.47
0.16
2.6
2.75
3.51
-1.21
-0.84
-2.4
3.41
0.92
2.99
3.46
-0.41
-1.54
-2.63
-3.4
3.66
1.56
-0.8
-3.79
-1.56
-0.7
-2.31
0.01
-3.03
2.84
0.08
-0.49
-1.83
-2.66
1.47
2.09
2.32
-0.49
-3.2
-3.07
1.09
2.27
-2.42
-3.4
3.02
0.31
3.38
-1.68
-3.75
1.31
3.15
0
-0.72
2.23
0.38
2.11
2.21
-0.9
2.99
0.87
2.71
0.3
3.25
-2.81
1.7
-0.73
3.44
2.07
-2.5
1.73
-2.67
3.44
-0.6
2.08
1.39
-2.68
-1.32
-1.37
-3.72
0.42
0.67
-0.04
2.17
