-8
1.71
0.18
-0.2
1.79
-1.26
-0.38
-2.79
-3.98
-3.15
-1.43
1.1
-1.08
1.1
-0.25
1.07
1.71
1.3
-0.32
2.09
2.21
1.09
-1.71
1.66
-3.01
-0.94
2.64
2.34
-1.3
-0.23
-2.33
1.34
-1.11
-2.3
1.05
-0.32
-0.31
-1.87
3.73
1.04
1.69
1.67
-3.81
-0.56
0.16
-2.24
-2.64
-3.09
-3.65
-0.51
1.9
0.22
2.76
-2.54
-2.24
0.85
0.22
2.53
3.12
0.18
-1.16
-0.58
3.52
0.39
1.37
3.9
0.36
-0.49
1.84
2.12
1.55
1.13
0.17
-2.64
3.95
1.18
0.16
1.61
-1.27
2.05
-2.3
1.73
-1.05
-1.44
3.43
-2.55
0.44
-1.03
-2.32
0.17
-3.21
3.16
-0.2
1.54
-1.81
1.61
-2.95
0.11
-3.64
0.26
-3.89
-3.95
0.12
0.74
-0.56
2.56
3.47
1.4
-3.28
-1.25
0.31
-3.71
-1.62
-1.86
-0.12
-0.46
-2.5
-4
-3.49
-1.91
1.89
-0.2
