0
1.43
-3.4
-1
-3.53
-0.23
-2.54
-0.13
3.69
-3.66
-0.74
-0.07
0.69
3.7
-0.68
-1.6
-0.12
-0.38
-4
1.58
-3.81
3.87
0.3
-0.37
-3.44
-3.55
-1.81
2.58
-0.44
-3.38
3.57
1.94
-2.87
-0.68
2.53
1.51
1.43
1.66
3.47
1.46
2.54
2.71
-2.34
0.52
-1.65
3.64
-1.07
-1.95
2.88
3.19
3.08
-2.03
-2.68
-2.21
2.3
3.64
-0.05
-1.6
1.21
2.99
-1.61
3.32
-0.26
-3.6
-1.94
-1.8
-0.86
1.32
-3.54
-3.97
3.51
-2.54
0.15
3.98
-0.25
1.34
2.19
-2.83
-1.43
-3.58
-1.7
2.51
-2.2
0.15
1.07
-2.64
2.52
2.41
-2.15
-1.06
0.38
0.91
3.84
-0.42
0
0.09
1.32
3.14
3.57
-0.68
2.77
0.61
3.18
3.27
-1.2
-1.93
2.51
0.97
-0.16
3.18
3.25
-2.77
-1.6
3.47
-1.67
-0.94
-2.93
-0.19
1.46
0.45
-3.58
-2.22
