-9
-1.79
0.58
1.67
-3.62
-2.94
-2.69
-3.04
-2.49
-3.08
0.44
-1.25
2.47
-0.3
2.97
-1.1
-3.53
-2.85
-1.68
-1.13
0.92
2.75
-3.62
1.14
-0.17
-2.57
-1.74
-0.95
0.07
-1.18
-3.41
2.41
-3.76
-2.37
-2.34
-0.53
-0.08
2.13
3.24
-0.76
1.7
-1.67
2.57
-2.11
-2.15
-3.08
1.96
-1.24
-1.22
2.63
-3.48
3.77
0.12
-2.04
3.08
2.14
-2.28
3.57
3.66
-1.98
0.59
-0.92
3.4
-0.38
0.32
3.21
-2.55
1.68
-0.77
-3.47
-1.93
1.7
-0.82
-1.63
-0.03
-1.66
-0.88
-2.33
3.92
0.33
2.72
3.28
-3.77
-3.18
2.25
1.62
-0.42
1.75
-2.92
-1.61
0.56
0.64
1.11
2.07
3.63
2.66
-1.08
-0.33
2.2
-1.75
0.81
-2.83
-3.68
-1.47
-2.92
3.05
-1.65
2.87
3.61
-0.76
-0.97
1.14
0.25
0.65
3.28
3.16
0.68
1.98
1.78
-0.51
-0.63
-2.25
