-7
-2.31
-1.91
3.58
0.76
-1.76
-2.77
-1.48
-1.53
2.15
-1.5
2.22
3.8
-0.93
-2.3
1.87
0.81
2.99
0.13
-2.28
2.23
2.59
2.87
0.77
-2.09
2.56
-1.3
2.4
0.52
2.74
-3.28
-2.29
3.93
0.37
-0.4
1.05
0.09
-3.08
-2.23
-2.92
-3.85
2.44
0.87
-3.42
-0.58
-0.25
-0.05
0.63
-2.63
2.5
0.59
2.19
2.85
-1.46
2.7
-0.05
-1.18
1.33
1.66
2.21
3.55
-1.17
2.01
-0.26
1.43
-3.21
2.29
-0.58
3.48
0.65
-2.23
-0.12
1.22
-0.96
-2.43
3.8
-2.29
2.29
-2.66
2.17
-1.4
2.07
1.02
2.02
-1.86
-1.47
-1.14
1.39
1.68
3.66
-1.78
2.77
-0.74
-0.44
-2.47
1.32
-3.58
-2.87
-0.84
-1.37
1.47
-3.48
1.15
0.72
0.72
-3.29
-3.04
-0.2
-3.03
2.9
-1.77
0.54
-0.01
3.5
-0.4
-2.53
1.82
3.99
-2.41
-1.11
1.93
-3.1
