-3
3.83
-1.58
-0.99
-3.39
-2.35
-2.49
0.26
3.37
-3.43
-0.88
2.71
-3.31
-1.93
-3.08
-3.7
-2.7
-2.57
-2.43
3.06
0.41
2.78
1.42
1.69
-1.23
-0.23
3.96
-3.95
3.51
-3.56
3.55
-3.74
0.7
0.56
-1.22
1.32
-1.71
-2.3
-3.9
3.31
-1.71
0.71
3.54
-2.34
-2.59
1.28
2.8
-2.47
-3.45
1.52
2.69
-3.84
-2.68
2.88
0.49
2.98
-1.59
0.74
-3.76
0.85
-2.3
-2.55
0.76
2.93
-2.98
-1.14
-1.99
0.14
3.3
-0.4
2.01
3.6
-2.68
-1.74
0.76
3.7
3.25
-0.25
0.27
1.5
0.97
2.43
3.51
-2.01
-2.25
3.39
2.94
1.83
-3.94
-0.19
-1.09
1.56
-2.54
-0.75
1.61
-3.16
3.96
-3.4
-3.36
2.56
-0.74
-1.34
-1.77
0.95
3.51
3.1
2.84
3.07
-1.89
0.79
3.74
2.66
-3.53
-1.26
3.88
-0.73
-2.06
-1.23
1.18
-2.36
-0.08
0.19
