0
-0.57
-1.64
-0.66
-3.32
-1.99
3.47
3.98
1.8
-2.15
2.58
3.69
-3.66
3.69
0.61
-0.28
2.18
3.94
3.71
0.73
-2.55
0.63
2.31
1.99
2.51
3.79
2.49
3.04
-2.74
-0.9
3.43
3.2
-0.43
3.89
-3.62
3.82
-3.74
3.13
-0.7
1
-2.69
2.85
-3.42
3.12
-0.43
1.42
2.59
2.04
-1.02
-0.04
1.59
3.97
0.09
0.38
-2.04
-1.22
1.12
0.38
0.83
-3.1
-0.48
-3.58
2.71
-1.31
-1.57
3.38
0.12
-3.55
3.3
0.79
-0.54
3.06
0.64
-1.29
-0.59
-1.39
0.04
3.2
-1.59
-2.91
-2.8
-3.56
0.06
1.31
1.52
3.46
-0.89
3.2
1.93
1.61
-1.31
-0.12
-1.71
-1.61
-2.53
-3.12
-3.87
1.9
0.69
0.2
-2.7
2.13
2.75
2.19
-3.5
2.53
-0.67
-2.62
-3.04
3.35
2.74
1.93
-2.04
-0.26
3.7
-0.92
0.37
-2.6
1.17
-1.02
0.27
0.93
