-8
-1.09
0.06
-1.21
-1.37
3.93
3.76
-1.85
3.91
-1.88
3.9
-3.24
1.74
-2.95
3.68
2.77
1.26
-0.74
-0.72
2.2
1.51
-1.71
0.33
1
1.06
-3.74
-1.64
-1.92
0.33
1.67
1.32
-2.18
1.74
0.76
-2.6
-1.17
-3.35
-0.92
2.86
1.72
-1.48
1.87
0.6
1.62
0.03
2.6
0.54
0.19
-1.21
0.39
0.49
-1.69
-3.03
2.99
-1.54
-0.41
1.03
-2.6
0.88
-1.53
1.56
2.76
-0.44
0.15
2.44
-1.39
0.01
-3.03
2.84
-0.94
-3.65
-1.79
0.13
0.24
3.42
3.58
-0.49
0.2
1.81
1.09
2.27
-3.68
2.83
0.09
3.17
-0.28
-1.87
-3.75
1.31
3.15
0
-3.91
2.23
2.52
-2.39
-2.35
0.08
-3.15
0.87
-3.54
-0.9
3.72
1.58
-2.67
-0.27
-1.73
1.91
-0.17
1.73
-2.67
-0.86
-2.35
-1.55
0.8
-1.87
-0.58
-1.37
1.66
0.98
0.67
0.73
-0.36
