-5
0.8
3.64
1.26
-3.62
-3.04
1.82
-3.04
2.33
-3.08
3.33
1.11
2.47
0.06
0.69
3.81
-3.95
0.87
-1.44
-1.13
1.79
-0.11
-0.44
-0.59
2.41
-2.57
-1.74
-0.19
2.31
0.65
-3.41
3.7
-3.76
-1.36
-1.91
0.4
-0.08
2.06
2.74
-0.76
-0.41
0.77
2.57
2.62
1.22
-1.92
-0.45
-1.24
1.38
1.2
-3.91
3.77
2.15
-2.14
3.08
2.95
-2.28
3.57
-2.93
-1.98
-0.38
-2.91
3.4
-0.38
2.28
3.21
-1.25
-2.1
-3.63
-3.96
-1.93
1.7
-0.72
-1.63
-0.03
-0.55
3.46
-2.33
-3.95
-3.27
-1.89
3.28
2.44
-1.11
-0.99
2.9
-1.15
-2.51
-1.75
-2.45
3.17
1.1
1.11
2.07
0.58
-1.38
2.26
-2.26
0.1
-1.75
0.81
-3.58
-0.9
1.33
0.56
1.48
-1.65
2.87
3.71
-1.48
-3.35
-0.14
0.25
0.65
3.28
2.04
0.68
-3.02
0.45
0.44
-2.84
1.45
