-7
3.78
0.17
-2.29
-1.39
-0.57
2.48
-1.86
-2.58
1.01
0.6
2.98
3.18
-2.98
3.11
-2.75
-0.15
-2.13
-2.68
3.38
-0.99
3.64
-2.72
1.41
0.33
2.76
-2.69
0.08
-3.98
-2.64
3.93
-3.46
-3.72
0.46
0.53
-1.84
-1.07
3.75
2.98
-1.66
3.21
-0.59
-1.8
-3.52
3.89
0.78
3.64
-2.65
1.05
-2.15
-0.9
-2.76
1.74
2.08
-0.75
-1.01
2.49
2.77
1.38
-0.15
-1.89
-1.61
-1.89
-3.94
1.08
0.06
2.7
-1.29
0.49
0.95
2.33
0.1
-1.11
2.98
-3.83
3.61
1.44
-3.2
1.52
3.56
3.13
3.97
3.04
2.17
2.26
2.69
-1.2
-1.8
-2.79
-2.47
-0.33
0.16
-1.64
-0.88
-3.78
0.81
-2.71
-1.87
-0.6
-0.17
2.09
0.92
0.86
-3.9
-0.48
3.01
2.35
2.76
1.91
-0.35
1.56
1.69
-2.76
1.83
0.73
-1.85
-0.64
-0.06
-2.19
2.4
-2.75
0.49
-2.5
-1.04
-2.72
-1.84
-2.27
3.78
2.76
-0.64
2.31
-0.7
1.4
-2.32
-2.54
-1.79
-0.9
2.94
-1.35
3.25
-3.67
0.04
0.3
1.56
-0.03
1.99
-1.09
0.54
2.4
2.07
-2.55
1.35
-3.68
1
-1.43
-2.4
-0.59
-2.1
2.83
-2.64
1.27
2.58
-4
-1.46
1.34
-1.74
-3.72
3.57
0.36
-1.49
3.06
0.43
-2.71
-1.44
2.07
1.22
-3.82
-0.05
2.99
-0.7
3.25
1.19
-2.63
-3.31
-2.1
-3.04
-1.03
-3.6
3.11
3.87
2.8
-2.8
-3.89
-2.72
-2.02
-2.24
0.03
-2.25
-3.78
-2.29
1.7
-0.65
-3.83
-0.12
3.02
1.03
0.05
1.77
2.94
1.36
-2.59
3.47
-1.09
-0.48
-1.89
-3.93
1.2
3.31
-3.37
0.37
3.29
3.88
-3.55
0.5
-0.28
1.85
0.31
-4
-3.43
0.3
-2.81
2.44
-0.28
1.28
1.6
-0.1
1.02
1.49
-2.32
0.88
0.92
1.2
-2.54
-2.25
2.45
3.34
2.3
0.59
3.18
-2.1
0.57
0.72
-2.89
-0.15
-1.58
1.82
-1.11
-0.32
-3.84
-2.84
-3.29
0.04
1.2
-1.37
0.16
-1.02
-0.26
1.63
1.93
2.22
-0.94
3.71
1.63
-0.24
3.46
-1.91
2.42
2.71
2.05
0.38
3.56
3.73
-3.17
2.67
3.74
0.47
1.32
3.88
-1.14
3.78
-3
-2.67
1.32
-3.48
0.16
-3.13
-4
2.83
1.59
-0.53
-0.41
-3.33
2.66
-3.05
2.85
0.86
3.1
1.36
0.39
-3.68
3.41
0.19
1.63
-0.21
-2.4
-3.01
-0.8
2.53
-1.1
3.7
1.67
-0.13
-1.24
2.15
1.22
-2.28
-1.61
1.11
3.61
2.59
-1.92
3.59
-2.89
-1.42
-3.22
2.89
-2.94
3.88
3.83
-1.12
1.37
3.97
-0.52
-1.47
-3.63
0.81
-0.29
-2.47
2.92
-0.84
1.67
-2.52
-0.07
1.89
1.81
3.73
1.91
-3.5
-0.26
1.12
-1.54
-2.02
1.75
1.81
2.25
3.83
-0.92
-0.96
-1
-1.29
3.93
-0.67
2.71
-3.98
-1.68
1.7
-3.61
-3.78
1.78
-3.6
2.02
-3.15
2.19
0.44
-3.09
-3.4
-0.35
-0.78
0.78
-2.94
-3.03
-3.45
0.14
-1.3
-3.59
-0.61
-1.79
1.67
0.29
-3.46
-2.27
-3.34
2.54
0.21
-0.76
-1.66
-1.22
-0.09
-0.44
-3.9
3.33
1.69
-1.27
-0.67
3.11
-2.39
-0.2
-2.7
0.9
1.65
0.17
3.86
2.27
-2.07
-2.27
3.37
3.2
0
3.61
2.94
-0.51
-1.28
-0.06
1.23
2.68
1.35
-1.68
-2.02
-2.81
2.58
1.83
3.75
3.66
0.68
-2.27
-0.71
1.83
-3.2
-0.4
2.8
3.59
-3.1
-3.23
2.64
0.37
-2.13
-1.6
0.6
-1.53
-0.12
-0.85
2.78
0.3
0.63
0.61
0.6
-2.26
1.5
0.65
-2.25
3.3
-2.19
-3.89
2.33
3.83
0.43
-3.81
-2.41
-3.81
2.45
-2.47
2.39
-3.6
-3.19
3.35
-1.42
-2.05
1.3
-3.14
0.81
-1.05
1.72
3.52
1.32
-0.57
3.05
-0.55
-0.97
-3.94
1.13
-2.46
-3.67
0.15
-2.16
3.51
1.78
-3.21
-1.55
2.82
3.95
-2.32
-3.19
0.4
0.02
-1.66
0.76
2.37
-0.51
1.28
-1.97
-1.35
0.45
0.64
3.85
2.8
-2.43
-1.7
-1.21
-1.11
-3.23
-3.02
1.16
-2.48
-0.93
0.9
-2.8
-1.76
2.56
-2.7
-2.43
-2.21
3.51
2.48
-3.08
-0.88
-1.86
-2.69
-0.51
-1.02
2.68
-3.33
3.97
1.76
2.04
-1.52
1.1
-0.31
0.3
-0.96
1.93
-0.53
2.01
3.56
2.04
2.96
0.52
3.29
-2.67
3.13
-2.87
-1.49
3.82
-1.82
-0.3
-3.77
-0.86
1.97
-0.28
0.72
0.66
-3.74
2.81
3.82
0.22
-3.9
-2.98
3.4
-0.51
-3.42
3.8
1.51
1.94
-0.49
-0.62
2.11
-0.22
3.96
-3.56
-2.04
2.61
-1.14
3.99
0.36
-2.16
0.16
-3.14
1.78
-1.94
1.8
3.35
3.14
3.98
3.58
2.39
1.67
0.67
2.2
-0.67
1.94
1.94
1.12
-0.2
-3.25
3.34
-0.38
0.58
0.3
2.8
1.6
0.45
-0.81
1.53
-2.24
2.12
-2.21
-3.73
-1.56
1.97
-3.94
3.24
-0.76
1.34
1.69
-2.76
-3.34
1.54
2.36
1.13
1.72
-2.57
1.59
0.62
-1.5
0.02
-2.52
3.07
3.24
1.03
2.22
3.59
0.57
2.99
0.47
-2.66
0.15
-2.4
2.22
-2.55
0.59
1.39
-1.78
-3.78
-0.73
2.71
-1.3
3.79
2.11
3.51
2.67
2.09
2.22
3.18
-2.92
0.16
2.86
2.57
-0.98
1.74
0.64
-1.27
-2.96
1.42
3.76
-3.53
-1.33
0.26
-3.14
0.34
1.09
3.06
3.32
0.9
-3.47
-3.68
3.22
1.37
-2.65
-0.2
-2.69
-2.31
-3.05
3.73
2.37
-3.87
-2.64
1.4
1.9
-3.69
-1.52
1.59
2.59
-3.53
0.82
-2.14
0.34
0.81
-3.53
-1.21
0.03
2.45
2.92
-2.24
-1.58
3.62
2.77
-2.69
2.64
-3.25
0.94
-2.51
1.22
3.23
0.43
-1.05
-2.23
-2.68
3.06
3.63
3.12
1.28
2.36
-3.45
-2.15
3.51
-3.53
2.85
-3.92
2.68
-0.01
-1.59
0.9
2.56
3.77
-1.13
-1.23
3.2
1.3
2.75
-2.64
-3.95
2.76
1.14
-0.63
-3.01
-3.64
3.36
0.05
-2.14
-3.92
-0.99
1.75
-3.16
-0.32
2.76
-3.92
2.37
3.91
-1.08
3.14
3.93
-2.77
3.97
0.77
-1.48
0.59
2.67
3.47
-2.44
-3.83
-1.42
0.03
-3.7
2.26
3.06
2.52
-2.78
1.19
-3.14
3.14
-2.89
-1.21
2.22
2.59
-3.03
0.66
0.05
-1.12
-3
-1.22
0.41
3.29
-1.62
3.61
-2.56
2.82
2.79
-3.63
-3.16
0.41
-2.3
3.9
-1.51
-2.31
1.5
2.99
1.45
-1.41
0.62
-3.77
2.87
-2.82
3.05
-0.22
2.03
1.13
-0.99
-2.62
-0.21
1.87
-3.47
-0.22
2.46
2.78
-0.23
-0.7
-2.36
-3.31
0.82
-3.77
3.73
-3.15
0.34
0.46
1.44
-2.78
-3.7
0.53
-2.92
-2.01
3.22
-2.54
2.26
-3.24
-0.09
-0.77
-3.77
2.61
-2.42
0.31
-0.19
1.41
0.58
-1.02
-0.13
1.92
-2.57
-0.29
1.92
-1.8
1.35
0.76
1.78
0.38
-3.49
2.02
0.84
-1.41
2.34
0.8
0.83
2.49
-3.71
-2.2
2.65
3.08
1.53
1.69
-1.13
-3.47
-0.94
-0.96
3.11
-3.49
0.43
-1.68
0.27
-2.64
-3.41
3.52
3.8
0.59
2.61
2.89
0.65
-1.54
-0.31
-2.13
-3.75
1.89
2.39
1.65
-3.74
0.79
3.48
1.33
1.12
-1.23
0.33
0.79
-3.61
-0.26
-3.17
1.39
3.14
-1.69
1.65
1.27
3.96
2.2
-2.26
-0.52
-2
2.82
1.01
-3.76
3.88
-2.6
1.16
0.19
-0.61
-0.35
1.44
0.98
-1.86
1.41
-1.23
-1.68
-2.97
3.11
1.2
-2.5
1.03
-0.2
3.13
0.05
-0.25
-2.78
3.75
-1.66
0.81
2.43
-2.08
-1.94
0.15
-1.09
-0.35
-2.55
3.79
3.24
1.45
-0.28
1.61
-3.87
-2.6
0.74
2.31
-0.14
-0.76
-2.28
3.54
-0.67
0.23
-3.15
-3.01
-3.76
2.45
2.2
3.69
-3.05
0.49
2.65
-2.35
-1.18
3.38
0.97
-2.27
-0.63
-3.17
3.24
-2.24
-2.69
-1.47
-2.2
-2.35
-2.52
-0.11
0.89
-1.6
-1.61
1.75
3.9
1.99
2.02
-1.2
-2.52
-1.81
-2.93
-2.94
-0.09
0.46
1.46
-2.24
2.83
-1.26
2.81
-1.94
-1.22
-3.25
0.43
-1
-1.07
-0.97
0
3.97
2.23
-3.21
-1.58
3.2
3.52
0.35
-2.45
-0.2
1.29
-0.8
0.6
-3.34
-0.36
-3.98
1.9
-1.23
-3.34
-1.7
0.93
-1.23
0.31
3.56
-0.3
3.07
-1.15
3.43
-2.9
0.13
1.97
3.39
-1.18
0.86
-2.02
2.05
0.58
-3.31
3.77
-2.13
-2.45
3.56
-1.09
-2.35
0.47
-0.37
2.14
2.14
2.42
-1.24
-1.14
-2.34
-1.66
-3.38
2.11
-2.77
-0.34
2.67
1.09
-0.64
0.35
-3.91
-0.76
1.42
1.83
1.9
-3.62
3.74
2.68
1.59
-0.55
1.2
-1
2.79
-3.25
1.37
3.87
-1.35
-0.92
-3.93
-3.08
0.71
-3
2.35
-2.73
0.31
1.05
-1.81
2.76
-3.26
-1.61
1.91
-0.39
0.41
1.52
-2.54
0.32
1.49
-0.18
2.57
-0.76
2.41
3.46
-3.17
3.31
1.67
2.66
-0.45
3.88
-3.27
-2.63
-2.99
-0.41
1.01
-1.56
3.65
3.09
0.9
0.15
-2.48
-3.15
2.2
-3.03
1.94
-0.81
1.55
-2.41
2.6
-2.73
3.29
-2.95
-1.62
2.83
0.52
0.84
-1.48
1.25
-3.83
3.04
-0.4
1.65
-2.51
-1.69
2.03
3.38
-2.62
-1.68
2.6
-2.03
1.88
-1.63
3.42
-2.67
-1.7
1.72
1.05
1.43
-2.48
1.64
-2.24
0.07
-3.94
-1.72
-3.42
3.68
3
-1.82
3.07
-3.83
3.93
-1.61
2.92
1.86
-3.46
-0.12
3.37
-0.12
-1.05
2.56
-2.19
-0.78
-1.01
0.62
-0.61
0.92
-2.37
-2.96
0.53
2.81
3.79
1.09
-0.27
-1.47
1.27
3.54
1.59
3.21
-2.27
2.35
-3.63
3.2
-0.75
2.43
-1.95
-0.51
-0.54
-2.44
-3.22
2.43
2.35
-2.84
-1.52
-1.04
-0.18
2.55
-2.92
-0.56
2.9
-0.33
2.05
1.95
1.66
-3.74
-3.62
-1.17
2.67
0.39
-3.42
-2.99
2.3
-3.85
-1.85
0.6
2.19
-1.39
3.98
0.57
-1.43
3.91
-2.54
-3.93
-3.74
2.11
-3.55
2.62
-1.4
-3.24
2.71
2.73
2.45
-1.86
-3.69
2.06
-3.7
-1.57
-2.46
-1.02
2.04
3.22
0.83
3.08
-3.03
3.77
-3.87
2.2
3.02
1.89
0.78
-2.79
2.58
0.51
-3.14
2.99
-1.79
1.97
1.69
3.56
3.82
-2.24
-3.78
1.9
1.68
-2.14
-1.44
0.15
3.84
0.09
0.29
-0.24
-2.93
0.99
2.53
-0.64
-0.92
-1.62
3.1
-3.51
1.97
-1.75
3.61
0.72
-0.01
1.5
-3.85
-2.06
-2.72
-2.68
-0.15
-1.67
0.74
-2.01
-0.84
0.27
2.99
2.93
-2.61
3.12
1.2
-0.02
2.37
-1.07
-2.41
-2.98
-3.87
-2.42
1.98
1.5
-0.09
3.83
2.88
1.19
-2.42
1.57
-1.84
-0.49
-2.1
-3.83
-2.3
-3.38
-1.13
2.51
-3.76
-2.04
3.02
3.08
-2.18
-1.74
0.38
0.15
-3.01
3.98
-0.7
-2.01
-0.11
0.67
-0.87
-1.03
1.36
2.57
-0.04
-0.22
1.42
0.02
-0.55
3.56
-3.59
1.6
-1.89
-0.52
1.03
-2.79
1.41
0.57
-2.89
3.86
-1.31
3.63
-2
-2.95
3.77
-0.28
-2.88
3.77
2.84
2.9
-2.11
3.6
-2.32
1.49
-3.63
2.94
-1.19
-0.86
0.66
3.1
-2.91
0.22
2.51
3.47
2.67
0.23
-3.86
-3.1
3.13
3.78
-1.43
2.73
-3.13
0.03
-2.02
-0.49
-3.03
0.31
2.81
-3.76
-1.35
1.66
1.19
0.56
1.66
-3.18
-0.08
0.62
-0.9
2.1
2.41
-1.73
3.92
-1.98
2.76
2.47
-2.88
-1.47
-1.62
-0.47
-0.43
-3.78
-3.36
3.07
0.33
-0.84
2.72
1.65
-0.5
0.87
1.97
2.51
0.33
0.42
0.44
-0.56
3.04
-2.05
-2.2
1.85
-3.69
-0.47
1.8
-2.98
-2.63
-3.71
2.82
2.86
1.27
-0.48
-1.61
2.44
-2.08
-0.73
0.67
-1.57
1.02
2.13
-3.77
-1.5
-1.9
2.27
-2.89
2.24
-3.87
3.9
1.95
-0.51
1.58
-0.68
3.44
3.17
-3.27
0.54
-0.78
-3.96
-1.57
3.62
1.69
0.03
0.35
3.86
-3.63
3.99
-1.52
3.53
0.59
-2.95
3.75
-1.99
2.43
-3.09
-2.28
3.31
-0.26
-1.96
-1.59
3.56
-3.11
-2.53
-1.65
-0.68
-2.72
-2.05
0.09
-0.78
1.7
1.38
-3.95
0.63
4
1.41
-3.57
0.2
2.16
-1.75
1.89
-2.87
-0.24
-3.4
-0.69
0.89
-0.26
-0.43
0.9
2.53
1.45
-2.57
-3.21
-2.83
1.64
-1.12
2.72
0.22
-2.32
-2.98
2.58
2.43
-0.1
3.27
-2.17
3.21
-3
-0.88
-1.99
-2.98
-3.53
1.52
-2.85
-2.51
0.15
-2.72
-0.21
-3.71
2.17
1.47
3.58
1.71
1.05
1.57
1.77
0.27
0.59
2.88
3
1.12
2.69
0.22
-1.48
1.13
-0.32
3.47
1.23
0.5
2.78
0.1
-0.12
-3.38
-2.45
-0.12
2.05
3.94
-3.73
3.31
1.03
0.35
3.09
2.42
2.05
0.21
-2.56
-3.14
-2.62
2.34
-2.5
1.56
-1.38
-1.87
0.13
0.89
-1.67
0.26
-1
0.02
1.82
0.69
0.05
3.3
-2.48
-1.94
-2.42
2.96
0.15
-2.84
3.52
