-2
-0.01
1.29
-2.15
-1.36
2.04
-3.73
2.17
2.31
-0.31
-1.19
2.08
2.9
-1
-2.79
-2.52
-2.26
0.49
0.66
-2.45
-2.22
0.93
0.26
-2.51
-3.67
-3.71
3.79
0.89
-0.01
-1.38
-1.52
0.71
-3.79
2.82
-0.33
-2.44
1.33
-3.72
-2.51
2.86
-1.95
2.1
0.69
-3.67
-1
2.61
1.15
0.3
-3.7
-3.42
3.84
-1.53
3.5
3.62
1.73
-3.1
3.74
-0.2
-2.49
-1.66
2.26
-0.62
-1.82
-0.31
-2.8
2.1
1.87
-3.92
3.34
3.66
0.15
-2.54
-1
1.81
3.5
-0.31
-3.76
-0.07
2.49
-2.28
-0.85
-0.52
0.59
-0.6
-1.22
-3.99
1.22
-3.41
-2.92
-1.24
-2.17
-2.47
2.77
3.15
-3.4
2.68
-0.08
-3
3.13
0.91
-3.26
1.07
0.97
-3.35
0.43
2.38
3.48
-2.32
-3.88
-1.96
-3.34
-0.2
1.31
3.8
3.2
-1.23
2.8
2.78
-3.1
-2.81
-3.13
1.28
3.01
0.57
1.82
-1.39
-1.3
-0.15
1.2
-3.19
3.77
3.24
0.8
-2.43
-3.02
2.08
2.52
-0.07
2.97
0.41
-3.47
-0.46
-3.53
3.04
-1.9
2.03
0.22
2.98
3.96
1.84
3.89
1.15
-3.9
1.94
0.03
-0.54
2.06
-3.6
-1.17
-2.18
-0.32
-0.38
0.48
3.31
-1.73
-2.58
3.01
-0.27
2.82
-2.89
0.25
-1.14
3.81
0.49
-3.35
1.34
0.8
3.97
-1.54
3.8
2.39
-0.27
-0.1
3.37
-3.08
-1.38
3.14
2.87
1.55
1.52
-3.98
2.11
-2.91
1.15
-3.27
0.92
3.06
-2.84
0.76
-3.32
3.03
-3.51
-3.85
2.84
-2.42
1.03
1.34
-0.39
1.28
2.7
2.67
2.09
1.95
-0.96
-0.57
3.96
3.73
1.12
2.38
3.66
-1.71
-3.87
2.19
-2.71
-2.91
2.14
-2.24
-1.34
-0.24
-0.26
2.29
-0.36
-0.79
-2.22
-3.24
1.9
-0.43
1.06
1.79
-0.1
1.29
-0.47
-2.41
2.85
2.86
-2.07
-3.84
2.05
-2.29
-3.23
1.19
-2.07
-1.22
1.11
2.4
2.89
-1.7
2.87
1.75
-0.56
-0.74
-1.33
3.85
-2.46
-3.59
-0.98
-1.12
0.16
-1.72
1.53
0.38
-1.33
3.34
-1.52
-1.64
2.77
2.55
3.34
-1.56
3.16
1.97
-0.29
-3.06
-1.02
2.55
0.35
-3.15
2.1
-0.61
-2.13
-0.4
0.7
3.31
-1.66
-3.36
-1.39
-0.32
-3.95
2.44
-0.17
3.05
0.01
-0.23
0.19
0.39
-1.48
-1.4
-3.7
-1.26
3.63
-3.66
-1.04
0.43
2.59
1.47
3.55
-2.27
0.86
-1.01
0.06
-1.83
0.78
-3.23
-3.6
-2.07
3.69
-0.64
0.99
-2.17
3.75
-0.92
2.5
-3.1
2.61
-3.89
-2.04
3.95
0.76
2.59
0.02
-2.25
-3.46
-0.64
-0.24
-2.47
-3.37
-3.73
-3.29
0.87
-2.91
-3.12
2.83
1.06
-1.63
-2.34
-1.74
-0.77
-0.64
-1.74
0.71
3.17
1.61
2.47
-1.01
0.55
-2.16
-1.94
1.82
2.48
-0.5
3.6
0.97
2.27
2.97
-1.69
-2.38
-2.58
1.02
2.88
-2.71
3.41
-1.36
-3.89
-3.26
2.86
0.26
-2.57
2.53
0.95
1.85
2.74
0.58
-1.5
-2.12
0.86
0.14
-1.93
-3.64
3.21
3.69
2.58
-1.55
-1.76
-2.63
-2.51
-0.08
-3.45
2.1
-3.94
-3.97
-3.16
2.21
0.49
-3.04
1.31
0.52
1.49
1.73
0.13
-3.71
-3.59
-0.46
-3.13
-3.38
0.76
-0.98
-1.53
0.39
-1.89
2.18
3.55
-2.95
1.81
3.2
-1.28
0.95
-3.6
2.75
3.25
-1.06
-0.3
-0.66
2.47
0.91
1.01
-3.47
-3.91
-2.47
0.57
-3.67
2.66
0.35
0.23
2.92
3.28
-0.96
-2.43
-2.39
0.61
2.48
-2.56
0.17
-0.02
-2.11
-3.52
3.79
-3.61
1.29
2.25
-3.65
0.12
2.74
2.49
-2.81
0.59
1.07
1.08
-0.03
-0.39
0.23
-1.08
-3.07
3.82
-2.23
3.52
-0.8
0.83
2.9
3.93
3.69
-0.63
2.79
-1.86
-3.24
-2.5
3.53
3.36
0.57
0.43
1.23
-3.87
-1.19
-0.71
0.22
0.22
3.92
1.86
-0.96
-1.68
-1.8
1.96
1.61
2
-3.63
-0.44
-3.5
0.36
-1.79
-1.63
1.28
-1.04
-2.5
1.37
2.57
0.98
1.33
0.6
1.72
3.69
1.07
1.71
-3.5
3.55
2.39
0.09
-3.9
1.65
-0.41
1.55
3.61
1.35
-2.22
0.57
1.72
-2.28
1.77
-3.22
-2.24
1.2
-3.01
-0.83
1.15
-1.8
3.15
-1.73
2.64
1.44
0.73
3.24
2.9
-0.69
-3.87
-0.65
1.26
0.5
1.46
2.07
3.62
0.29
-0.55
-1.15
-3.24
0.67
-1.24
3.94
-2.83
0.93
3.65
0.84
3.22
0.54
-1.16
-3.48
2.7
-2.11
-3.44
2.3
-3.61
0.12
1.46
-1.33
-3.08
0.36
2.65
0.3
1.21
2.44
3.32
-2.79
0.26
3.7
-2.83
1.48
-2.25
2.14
-1.59
-3.53
3.45
3.22
-2.91
-2.29
1.79
3.89
-3.98
-1.65
-3.54
3.62
0.66
-0.64
-0.06
3.16
1.68
-0.5
2.83
-3.22
-2.07
0.41
2.02
2.47
-1.27
-1.26
1.61
2.44
-3.43
3.52
-0.63
1.37
2.77
-3.45
3.49
-3.92
2.86
-2.82
-0.98
-0.26
0.88
-2.97
0.33
0.29
-0.17
1.59
-2.23
-0.05
1.27
1.1
-1.98
1.68
2.65
-3.04
0.21
2.01
-1.55
-3.02
0.48
2.36
0.11
3.36
3.31
-3.5
2.99
-0.9
-3.16
0.1
-0.12
-0.14
-3.7
0.49
-3.53
-0.91
-0.09
-3.11
-3.93
-2.27
-1.37
1.14
-3.04
-2.35
-2.84
-0.52
1.5
1.69
2.73
1.81
0.35
-2.53
1.64
1.88
0.7
0.66
3.64
1.52
-2.27
-0.18
1.31
-3.27
0.74
1.68
-3.93
-2.59
0.8
1.53
1.2
-0.45
1.06
-0.69
1.93
-3.28
2.35
3.35
1.4
-1.55
2.2
-0.17
-0.99
-2.7
0.37
-0.96
3.75
-1.59
2.23
-1.57
3.8
-0.18
-0.55
2.39
3.17
0.26
0.42
-2.1
-3.61
-0.72
-2.42
3.75
2.68
3.97
-3.51
-0.83
-3.25
-2.96
-0.45
0.91
3.53
1.36
3.27
1.18
3.33
1.9
-3.19
0.01
0.36
-2.3
1.94
1.67
-0.81
-1.64
1.74
-2.62
-3.91
2.67
0.15
-2.33
0.3
0.44
2.95
-1.89
-3.13
2.45
1.15
-0.96
-3.19
-2.8
-1.71
2.71
2.86
-2.69
-1.1
-1.56
0.56
2.28
3.07
-2.74
-0.55
-3.59
1.55
2.7
1.35
-0.08
0.55
0.32
-1.77
3.11
-0.93
-1.92
0.9
-2.12
-3.4
-0.91
2.41
1.15
0.31
-3.12
-3.25
1.77
-0.8
-0.84
3.41
3.24
2.81
-2.12
3.47
-0.7
0.83
-2.18
3.61
-1.12
2.22
-0.12
2.9
-3.75
0.77
0.95
-2.11
-3.17
-3.2
-2.3
2.13
-3.8
-2.2
0.98
-3.3
3.82
0.03
3.41
-2.04
2.19
-3.49
1.68
1.22
-1.61
3.29
2.12
1.12
-1.33
0.86
2.94
-1.72
-2.75
-1.52
-1.99
-0.34
0.73
0.2
2.16
-3.62
3.36
2.99
3.93
0.96
-2.51
1.04
3.21
1.43
-2.18
-2.83
3.65
3.27
1.42
3.87
-2.59
-1.63
-3.46
2.66
0.51
-3.04
2.66
3.84
3.23
-0.03
-2.13
3.43
0.87
1.72
3.8
-2.68
-0.02
-0.39
1.88
3.03
-1.4
3.2
-3.41
-3.29
-0.27
1.36
-3.92
-3.32
-0.71
-2.51
1.21
3.67
0.86
-2.61
-2.93
3.64
-0.89
2.07
3.7
1.19
-2.28
3.53
3.77
-0.05
-0.92
-1.93
-3.84
-2.52
1.63
-3.51
1.2
0.03
-2.61
2.4
1.26
-1.78
-2.22
3.83
-1.07
3.16
-3.12
1.97
0.55
1.73
2.77
-1.79
-1.43
-0.52
0.65
-3.84
2.21
1.91
-0.08
-3.31
1.3
-0.92
3.44
0.64
1.63
-2.35
1.19
2.6
-0.94
-1.21
0.3
-2.83
2.28
2.46
0.13
2.85
1.85
-0.71
-0.87
-3.46
0.3
-0.24
-1.03
-1.97
1.18
-3.13
3.51
0.68
0.84
1.47
-1.72
3.29
-3.9
-3.31
-2.91
-1.82
-1.22
1.14
-1.81
-2.73
-2.04
-1.71
-1.09
-2.25
-2.58
1.59
-0.06
0.11
3.35
1.8
-1.69
-1.08
-1.22
-0.62
0.4
-2.46
-3.9
1.4
3.46
0.76
-1.85
-3.49
-2.25
1.59
-3.5
1.01
-2.94
1.58
1.36
-2.05
0.07
-3.3
-2.91
-2.14
2.58
-2
-3.16
-2.78
-3.4
3.6
0.94
-0.6
1.33
3.04
-0.85
3.37
0.51
0.73
0.3
3.56
-1.93
1.38
1.69
1.44
3.12
-2.55
-3.47
1.32
-2.76
0.41
0.53
2.36
2.75
1.4
-2.27
-2.4
-2.17
-3.09
0.81
-1.61
-3.31
2.88
0.79
3.87
3.83
2.76
-0.82
-1.28
-1.57
-2.86
-3.5
0.34
-2.72
1.81
3.88
2.69
-0.98
-0.34
-1.26
1.13
-2.53
-0.47
3.98
0.2
-0.93
2.58
0.65
3.94
1.31
-2.45
1.54
-0.41
3.92
-2.09
2.87
-0.81
-3.41
1.82
1.61
-3.64
2.27
1.82
-1.11
-3.9
-0.09
-3.82
1.08
-3.07
1.52
-0.96
2.59
2.17
2.18
3.68
-3.08
1.17
2.9
-3.41
0.8
-2.76
-1.9
-0.76
1.42
-3.12
-0.39
0.91
0.42
3.38
2.95
0.69
2.1
1.21
2.06
-1.62
2.86
-0.35
-3.37
3.88
-3.72
-1.12
-2.5
-0.29
-1.58
-1.74
-1.04
3.37
1.42
-3.76
-3.01
-2.3
0.29
4
-2.98
0.36
2.26
-0.97
-3.6
-2
0.49
3
-0.24
1.7
-2.01
-3.17
0.95
-2.62
-3.89
-0.2
-3.19
1.27
0.53
3.03
-3.69
-2.09
3.75
2.39
-3.18
-0.85
1.92
0.24
3.5
0.18
2.39
1.25
-3.61
2.1
0.19
-2.31
0.12
-0.17
-0.75
2.64
-0.61
-2.72
3.13
-0.2
-2.28
-2.41
1.32
-2.42
3.26
-2.39
3.43
-0.27
1.17
1.27
3.69
3.11
0.62
3.87
-1.79
1.25
0.08
-3.75
3.51
3.59
3.32
0.75
-3.57
2.85
1.2
2.43
3.68
0.99
-1.99
1.9
-0.37
3.03
-1.21
-0.06
0.67
3.24
1.84
0.34
0.99
1.88
0.75
-1.35
-3.93
-0.88
2.42
1.08
1.07
0.26
-2.38
2.01
-1.45
-0.87
-2.22
3.54
0.48
0.97
-2.85
2.47
0.39
-3.17
-2.07
-1.57
-2.29
3.28
-2.37
-3.35
0.31
-3.32
-0.81
-1.03
3.42
3.75
-0.73
-2.38
-1.17
0.66
0.68
1.32
-3.58
-3.89
-2.65
-0.58
-0.63
0
-0.66
-3.5
1.24
-0.74
3.46
3.7
2.08
3.37
3.96
0.15
-0.06
-1.69
-3.06
-3.21
-2.52
1.76
-3.23
0.39
-2.94
2.65
2.6
-1.19
3.87
-3.84
0.71
3.82
-3.71
-0.17
2.04
0.27
3.48
2.52
3.07
1.72
-0.07
-2.87
-0.58
-2.95
-2.78
-0.5
0.89
-3.96
3.79
3.12
1.68
-3.49
-0.28
-0.12
-0.17
-1.33
3.35
0.97
-1.64
0.72
1.41
-3.47
-3.37
1.08
2.56
3.64
3.4
-1.75
-2.67
-0.32
0.68
1.43
-0.75
-0.77
0.87
-3.66
-1.66
3.72
-0.84
1.57
-2.25
2.56
-0.98
-3.25
-1.52
0.19
0.1
0.42
-4
-0.63
0.93
-1.5
0.15
-1.65
-3.7
-0.6
-3.5
2.34
-1.5
-2.42
0.1
-1.36
2.71
0.11
-1.57
-3.75
1.27
-3.51
3.01
-0.52
-3.67
3.63
-2.19
0.8
-1.04
2.86
1.52
3.89
-1.4
-1.64
-0.46
-1.02
-1.76
1.96
2.76
-1.82
-2.73
-3.1
-1.08
-2.53
3.85
0
1.22
-2.43
-2.54
3.12
3.85
2.91
2.32
-1.77
2.92
-0.4
1.42
0.52
-0.96
1.3
-3.31
3.36
3.39
-2.55
1.88
-3.38
-0.26
-3.87
2.05
-2.88
-3.61
-3.25
1.36
-3.75
2.98
0.37
1.58
1.54
-0.36
0.33
-1.59
-3.77
-0.67
-0.15
3.01
2.61
-2.44
-3.63
-0.56
3.95
1.56
1.73
-1.08
-2.55
-2.52
-2.08
-2.49
-2.54
-0.41
3.23
-3.74
1.08
-0.47
-3.66
2.72
3.1
-2.45
2.06
-0.75
-1.45
2.02
3.88
-3.12
2.72
-1.11
-3.55
0.02
-0.47
-1.56
3.27
3.06
-0.64
0.69
2.1
-0.44
-1.33
1.83
-0.1
2.78
1.06
-1.15
0.11
-2.06
0.41
0.06
1.34
0.7
-1.02
1.14
3.92
1.05
-0.5
1.12
-3.11
-2.08
1.69
0.85
0.21
2.57
-2.98
1.9
1.99
3.02
0.32
-3.84
0.9
-3.62
1.44
0.79
0.04
-2.74
1.66
3.29
2.2
3.71
-2.1
1.93
0.47
-1.35
1.55
-0.25
-2.97
2.39
-1.47
-1.79
-0.45
2.25
-0.2
0.17
1.88
1.83
-2.39
1.33
1.75
3.16
0.86
1.1
1.62
0.25
3.16
0.95
3.27
2.2
-2.91
2.65
3.4
0.22
2.93
-2.81
-3.98
3.76
-3.63
-2.44
-2.99
1.28
0.86
3.61
0.49
-1.89
0.61
2.66
0.58
-2.74
2.92
2.22
3.66
-3.68
-2.46
3.04
-1.16
0.81
-3.69
-3.79
-0.51
-3.4
0.49
-1.16
1.29
-0.12
-1.19
3.34
3.32
-1.39
0.15
2.12
1.45
-3.95
0.32
-3.54
-1.7
1.26
-3.4
-0.49
3.64
-3.5
-3.64
2.01
3.29
-1.12
3
3.08
-1.33
3.89
2.35
-0.79
3.45
-3.85
2.07
-3.59
-3.21
-1.98
-1.69
-3.39
3.3
1.27
3.34
-2.03
1.12
-3.21
-3.23
3.6
0
-2.93
0.74
1.58
0.21
0.8
-3.42
-1.01
-3.77
2.48
-0.45
-1.59
0.88
-0.26
0.67
3.44
0.26
-3.06
2.68
1.29
-2.02
-0.09
3.68
-3.73
-1.05
4
0.22
-1.64
-2.84
2.4
-3.11
2.49
-1.9
3.4
-0.93
-2.41
-0.85
-3.24
3
-1.36
3.58
-0.92
-3.83
-1.69
2.47
3.9
-0.27
-0.45
-3.4
