-2
3.56
-3.8
-1.21
1.16
2.81
-0.4
-2.09
3.34
2.5
-2.42
1.13
2.19
-2.72
-3.29
3.18
4
-0.74
-0.72
2.2
1.44
2.22
3.71
-2.03
1.12
0.4
1.67
3.96
0.33
-3.22
-3.17
3.89
-1.01
-2.61
-0.22
-1.17
3.85
-0.96
-2.17
-0.35
1.18
1.87
0.6
-1.46
-0.92
-3.31
-1.72
-3.97
-1.21
1.31
0.49
-1.69
1.26
-2.59
-2.5
4
1.03
-1.92
3.11
1.23
-2.86
-0.36
-2.16
0.17
-0.86
-2.31
-1.86
-3.58
2.84
0.46
2.51
-1.79
-1.96
-1.88
-0.32
0.92
2.4
0.91
1.81
0.42
1.38
-1.98
1.93
0.46
1.49
1.76
3.82
3.36
-1.45
-0.21
3.9
-3.91
-2.05
0.38
2.11
-1.28
2.25
3.74
3.19
-1.53
2.63
0.88
-2.81
1.57
1.1
-1.73
-0.42
-0.17
1.11
-0.37
1.69
2.55
1.05
0.67
-0.89
3.12
-1.37
2.81
2.69
-3.32
-2.13
-0.36
