-10
2.25
-0.27
-1.36
-2.47
2.82
3.65
-0.62
-2.81
0.23
2.64
-1.84
-3.77
-0.29
3.62
1.17
3.01
0.66
-2.04
-2.06
3.89
1.46
2.48
3.97
-2.26
1.18
-2
0.56
-3.47
-1.26
2.37
-0.08
2.86
3.11
-3.63
-3.65
2.54
0.35
-0.48
2.35
-1.47
3.85
-1.66
0.43
-0.53
2.1
-0.79
-2.91
-1.09
-3.31
3.07
-2.14
1.78
-3.11
2.29
1.84
-3.36
3.77
1.73
0.36
-1.02
2.76
-1.26
-2.88
-2.81
3.16
-0.69
-4
-0.66
1.79
2.63
2.44
1.21
-3.07
3.42
0.89
-0.89
0.17
0.79
1.48
2.27
0.99
-2.36
3.79
-0.68
-3.9
2.15
1.96
2.49
0.33
0.36
3.17
2.25
3.17
3.82
3.44
1.11
0.88
1.37
0.93
3.79
-0.79
1.75
2.96
-1
2.31
-2.8
-3.51
-2.52
-2.61
3.76
0.47
-0.11
-1.92
-2.42
1.99
-2.56
-1.21
1.8
-1.78
-3.94
3.69
