-5
0.84
-3.95
-0.43
1.71
-3.42
-3.53
1.38
1.21
-0.21
-2.2
0.88
1.11
-2.88
1.57
-0.96
2.4
2.33
1.27
1.06
-2.86
-3.33
0.97
1.33
-2.17
-1.99
0.83
0.56
-3.3
1.14
3.46
2.96
1.09
-1.17
2.6
3.91
2.27
3.33
-1.73
2.27
-0.63
-1.86
-3.71
-3.54
-3.05
-1.19
-1.39
2.86
-3.3
1.44
2.79
0.32
-1.11
-2.73
3.28
3.38
3.88
-1.28
2.82
1.38
0.4
2.51
0.68
-0.72
-3.52
3.7
-0.48
-2.81
-2.44
-1.92
0.78
0.18
1.33
3.01
0.97
3.01
0.25
-2.14
-0.12
2.86
-2.89
-2.59
0.45
-2.23
2.36
1.17
-3.31
2.52
-0.45
-1.54
-3.97
-2.23
-3.49
0.89
-3.89
-2
1.46
1.01
-2.12
-0.77
-0.97
-0.74
-3.14
1.42
2.69
1.22
-0.42
2.39
3.61
1.07
-0.88
1.61
2.85
2.64
-1.05
-1.01
2.87
-1.09
-2.3
0.06
3.09
3.27
