-3
-3.19
2.07
3.86
0.2
1.6
1.57
-3.1
3.14
-2.11
-2.58
2.95
-3.15
-0.95
1.99
0.52
0.79
1.02
-2.96
-1.54
0.47
1.18
0.58
-0.75
-1.11
1.61
2.03
1.37
1.46
1.92
-2.66
-0.86
-0.08
1.43
-0.96
3.19
3.83
0.42
3.23
-0.53
-3.86
-0.17
2.44
-2.02
-0.47
0.94
2.94
-3.02
-3.75
-3.43
0.9
-3.23
0.83
3.72
-3.18
-3.95
-0.24
-1.18
0.96
2.59
3.57
2.78
-0.55
-2.78
2.48
2.28
-0.04
-0.57
2.65
1.87
1.46
-0.32
-1.09
-3.2
-1.98
-1.04
-0.51
2.72
-0.2
1.95
2.68
-0.49
-2.68
0.88
-3.01
-1.36
-2.04
0.2
3.28
-0.84
-2.82
0.05
-1.65
2.59
3.49
-2.64
-3.62
1.22
3.84
-2.72
-2.1
-2.65
-2.56
3.21
-3.21
-2.78
-0.55
-0.4
-0.72
1.92
-2.69
-3.32
-0.89
-0.12
1.72
-0.43
-0.24
2.57
-3.95
0.69
-3.32
-2.82
