-2
-2.3
1.25
0.9
-0.46
1.44
2.13
-3.04
2.68
-3.08
1.77
-1.89
1.86
1.17
0.69
-3.64
3.37
-1.98
3.65
2.38
2.6
2.92
2.11
1.69
-0.17
0.66
3.29
-0.95
-3.92
-3.13
-1.36
2.51
-3.41
-1.02
3.5
0.44
-3
1.36
2.74
2.14
1.7
0.77
0.1
-0.88
-2.58
-1.07
2.81
0.59
-0.76
1.2
-3.91
-3.19
-3.17
1.89
1.04
2.19
-0.4
3.57
-2.93
2.88
-0.06
0.21
-3.13
1.8
-2.49
2.29
3.82
-1.9
-2.52
-3.72
-1.04
-0.71
-0.72
-2.04
2.29
-2.17
0.57
3.4
3.29
2.79
2.47
-0.44
0.68
-1.11
-1.14
1.53
1.68
-2.96
1.95
1.34
3.87
-1.09
-1.67
-1.82
1.14
3.33
-0.11
1.81
-1.41
-0.8
2.18
0.71
-0.9
2.08
-1.76
0.8
3.97
2.78
2.41
2.43
0.12
1.14
0.57
3.25
1.78
-3.63
0.05
1.98
-1.06
-0.01
3.1
-3.96
