-3
3.31
1.99
-2.16
-2.3
4
-2.13
3.87
2.23
-3.15
-1.5
-3.92
-3.84
-1.11
-0.6
-1.52
1.71
1.3
-2.05
-2.32
3.41
1.29
-3.68
0.48
-1.18
1.9
1.03
-3.43
-2.87
-0.67
2.25
-0.45
1.83
1.29
1.05
-2.66
-1.89
0.64
-3.63
2.42
3.8
-3.12
1.39
-0.56
-3.37
-1.39
-3.18
3.45
1.14
3.36
3.49
-2.94
2.99
1.12
0.31
-3.55
-0.78
0.1
0.78
1.08
0.06
-2.71
-3.49
-0.05
3.68
2.95
3.28
0.82
1.84
2.87
-2.54
1.13
-3.55
-1.18
3.64
-1.23
0.45
0.05
-0.16
-1.55
-0.21
3.75
-0.56
-2.23
1.43
-1.42
0.11
3.98
-1.48
0.6
3.14
1.72
-3.12
-0.71
1.62
1.61
-3.19
-2.02
-3.03
1.08
-0.66
-1.32
-2.4
2.3
-0.56
-3.23
-3.39
-1.83
-0.85
2.06
-0.08
3.17
1.19
-0.29
-2.72
-2.94
1.86
2.07
-3.93
-1.38
-1.17
-0.98
