-2
-1.05
-3.62
3.86
0.2
-1.94
2.98
-3.1
3.79
-1.6
-2.58
2.71
-3.15
0.47
-3.6
-0.45
-3.31
1.02
3.86
-1.54
0.47
1.1
-2.35
2.17
-3.3
1.61
-2.87
1.37
-0.42
-0.84
0.77
-0.86
-1.39
0.19
0.16
3.19
-2.38
3.65
3.23
2.7
-2.98
-2.97
-3.87
3.76
-0.47
0.84
2.94
-3.28
-1.9
-1.81
0.92
-0.41
-3.06
3.72
1.28
-2.63
-0.24
-2.86
0.96
-0.96
-3.84
-0.31
3.54
1.47
0.38
-0.69
1.22
1.59
-3.7
1.87
-3.57
0.08
0.32
-3.49
3.13
-0.98
-0.51
-3.21
-0.2
1.95
2.68
0.36
-2.68
3.17
2.88
-1.36
-2.04
2.57
0.07
-0.84
-2.83
-1.38
1.25
-3.08
2.69
1.62
-1.37
2.14
3.84
-0.03
3.84
-2.65
3.96
-2.41
3.32
-2.78
-3.83
-0.4
0.25
3.37
-3.2
-2.34
-2.65
2.09
1.87
-0.43
-1.92
2.57
-3.78
-2.06
-2.54
-3
