-5
2.89
-1.76
1.8
-0.84
1.07
-3.53
0.95
-1.95
2.13
-2.2
0.88
1.11
0.48
1.68
-0.36
-2.68
2.33
0.06
-0.48
-3.13
-3.33
-2.05
1.33
-0.18
2.99
0.47
3.7
0.97
0.25
3.46
-3.01
0.6
-1.17
3.56
2.44
0.87
-1.21
1.59
-1.2
-2.58
-3.34
2.25
0.55
-2.55
-1.19
-2.74
3.18
-0.8
-1.58
3.58
-2.49
-0.68
-2.73
-1.93
3.38
3.88
-1.28
2.82
0.17
-1.24
-2.98
-3.99
-2.15
3.92
-1.6
-0.25
2
-2.44
2.6
-2.25
-3.26
1.33
3.01
2.94
3.01
-1.37
-2.14
-0.12
-1.25
-3.26
-2.59
0.45
-2.36
-1.19
1.17
2.01
2.52
1.03
-3.82
1.43
-1.05
-3.49
-1.68
-1.48
-2
-3.6
1.01
-2.38
2.33
-1.65
-1.95
3.25
1.42
-1.68
-0.82
-0.41
2.39
-0.94
2.55
-1.77
-0.69
2.85
-3.59
-1.05
-1.01
2.87
-1.09
-1.15
0.28
3.09
2.79
