-3
-0.22
-3.4
1.15
2.68
-2.6
-0.26
0.09
2.67
-3.66
1.22
0.38
2.92
-3.28
-0.68
-3.28
-3.64
1.87
-4
0.81
3.25
3.87
3.97
-1.98
-3.44
-1.31
-1.67
-2.85
-2.82
-3.38
-2.98
-3.71
-2.87
-2.31
-2.62
1.51
2.5
1.66
-0.33
1.46
2.9
-3.28
0.05
-3.38
-1.65
-1.23
0.1
-3.28
2.88
0.44
3.08
2.53
-2.24
-3.28
2.3
3.64
-0.18
-1.6
1.21
2.99
-1.61
1.64
-1.84
3
-0.9
0.42
-1.06
0.73
-2.45
-3.97
0.26
-3.62
-0.21
-2.55
1.41
-0.14
2.19
3.34
-1.32
-2.99
3.45
0.05
-1.22
-3.88
-1.28
0.91
2.52
0.98
-3.51
-1.06
3.62
1.51
-3.2
-2.45
2.75
-0.18
2.95
3.14
1.3
-2.11
2.77
0.61
-0.58
3.27
-1.58
-1.81
2.51
-2.51
-1.43
-3.88
3.64
-2.77
-1.6
-2.09
0.68
-0.25
-2.93
2.55
1.46
1.16
3.76
-0.17
