-2
-1.05
1.06
3.3
0.2
-1.94
2.98
-3.1
3.79
3.08
-3.07
2.95
-3.15
0.47
1.06
-0.45
-3.31
1.02
3.86
-1.54
0.47
1.1
0.58
2.17
-3.3
1.61
1.33
1.37
-0.42
-1.69
2.03
-0.86
-0.06
0.19
0.16
3.19
-2.38
3.65
3.23
2.7
-2.98
-2.97
-3.87
2.55
-0.47
0.84
2.94
-3.02
-2.19
-1.81
0.92
-0.41
-3.06
3.72
-3.18
-2.63
2.18
-0.23
0.96
-0.96
-4
3.22
-0.55
1.47
0.38
2.28
1.22
1.59
-3.7
1.87
-3.57
-0.32
-1.09
-3.49
3.13
-3.42
-0.51
-3.21
-0.2
1.95
2.68
0.36
-2.68
3.17
2.88
-1.36
-2.04
2.57
3.28
-0.84
-2.3
3.71
1.25
-3.08
-3.6
1.62
-1.37
1.22
3.84
-2.72
3.84
-2.65
3.96
-2.41
-2.04
-2.78
-3.83
-0.4
0.25
3.37
-3.2
-2.34
-2.65
2.09
1.87
-0.43
-1.92
2.57
-3.78
0.3
-2.54
-3
