-4
1.43
-3.4
1.15
2.31
-0.23
0.96
0.09
2.67
-2.4
1.22
0.38
0.69
-3.84
-0.68
2.25
-0.91
-0.82
-4
0.81
3.25
3.87
3.97
-0.37
-3.44
-1.31
-1.67
-2.85
-2.82
-1.45
3.57
-3.71
-2.87
-1.56
-2.62
1.51
-1.75
0.56
0.87
1.94
2.9
2.97
-2.48
0.52
-1.65
-3.81
0.1
-3.28
2.88
-2.95
-2.51
2.53
-1.53
-3.28
-2.53
3.64
-0.05
0.98
1.21
2.99
-2.16
3.11
-1.84
-3.6
-0.9
-1.85
-1.83
0.96
-2.45
-3.79
0.26
-2.54
-0.21
-3.2
2.62
0.93
-3.56
3.13
-1.67
-1.66
-3
0.05
-1.22
-3.88
-1.28
0.91
2.52
1.29
3.23
-0.73
0.38
1.7
-3.76
-0.42
2.75
-0.82
-3.86
3.14
1.3
-1.81
-0.74
2.04
-1.73
-3.9
-1.58
2.47
2.51
-2.51
-1.43
0.25
-3.57
-2.77
-1.6
-2.09
0.68
-1.76
0.84
2.55
1.46
2.33
3.76
-0.36
