-5
-1.79
3.64
1.26
-1.29
-2.46
-0.1
-1.45
2.68
-1.44
1.77
-1.25
1.86
0.06
0.69
1.99
-3.53
-0.69
-0.63
2.38
-3.97
2.75
-3.62
1.69
-0.17
-2.57
3.22
-0.95
0.07
0.65
3.52
-3.64
-1.71
-1.02
-2.12
-0.53
-1.52
2.65
3.24
-2.58
1.7
-1.67
0.1
-0.88
-2.58
-3.08
-0.45
1.94
-0.76
2.63
2.02
-3.19
-3.17
1.89
3.06
-1.85
-2.28
1.74
1.68
-1.98
-0.06
-0.92
-2.84
-0.38
0.32
2.29
1.85
1.68
1.68
-3.72
-1.93
-2.2
-1.29
-2.5
-0.03
2.07
0.69
3.84
3.92
-3.27
2.72
-0.44
-3.77
-3.18
2.69
1.53
-2.38
-2.96
-1.75
-2.45
0.26
0.64
-3.05
2.07
3.63
2.66
2.26
-0.33
2.2
-0.91
-0.88
-3.58
-3.68
-1.47
-2.92
0.8
-1.65
-2.42
-3.37
2.43
-2.05
1.14
0.25
0.65
3.28
0.28
0.05
1.98
-1.06
-0.51
2.84
-2.25
