-10
-2.76
1.71
-1.36
3.55
3.04
3.17
-0.62
-1.6
0.23
-1.88
0.43
-3.66
0.27
-2.4
-1.73
-3.97
0.66
-2.04
2.52
-1.6
1.46
2.09
-3.33
-2.26
1.18
1.72
0.56
-3.36
2.14
0.83
-2.94
3.18
0.04
-3.63
-3.65
-2.93
0.35
-1.01
-2.26
-0.83
-2.91
-1.66
2.55
0.84
-0.94
-0.68
-1.92
-0.48
-2.94
-1.55
2.14
-1.59
-2.38
1.64
-1.31
-2.42
2.93
1.73
0.29
-1.02
2.82
-1.26
-2.88
1.33
3.6
0.97
-0.54
-2.48
2.1
2.54
3.68
2.54
-1.59
1.2
-3.67
0.97
2.79
-3.01
-0.36
3.53
-0.26
-2.36
3.96
-0.68
2.59
0.87
1.96
2.49
3.31
2.08
2.78
-1.66
0.55
3.82
1.65
1.11
-1.43
-2.43
0.93
-1.19
-0.79
-0.72
2.96
-2.92
2.31
2.36
-3.51
-2.52
1.99
1.72
2.56
-1.93
0.63
0.73
3.44
0.88
-2.04
1.8
2.65
-0.41
3.69
