-1
3.79
-2.08
-1.38
-3.89
3.04
3.17
-0.62
2.2
0.23
2.64
0.43
2.38
0.27
3.62
-1.73
3.01
3.99
3.29
2.52
-1.45
1.46
2.2
-3.33
-2.26
1.18
1.72
-2.96
-0.34
2.62
2.37
-2.94
3.18
0.04
-3.63
0.13
-2.93
0.35
-0.93
-2.26
-1.47
-2.91
-1.66
-0.72
0.84
-0.94
-0.68
0.06
-0.48
-2.45
-1.55
2.14
0.56
1.84
2.29
-1.31
1.15
2.93
1.73
0.29
-1.02
3.99
-1.26
-2.88
-1.47
3.6
-1.2
-0.54
1.08
2.1
2.54
3.68
2.54
-1.59
-0.01
2.43
0.97
0.17
-3.01
1.48
2.27
-0.26
-2.36
-0.46
-0.68
2.59
0.72
3.22
2.49
3.31
2.08
2.78
-1.66
0.55
3.82
1.65
2.93
1.49
1.29
-0.87
-1.19
2.84
-0.72
0.45
-1.94
0.02
2.36
-3.51
0.73
-2.61
1.72
2.56
-1.93
0.63
0.73
3.2
0.88
-4
1.8
-2.5
-0.41
3.69
