-2
1.43
-3.13
-1
0.02
-0.23
-0.5
-0.13
0.48
-3.66
1.22
0.38
-2.35
-3.84
0.97
2.25
-0.12
-0.82
-4
0.81
3.25
-1.02
3.97
-0.37
-3.44
-1.31
-3.05
-2.85
-2.82
-3.38
2.51
0.34
-2.87
-1.56
2.53
1.51
2.5
0.56
0.87
1.94
2.9
2.97
-1.79
-2.11
-1.65
-3.81
0.1
3.68
2.88
3.19
3.08
2.53
1.08
-3.28
-2.53
0.05
-0.05
-1.6
2.42
2.99
-1.61
2.54
-1.84
-3.6
-0.9
-1.85
-1.83
0.96
-0.8
-3.79
0.26
3.76
0.15
-2.55
2.62
3.61
2.57
3.34
-1.67
-1.66
-3
0.05
-1.42
-1.05
-1.28
-0.09
2.52
0.98
1.41
3.94
3.39
-2
-3.76
-0.42
3.04
-0.18
2.95
-1.99
1.3
-2.11
3.52
2.04
-1.73
-3.9
-1.58
-3.48
-3.79
0.97
-0.16
-3.88
3.64
0.22
-1.6
-2.09
0.68
-1.76
0.47
2.55
-1.01
0.45
-3.58
-2.22
