-2
3.56
0.06
-1.31
-2.38
2.81
1.7
-2.09
3.91
-3.59
0.69
0.72
3.24
-2.72
3.68
2.77
4
-0.12
-0.72
2.2
3.31
2.23
-3.55
-1.35
1.12
-2.96
-1.64
3.96
-3.93
1.91
3.38
0.74
-1.01
-2.61
-2.6
-0.94
-3.35
-0.92
-1.23
1.87
-2.6
1.87
-2.78
-1.46
-0.92
3.37
2.75
3.51
-1.21
-0.84
-1.19
3.41
-3.14
1.92
-1.31
4
-1.57
-1.92
-2.92
1.23
1.56
2.76
2.62
0.17
4
-2.83
0.01
1.34
1.5
-1.02
-3.11
-1.79
3.75
-1.88
2.53
3.58
-0.49
0.2
-3.07
-1.22
1.38
-2.42
1.93
3.12
3.5
-0.78
-1.68
-3.75
-0.05
-0.21
3.9
2.77
2.68
0.61
-2.39
-1.28
2.25
3.57
0.87
2.71
0.3
1.77
-2.81
1.57
-0.27
-1.73
-0.42
-0.17
1.73
2.13
3.44
-0.6
2.08
1.2
1.09
-0.58
1.71
-1.48
0.98
0.67
-0.22
-0.36
