-5
-1.79
1.25
-1.94
-1.29
1.44
-2.1
-3.04
2.68
-1.44
1.77
-1.25
2.47
0.53
0.69
1.99
-3.53
-3.42
-0.63
2.38
3.71
2.75
2.11
1.69
-0.17
-2.57
-1.74
-0.95
-0.18
-3.25
3.52
-3.64
-1.71
-1.02
-2.12
1.98
-3
2.65
3.24
-0.76
-0.41
-1.67
0.1
-0.07
-2.58
-3.07
-0.45
1.94
-0.76
2.63
2.02
3.77
0.12
1.89
3.06
-1.85
-2.28
1.74
-2.93
-1.98
-0.38
-0.92
-2.84
-0.38
0.32
2.29
-2.55
1.68
1.68
-3.72
-1.04
-2.2
-0.72
-2.04
2.29
-1.66
0.69
3.84
3.92
0.33
2.47
0.46
-3.75
-1.11
2.25
-3.17
3.47
-2.96
-1.75
-1.61
0.26
0.64
-3.05
3.87
0.54
2.66
-1.08
-0.33
-3.69
-0.91
-0.88
-1.86
-3.68
3.86
-3.8
3.56
-1.98
2.82
3.28
-0.76
-3.35
1.14
0.25
3.25
1.78
0.28
0.05
1.98
-1.06
0.44
2.84
-2.25
