-5
2.89
-1.76
3
-0.84
1.07
-3.29
0.95
-1.95
2.13
-0.26
0.88
1.11
0.48
1.68
-3.05
-2.68
2.33
0.06
-0.48
1.39
-0.56
-2.05
-2.8
-2.42
-0.28
0.47
1.1
0.97
2.21
3.46
-3.01
0.6
-1.17
3.56
2.14
0.87
-1.21
1.27
2.27
1.29
3.84
0.55
2.36
-3.05
-1.03
-2.74
0.53
-2.76
-1.58
-3.32
-1.71
2.62
-2.73
-1.93
3.38
3.88
-3.86
1.49
0.17
-0.65
-2.84
-3.99
-0.72
3.92
-1.6
2.62
3.67
-2.44
3.01
0.09
-3.26
0.47
3.97
2.94
3.83
-1.37
2.89
-0.12
-1.25
-3.26
-2.99
0.45
-2.36
3.52
1.08
-2.68
2.52
-0.45
-3.82
-3.97
-1.05
-3.74
-1.68
-1.48
-2.1
-3.6
1.28
-2.38
-0.77
-1.65
2.23
3.9
1.42
2.69
1.22
-1.84
2.39
2.74
-3.67
-1.77
2.02
2.85
-3.59
-1.05
-1.55
2.87
-1.09
-1.15
0.28
-0.49
1.01
