-6
3.56
0.06
-1.31
-1.37
3.93
-0.4
-2.09
3.91
-1.88
3.9
-3.24
2.73
-2.72
3.68
2.77
4
-0.12
-0.67
2.2
3.31
-1.98
-1.86
-3.33
-2.64
-2.96
-1.64
1.44
4
-3.22
-3.17
3.89
-1.01
-2.68
1.8
-0.94
-3.35
-0.92
-1.23
1.87
-2.6
1.87
0.6
0.96
-0.92
2.6
0.54
3.25
0.12
-0.84
-2.4
-0.06
0.92
1.92
-2.5
4
-1.57
-0.38
-3.4
1.23
-2.86
2.76
-3.79
-1.56
-0.7
-3.97
0.01
-3.03
2.67
-1.02
-0.49
-1.79
3.75
1.47
-2.43
2.32
-0.49
-3.2
1.81
-3.76
2.33
-2.42
1.93
3.02
3.5
1.85
-1.68
-3.75
1.31
-0.21
3.9
-2.9
2.23
-3.59
3.66
-1.28
1.15
0.2
-1.59
-3.54
2.52
-2.39
-2.81
1.7
-1.62
3.44
-0.42
-0.17
-0.11
-2.67
3.44
-0.6
1.05
0.67
1.09
1.47
1.71
0.21
0.3
0.67
-1.47
-0.36
