-10
-0.77
1.71
-1.38
-3.89
3.04
3.17
-0.62
-1.6
-3.54
2.64
0.43
2.38
0.27
3.62
-1.73
-3.97
3.99
1.62
-3.63
-1.45
-0.58
2.2
-3.33
-2.26
-3.7
1.72
-3
-3.36
2.62
0.83
0.62
3.18
2.98
3.3
-3.65
-2.93
0.35
-0.48
0.1
-0.83
1.84
-1.66
2.55
-0.53
-0.94
-0.68
-1.92
-2.97
-3.31
3.17
2.14
-1.59
-3.38
2.29
-1.31
1.15
-1.06
1.73
0.29
-1.02
2.82
-1.26
0.69
1.33
1
0.97
3.05
-2.48
-0.28
2.63
-2.75
2.54
-1.59
1.2
-3.67
-0.89
2.79
-3.01
-0.36
1.19
-0.26
3.28
2.03
-0.68
2.59
0.72
2.75
2.49
2.46
-2.97
2.78
-1.66
3.6
3.82
-3.13
2.93
2.81
1.29
3.4
-1.19
0.24
1.79
0.45
-0.98
0.02
3.03
0.42
0.73
1.99
3.94
-1.13
3.24
3.79
0.73
3.2
-3.82
-2.04
-0.46
-2.5
-3.94
3.69
