-2
-0.22
-3.4
1.15
2.31
-2.6
0.96
0.09
2.67
-3.66
1.22
0.38
0.69
-3.28
0.97
2.25
-3.64
1.87
-4
0.81
-0.59
3.87
3.97
-1.98
-3.44
-1.31
-1.67
-2.85
-2.82
-3.38
3.57
1.94
-2.87
1.36
2.53
1.51
-1.75
1.66
-0.33
1.94
2.97
-1.82
-1.79
-0.11
-0.93
-3.81
0.1
-3.28
2.88
3.19
3.08
2.53
-1.53
-3.28
2.3
0.4
-0.05
0.98
1.21
2.99
-1.61
-1.12
-1.84
3
-0.9
3.68
1.06
0.96
-2.45
-3.97
0.26
3.76
-0.21
-2.55
1.41
3.61
-3.56
3.34
-1.67
-3.07
3.45
0.05
-2.2
-3.88
-1.28
0.91
2.52
0.98
-3.5
-1.06
3.39
2.95
-3.2
-0.13
2.75
0.62
2.95
3.14
1.3
-2.11
2.77
0.61
-0.95
3.27
-1.58
-1.81
2.51
-2.51
-1.18
-3.88
3.64
-2.77
-1.6
-2.09
0.68
1.48
-2.93
2.55
1.46
0.45
3.76
-2.22
