-5
-1.9
3.29
1.26
-1.29
1.44
-2.1
-3.04
2.68
-1.44
1.77
-1.89
2.47
0.53
0.69
1.99
3.37
-1.59
-0.63
-1.13
0.92
2.75
-3.62
1.69
-0.17
-2.57
0.36
-1.91
0.07
-1.18
-3.41
-3.64
-1.71
-2.37
-2.34
-1.08
-1.52
2.06
3.24
-0.76
1.7
-1.67
0.1
-2.78
1.06
-1.92
-0.45
1.94
2.35
-0.68
3.53
-3.19
-3.17
1.89
3.08
2.95
-2.28
1.74
-2.93
-1.98
-0.06
0.21
-2.84
-2.2
0.32
2.31
-2.55
1.68
1.68
-3.49
-1.04
-2.2
-0.72
-1.63
2.29
2.07
1.41
3.84
-1.24
-3.27
-0.4
-0.44
-3.77
-3.18
2.69
2.9
3.47
-2.96
-0.79
-1.61
0.56
-2.5
-3.05
2.07
3.63
2.66
2.26
-2.26
3.07
-1.75
0.81
1.57
-0.9
-1.47
-2.92
0.8
-1.98
2.82
3.61
2.43
2.04
1.14
0.25
-2.75
-1.47
0.28
0.05
1.98
-1.06
-0.51
-2.84
-2.25
