-6
1.39
0.05
-3.83
-1.37
3.2
-0.4
-1.14
3.91
-1.88
3.9
2.3
-3.92
-2.72
3.68
2.77
4
-0.12
-0.67
2.2
3.31
-1.98
-3.55
-3.33
1.12
-2.96
-1.64
-1.92
4
-3.22
-3.17
1.41
-2.8
0.81
1.8
-0.94
-3.35
-0.92
-1.23
1.87
-2.6
1.87
0.6
0.47
-0.92
2.6
0.54
3.25
0.12
3.42
-2.4
3.81
0.92
1.92
1.77
4
-1.57
-1.92
0.88
1.23
-2.86
2.76
-3.79
-1.56
-0.7
-3.97
0.01
-3.03
2.67
-1.02
-0.49
-2.78
3.75
1.47
2.53
2.32
-1.85
-3.2
1.81
-3.76
2.33
-2.42
1.93
3.12
3.5
-0.78
-1.68
0.33
-0.05
3.15
3.9
-2.9
2.23
0.38
3.66
-1.28
1.15
-3.15
-1.59
-3.54
2.52
-1.17
-2.81
3.35
-1.62
3.44
-0.42
-0.17
-1.87
2.13
3.44
-0.6
1.05
0.67
1.09
-2.2
1.71
-1.48
0.3
0.67
-0.22
-0.36
