-3
-2.13
3.96
2.92
3.89
1.72
2.91
3.07
3.58
-0.94
-1.46
-2.45
-2.01
-2.38
3.41
-0.96
-0.89
0.45
-2.83
-2.94
0.53
3.93
-1.86
-1.09
1.14
-3.84
3.33
0.96
-0.81
0.37
1.51
0.24
0.74
1.49
0.55
1.45
1.15
-3.82
-3.93
-2.67
2.12
3.39
3.9
1.19
0.14
2.93
-2.63
3.39
-3.14
2.65
1.62
2.2
-1.24
3.76
-1.51
0.93
-1.43
2.2
2.53
-2.96
-1.09
-0.38
-3.73
0.69
1.54
2.54
1.34
-1.09
3.04
-2.77
1.62
-3.02
1.93
3.06
1.73
-0.37
0.32
0.67
-1.08
-3.39
3.4
-3.81
-1.19
-0.7
1.83
-2.38
2.61
-3.75
3.61
-1.2
0.39
-1.07
-0.52
-0.58
0.93
-0.77
-0.98
2.4
3
-2.99
3.89
0.23
2.59
-0.89
-1.22
1.81
-2.71
2.26
3.53
-0.56
2.38
3.81
-0.2
1.35
-3.48
-1.32
-3.55
3.46
-3.21
-0.59
0.75
0.14
3.73
-3.75
-1.69
3.8
3.57
-0.78
1.61
-2.11
3.92
-3.03
1.16
1.38
-3.92
-0.79
-1.56
-2.99
1.96
2.81
0.29
-1.96
3.21
0.45
1.03
-0.03
2.75
-0.53
3.04
1.29
3.66
-0.27
2.81
-1.67
2.74
-0.38
-2.56
-0.35
-0.94
3.1
-2.87
2.36
-2.59
3.92
-0.84
-0.37
0.51
-0.15
-2.26
3.42
2.89
2.99
-1.19
-2.43
3.46
-0.98
0
-2.53
-0.11
-1.55
1.39
2.35
1.74
0.02
1
3.2
0.75
2.51
3.85
-0.42
1.33
-0.25
-2.42
1.04
2.79
1.6
1.76
-1.01
-0.86
-2.37
-3.5
0.66
1.99
-2.93
-3.94
1.34
3.54
-1.61
-0.32
-2.8
-0.67
2.54
3.62
1.51
3.72
0.31
-1.86
-1.46
-3.25
-3.54
0.95
-1.32
-0.3
3.23
1.48
0.88
3.12
3.14
-0.03
1.64
2.55
3.89
-2.91
-2.57
2.05
2.57
-3.55
2.28
0.08
1.81
-3.03
1.31
-3.26
1.94
-3.35
2.04
0.38
-2.96
-3.1
-3.59
2.41
-0.91
-1.19
-3.93
-1.68
3.97
-1.13
3.42
1.35
1.52
-2.91
1.7
0.7
-1.81
-3.27
-3.36
-2.95
-0.24
-0.9
0.44
-1.64
-2.82
1.3
-2.3
3.07
-3.5
1.32
-1.03
-3.63
-2.08
2.2
-2.91
-3.16
0.07
2.25
-0.13
-2.58
3.5
-0.89
3.09
-1.33
-3.45
-0.04
-3.75
-1.97
1.24
2.4
-0.4
2.98
-0.64
-3.68
-0.02
3.34
-3.36
-1.56
-2.45
-1.17
-3.96
0.08
0.81
3.14
-0.36
-0.63
3.94
-2.3
1.18
1.26
-0.99
1.32
0.32
2.33
0.29
-4
0.89
-3.75
1.48
-1.93
3.27
-3.32
3.07
1.01
-2.57
1.69
2.85
-3.36
2.37
0.96
3.77
-2.62
2.29
-1.04
-3.15
-3.4
3.97
0.21
-2.69
2.4
1.52
2.92
3.57
1
-2.3
1.08
-3.25
2.09
-0.87
-1.95
-1.98
2.72
2.24
3.34
-1.19
-3.68
-0.17
-3.64
-0.64
-0.87
-1.33
-3.84
-3.51
2.46
-3.43
0.6
-0.44
2.32
1.31
2.31
1.02
0.64
2.39
3.71
3.33
3.06
-0.94
1.39
-2.42
2.84
2.37
1.8
-3.44
-1.26
-3.79
2.31
-1.49
-0.92
2.17
-2.32
2.73
1.05
1.25
-1.7
2.18
-1.29
0.8
-0.43
3.28
-1.82
-3.03
-3.76
-2.7
-2.99
-2.33
-2.83
0.95
3.48
1.13
1.98
2.92
2.63
2.81
-1.09
2.2
0.02
0.19
0.13
-0.19
1.41
0.83
2.3
-1.81
-0.43
-3.55
-2.27
0.33
-1.4
-3.85
-0.85
-2.63
-3.23
-3.99
-3.49
2.8
-2.59
-2.21
2.91
3.75
0.62
-2.44
-0.35
1.18
0.78
1.52
3.93
-1.66
3.49
3.19
1.19
1.67
2.11
-1.02
-3.57
2.23
1.87
3.6
-3.08
2.07
2.68
-2.12
-2.57
3.21
1.62
0.77
-1.43
-3.4
1.4
-3.43
2.05
-2.62
-2.18
1.85
-3.53
-1.74
3.06
3.08
0
-2.09
-2.59
0.4
-0.66
0.98
-3.17
1.64
-2.55
-3.43
-3.77
0.94
0.46
-0.28
2.76
-3.13
3.26
-1.61
2.86
3.29
-2.95
-0.01
-2.61
-1.38
1.37
-3.83
2.91
-2.04
2.71
0.28
-2.95
-3.76
0.68
3.04
-1.94
2.72
-4
3.26
-1.43
-0.59
-0.25
0.38
3.65
-3.49
-0.4
-1.34
-0.15
-3.67
1.3
-3.34
1
-2.47
1.68
-1.28
2.5
-3.54
-3.34
-3.95
3.41
2.43
-3.43
1
0.11
-1.86
3.71
1.07
-1.47
-3.63
0.15
0.3
1.05
-0.46
-2.11
3.01
3.18
1.95
3.51
3
-0.26
-1.73
-3.83
-3.95
3.73
-2.83
-1.12
-2.85
2.21
-0.83
1.12
1.29
0.48
1.75
1.62
0.18
1.4
3.63
-0.87
-0.77
-1.31
-3.71
-3.14
0.15
1.89
2.8
-1.76
3.68
-2.22
0.08
2.33
-0.67
1.14
3.46
2.53
3.51
-1.8
-3.1
0.84
3.01
-3.44
-1.71
-2.9
0.94
0.16
-1.54
-3.74
1.22
-1.11
-0.71
-1.04
-3.92
-1.47
-1.28
1.74
2.46
-3.52
1.96
0.45
-0.44
-1.65
3.91
-1.25
1.1
1.85
-3.05
3.47
-0.82
-3.7
2.74
2.96
3.93
-1.84
-1.7
2.93
-0.54
0.1
-3.85
2.67
-0.9
-3.14
2.83
-1.15
-0.53
-2.21
2.46
-3.57
0.46
-2.08
-3.98
-0.3
2.45
-3.47
-0.99
0.12
-2.95
2.53
1.07
1.06
-2.84
-3.3
-2.96
-3.54
3.52
-0.47
1.14
2.94
3.18
-2.13
-0.99
2.62
-0.67
2.09
-0.31
0.73
-0.78
2.36
-2.85
-0.66
2.78
-2.16
3.48
2.44
2.28
-2.8
-0.46
3.53
-3.87
2.43
-3.16
0.06
-0.2
-1.46
3.53
-1.98
-3.44
2.08
1.14
-2.32
-3.91
-2.19
-0.95
2.39
0.88
0.56
1.02
3.61
-3.04
-2.91
-1.25
3.9
-0.86
1.39
-0.92
4
-1.02
2.05
-2.24
2.08
1.51
3.96
-1.49
3.88
3.06
1.63
3.01
3.53
2.36
3.4
2.15
3.53
-0.97
2.71
-2.09
2.38
-3.19
-0.26
3.12
-2.11
-2.15
3.35
-1.87
-1.64
-2.78
1.25
1.67
2.74
-1.66
3.48
1.87
-0.98
1.46
3.56
-2.78
2.67
1.14
3.81
-2.25
0.59
2.91
3.87
0.59
-3.15
2.75
2.57
-1.25
2.17
-0.44
3.63
-0.4
-0.67
-3.77
0.06
1.36
-3.2
-1.58
-1.71
2.94
1.78
1.07
-2
1.13
-0.04
0.68
3.38
-1.58
-2.14
1.61
-2.01
0.32
1.59
0.05
-2.61
-3.26
-1.14
2.05
2.34
-1.94
1.35
-3.26
1.84
-0.58
-2.71
3.94
-0.4
-0.4
-3.26
1.09
0.05
1.5
-1.58
0.96
0.7
-2.19
0.66
0.7
2.52
2.62
3.8
-2.44
1.92
0.76
-2.06
-3.83
1.34
1.98
0.37
4
-0.66
-2.45
2.67
-1.74
-1.86
3.25
2.8
1.71
-3.14
-0.97
1.46
-1.94
1.34
3.57
-0.21
-0.22
3.5
3.41
1.84
-2.47
-0.88
-1.15
1.81
0.75
2.84
1.78
0.69
3.08
3.62
2.13
-0.75
-1.34
-1.84
0.47
1.86
-0.45
0.63
-0.35
-2.66
-1.89
2.62
3.95
-0.26
3.12
-1.56
4
-0.14
-3.08
-0.88
2.89
-2.5
3.72
0.87
-0.88
-3.49
-0.89
3.43
1.18
-0.85
-1.45
-2.28
-2.76
0.13
2.64
-1.11
-2.12
-1.92
-3.62
-0.81
3.27
2.75
-2.5
-1.58
3.02
-3.98
1.33
1.97
-1.04
2.09
2.68
2.86
-3.27
1.67
-0.78
0.36
-2.35
-3.17
-1.97
-1.75
1.88
2.19
-0.06
-1.94
0.91
1.47
-3.69
3.39
1.11
-0.47
1.66
-2.33
1.34
1.02
-0.15
-1.37
-1.06
-1.83
0.4
3.68
-3.16
3.6
-2.26
-0.83
1.18
-3.92
-0.52
1.96
-0.04
-3.16
-1.01
3.73
3.18
1.37
-0.62
1.49
0.72
0.78
2.46
-2.87
-2.6
0.98
3.35
3.14
1.13
-0.66
-2.69
-1.84
-0.06
0.75
-3.39
0.46
-3.39
-1.57
2.43
-3.31
-3.66
2.57
3.49
-2.88
-2.98
-0.07
2.73
2.64
2.42
-1.72
3.16
-0.74
-0.25
0.53
2.08
1.94
1.54
0.72
1.36
2.1
-3.42
0.99
-2.61
-2.17
3.59
-3.25
-4
-1.19
1.68
-0.5
-3.36
-0.34
3.88
3.06
-1.69
-3.73
0.23
-3.06
-1.35
3.48
-1.98
1.41
0.82
-2.91
-0.52
-3.4
-2.01
0.24
-3.85
1
-3.87
-3.8
-3.72
-3.73
-3.48
-2.25
-2.13
2.24
0.24
1.14
3.63
1.85
2.81
-0.35
3.77
2.23
-3.15
-3.57
2.31
-0.14
1.79
1.62
2.43
2.03
2.95
2.14
1.18
-2.79
0.75
1.9
-3.83
3.52
-3.54
-0.91
3.28
-1.27
-1.59
0.55
1.94
2.31
-1.45
1.75
2.14
-1.23
-2.69
2.81
-2
-1.05
-2.49
0.75
-3.63
-3.7
-0.03
-2.82
0.62
3.11
3.53
-3.86
-1.15
-3.58
-0.73
2.54
-2.98
-2.16
-2.88
3.38
2.62
-3.04
0.42
0.42
-0.17
-2.95
-3.59
-0.55
-2.93
0.94
2.83
1.78
1.59
-1.75
-3.7
-1.3
0.04
1.6
3.51
2.86
-3.35
3.07
2.52
-0.33
-0.68
-3.26
-3.93
2.38
1.25
0.11
2.68
-2.04
1.29
-3.35
-1.81
0.23
-0.06
-0.76
-2.92
1.51
2.04
-1.39
-0.89
-1.99
2.61
-1.66
-2.45
-0.89
-3.24
-2.83
-3.35
3.21
2.38
-1.43
-3.98
1.38
-2.3
-3.74
-1.57
-1.29
-1.41
-3.32
-3.08
-0.59
-3.83
-2.65
-3.71
-2.65
-2.68
1.79
1.3
-1.03
2.19
-0.66
3.19
-3.76
-2.73
3.72
-1.9
-0.95
3.06
-1.21
-0.56
1.97
-2.51
-0.25
2.27
0.52
-1.01
1.46
3.4
3.4
-0.13
3.59
3.73
-0.05
-1.91
-1.68
-3.48
2.46
2.36
-3.1
1.97
-0.83
3.57
2.84
2.92
-0.06
-2.11
-1.6
-0.27
-2.43
-1.9
-0.6
2.17
0.95
-2.43
3.76
2.25
3.2
3.82
1.21
-1.86
3.24
-1.79
2.67
1.06
-1.42
-0.5
-2.95
0.44
-2.65
-2
0.54
-3.84
3.33
3.28
-3.83
-2.4
-1.52
0.61
3.91
3.41
-0.04
0.79
2.48
-0.6
-0.51
-3.4
2.48
2.68
3.57
-3.47
-3.35
0.74
2.55
1.33
-1.02
-0.63
-2.95
-0.34
2.7
-0.2
1.51
-3.42
0.44
3.38
-3
0.83
3.27
-3.4
-1.51
-0.74
3.32
-1.9
2.32
1.93
0.26
2.65
3.96
-0.9
0.81
-3.11
-0.65
0.45
0.15
3.69
0.4
-2.05
-1.44
2.92
0.96
2.68
-0.36
3.95
-2.15
2.42
-1.34
-1.79
-0.77
-0.54
3.84
1.19
-0.18
-3.49
0.09
-2.04
2.93
0.79
0.77
-2.99
2.64
-1.82
-0.76
2
-0.6
-0.93
-3.43
-0.43
2.66
1.76
-1.62
-0.15
-2.59
-1.56
-0.93
1.32
3.4
0.72
-1.54
-1.58
2.57
-0.97
-1.7
2.92
-0.58
-3.87
1.13
-1.76
-0.81
2.98
3.36
1.18
0.76
1.04
-0.91
2.05
-0.44
0.21
3.7
-1.01
-1.47
0.63
1.35
-1.8
-2.92
-2.74
-1.64
2.88
3.15
-0.4
0.92
-2.04
-3.56
0.63
-2.46
3.24
0.37
0.51
1.98
-3.92
1.56
-3.76
-3.67
-1.67
-3.61
-3.84
-1.03
-2.76
-1.22
-2.87
-3.55
-2.84
-0.24
2.28
1.06
0.95
1.66
2.88
-2.05
1.48
2.83
1.55
3.25
0.47
3.21
0.98
-3.68
-2.05
-2.75
-1.78
3.52
-3.5
-0.34
0.62
0.49
-2.01
-1.31
-0.62
-3.71
0.2
2.72
1.52
-2.02
-1.15
0.86
0.19
3.4
-2.91
0.52
-3.5
-2.14
3.97
-0.33
2.86
-2.11
0.06
3.16
-0.99
-3.43
1.6
-0.29
-2.37
-0.39
-0.85
0.26
-2.96
3.57
3.29
3.56
1.62
-0.24
-2.11
-0.38
-1.06
-0.16
2.86
-1.03
-1.77
-2.38
-0.8
1
1.19
-2.81
-3.08
3.48
-0.06
-2.75
-2.61
-2.27
-1.65
-0.74
3.84
-2.61
-1.36
3.68
-2.76
2.09
1.25
-3.39
1.3
0.3
0.76
-1.17
-0.03
-3.92
-0.35
1.85
3.48
3.49
-3.74
1.52
0.74
0.58
-1.78
3.1
0.38
-0.48
0.6
-3.98
-0.66
1.98
-3.32
-1.56
-0.81
3.61
-3.6
3.99
-2.77
-2.68
-0.18
-1.42
2.84
-2.28
-3.58
1.25
-1.56
0.36
1.3
1.51
-2.18
-0.29
1.57
-0.07
0.31
3.52
-2.07
-3.19
-2.4
-2.47
0.57
4
-2.84
-1.81
2.98
1.92
0.03
-0.09
-3.15
2.03
-2.18
-2.79
-1.21
1.55
1.64
3.46
0.01
-0.39
2.74
-0.01
2.74
-0.87
-0.42
-1.82
1.8
-0.2
1.78
-3.91
2.77
2.9
2.6
1.14
-2.72
1.91
1.36
0.65
3.03
-2.6
-2.29
1.43
3.17
-2.79
3.69
1.77
-2.81
0.03
-1.11
0.72
-1.14
2.33
0.52
-3.55
-1.86
-3.09
-0.44
-3.9
3.2
-2.56
0.91
2.41
-2.09
-0.56
1.38
-0.82
2.92
1.01
-0.83
-1.1
-3.69
2.56
0.97
0.08
-1.51
-2.11
1.96
-1.16
1.37
-3.44
-3.95
-3.78
3.21
0.12
0.89
-1.07
-3.79
2.69
-2.51
-2.45
3.53
2.55
-3.51
-1.12
-1.53
-2
0.87
3.69
-0.93
-3.96
-3.01
-1.75
-3.59
-2.04
-2.89
-3.52
-2.15
-3.78
3.2
-2.91
-1.41
-0.25
-3.74
-1.12
2.08
0.41
-2.17
0.29
0.59
3.72
2.42
-2.45
0.44
-1.17
3.48
-3.52
0.29
-3.03
-3.5
0.33
0.36
-0.1
-2.06
0.28
1.23
-3.72
3.09
-1.67
-3.29
-1.36
3.81
2.14
-0.33
-3.93
3.22
1.29
-0.82
-0.87
3.17
-1.52
0.26
3.76
-1.44
-3.57
-1.77
2.28
1.07
-3.24
2.85
-1.55
2.52
-1.26
0.59
-3.51
-2.11
2.75
-0.15
2.14
0.41
0.94
-2.33
-1.43
2.1
