-6
3.81
1.99
-1.32
-2.3
-1.8
-2.13
3.87
3.28
-0.17
2.42
-2.65
-2.32
-1.11
1.55
-1.52
-1.72
2.27
-0.32
0.97
2.21
3.03
0.7
-0.73
-2.35
-3.06
-3.17
3.07
-1.3
-0.67
-2.33
-3.94
0.59
3.24
-1.79
-0.32
2.11
-1.87
0.76
-2.38
1.35
-2.96
3.47
-3.35
-0.76
-2.24
3.88
-0.25
-1.31
0.9
-0.94
2.98
2.76
-2.54
0.31
-0.3
-2.68
-2.48
-2.26
0.73
-1.91
0.58
-2.56
-0.05
1.37
0.73
-1.01
-0.49
3.86
1.2
1.55
1.13
1.33
-2.04
3.35
3.6
1.14
3.1
-1.54
-1.55
-0.38
3.75
-0.56
-3.11
-3.36
-0.51
2.92
3.98
-2.32
0.69
3.59
-1.04
-3.12
3.81
-1.81
1.62
-2.42
0.68
-3.03
1.01
2.39
2.95
0.12
3.59
2.69
-2.27
-1.02
0.49
0.39
2.06
-0.45
3.5
0.55
0.18
-3.02
0.19
1.86
-3.83
-3.01
3
-1.54
-1.47
