-6
1.39
0.05
-0.73
-1.37
2.81
-0.4
0.38
3.91
-1.88
3.9
-3.24
2.73
-2.72
3.68
2.77
4
-0.12
-0.67
2.2
3.31
-1.98
-3.55
-3.33
1.12
-2.96
-1.64
-1.92
4
-3.22
-3.17
-1.6
-2.8
0.81
1.8
-0.94
-3.35
-3.41
-1.23
1.87
-2.6
1.87
0.6
0.47
-0.92
2.6
0.54
-1.04
0.12
3.42
-2.4
3.41
0.92
1.92
-2.5
4
-1.57
-1.92
0.88
1.23
-2.86
2.76
-3.79
-1.56
-0.7
-3.97
0.01
1.34
2.67
-3.47
-0.49
-1.79
3.75
1.47
2.53
2.32
-1.85
-3.2
1.81
-3.76
2.33
-2.42
1.93
3.12
3.5
-0.78
-1.68
0.33
1.31
-0.21
3.9
-2.9
-1.58
0.38
-2.39
-1.28
1.15
-3.15
0.87
-3.54
2.52
-1.17
-2.81
1.7
-2.3
3.44
-0.42
-0.17
1.11
-2.67
3.44
-0.6
1.05
0.67
0.74
-2.2
1.71
1.23
-1.8
0.67
-0.22
2.17
