-2
3.79
0.99
-1.38
-3.89
3.04
3.65
-0.62
2.58
-3.08
2.64
0.43
2.38
0.62
-3.66
-1.52
-3.97
3.99
-2.28
-3.01
2.36
1.46
2.2
-3.33
-2.26
1.18
1.72
-3
-1.37
2.14
0.83
-2.94
3.18
2.98
3.3
-3.65
-0.08
0.35
-0.48
-2.26
-0.83
1.84
-1.66
2.55
-0.53
-0.94
-0.68
-1.92
-2.97
-3.31
3.17
2.73
-1.59
1.84
2.29
-1.31
1.15
3.51
0.98
0.29
-1.02
-1.28
-1.26
0.69
1.33
1
0.97
3.05
-2.48
3.39
2.54
-0.96
2.54
3.97
-0.01
-3.67
0.97
0.8
-3.01
-0.36
1.19
-2.47
3.28
3.96
-0.68
2.59
2.15
3.22
2.49
2.46
-2.97
2.78
-1.66
3.6
3.82
3.44
0.46
2.81
1.37
0.93
-1.19
0.24
-0.72
2.96
-0.98
0.02
0.42
0.84
0.73
1.99
3.94
-1.13
-1.35
0.63
0.73
3.2
-3.82
-4
1.8
-2.5
-0.41
3.69
