-3
3.93
1.99
-2.16
-2.3
-1.8
-2.13
-3.57
2.23
2.57
-2.56
-3.92
-3.87
1.18
-0.55
-3.01
-1.72
2.27
-2.05
-1.48
1.24
-0.4
-2.51
0.48
-1.24
1.9
1.03
-2.91
-2.87
0.57
2.25
-0.58
-1.11
1.29
1.05
-0.83
-1.89
-1.87
-3.89
2.42
1.87
1.67
3.47
-3.35
-1.61
-0.84
3.88
-3.88
-1.31
3.36
-3.45
2.86
2.99
2.78
-0.63
-1.82
-2.86
0.39
0.78
1.31
-1.16
-2.34
-3.49
-2.37
1.37
1.32
3.28
-0.49
-3.86
-0.09
-2.54
1.13
2.15
-1.18
2.12
-1.23
2.22
-3.07
3.45
-1.55
-0.85
0.48
-3.99
3.52
-3.36
-1.18
0.11
3.98
2.87
-3.93
-2.88
1.72
-3.12
-0.71
1.62
0.83
-2.42
-2.02
-3.03
1.01
-0.66
3.52
0.12
2.3
0.43
-3.23
2.58
2.58
-0.85
2.06
1.44
3.43
1.19
-0.29
-0.36
-2.94
1.86
-1.03
-3.01
-1.38
3.62
-0.98
