-10
3.68
1.71
-1.36
3.55
3.04
3.17
-0.62
-2.81
0.23
2.64
-1.87
-3.66
-2.44
-2.4
1.17
-1.84
3.99
3.29
-2.06
-1.6
1.46
2.48
3.97
-2.26
3.86
1.72
0.56
-3.36
-1.26
0.83
-2.94
3.18
0.04
-3.63
0.13
2.54
0.35
-0.48
2.35
-1.47
3.85
-1.66
2.55
-0.53
-0.94
-0.52
-0.51
-2.97
-3.31
3.07
2.14
3.19
-0.73
1.64
-1.31
-2.42
2.93
-1.89
0.36
-1.02
-1.99
-1.26
-2.88
1.33
3.6
-0.69
-4
-2.48
-2.81
2.54
3.91
1.75
-1.59
1.2
-1.76
-0.89
2.79
-3.01
1.48
3.53
0.99
2.57
3.96
-0.68
2.59
2.15
1.96
2.49
3.31
-2.97
2.78
-1.64
1.63
3.82
3.44
1.11
1.49
1.37
0.93
-0.19
-3.22
1.79
-2.83
2.94
2.31
1.47
-3.51
0.73
0.62
3.94
3.19
-0.11
-1.92
3.04
3.44
-3.82
-0.49
1.8
-2.5
-2.99
3.69
