-5
-0.31
0.56
3.75
-1.29
1.44
-0.1
1.72
2.68
-1.44
1.77
-1.89
1.86
-1.81
0.69
1.99
3.37
-0.69
-0.63
-1.13
-1.76
3.09
2.11
-3.71
3.31
-3.94
3.22
-0.95
2.31
-3.25
3.52
2.41
-3.76
1.51
-1.47
3.75
-3
-2.46
3.61
2.14
3.95
-3.88
1.91
-0.88
-2.58
-1.07
-1.39
1.94
-0.53
3.57
2.02
0.74
-3.17
1.89
3.06
-1.85
-0.4
1.74
2.36
2.88
0.89
0.21
3.42
-2.2
0.32
2.29
1.85
-1.9
-0.77
-3.72
-1.04
-2.2
-0.72
-2.5
2.29
2.07
0.67
3.84
3.29
2.79
2.47
0.46
-1.16
-1.11
2.69
1.53
-0.42
-2.96
1.95
1.08
0.56
1.15
-3.05
-1.82
0.54
2.66
-1.08
-3.89
-1.41
2.7
-0.88
0.71
-3.82
-1.47
2.8
0.8
-1.98
2.78
3.28
2.43
-2.05
-3.39
0.57
3.25
1.78
-3.63
-1.25
1.98
-1.06
1.28
2.84
-1.95
