-10
-0.22
-3.13
1.15
2.31
-2.6
0.96
3.97
2.67
-2.4
-1.75
0.38
1.46
-3.84
2.08
2.25
-0.91
-0.82
-4
1.58
3.25
2.49
0.54
-1.98
-3.44
-1.31
-1.81
2.34
3.6
-1.45
-2.98
1.83
1.21
-1.56
-2.62
1.17
-0.76
0.56
0.87
1.94
-2.29
2.97
-2.48
-3.38
-1.65
-1.52
0.1
0.81
0.78
-1.58
3.08
2.53
-1.53
-3.28
-2.82
3.64
-0.18
-3.22
1.21
-3.98
-2.16
2.54
-0.34
-1.47
-0.9
1.74
-1.83
0.96
-2.45
-3.44
-3.39
1.75
0.29
-3.2
1.41
0.93
-3.56
-1.59
-1.67
-1.66
3.45
0.05
-1.42
-3.88
-1.28
-1.83
3.59
0.98
3.23
-1.06
2.97
-2
3.32
-1.33
2.75
-0.82
2.95
2.36
3.02
-2.11
-0.74
2.04
-1.73
0.22
-1.58
-3.48
2.51
-2.51
-0.68
0.25
-2.56
2.73
3.1
-2.09
0.68
-1.76
-2.93
-2.46
2.37
-1.54
3.76
-1.75
