-4
-1.9
3.29
-3.73
0.72
1.44
-2.1
1.72
1.28
2.9
2.62
-1.27
2.32
0.53
0.69
3.93
3.37
3.39
-0.63
-1.13
0.82
2.75
2.97
1.69
-0.17
1.97
0.36
0.46
-0.1
-3.73
-3.41
0.25
-1.71
1.53
-2.34
-1.08
-1.96
2.65
3.24
1.36
3.6
-1.68
0.1
-0.88
3.1
-1.92
-0.45
0.38
-1.33
-1.88
3.26
-3.19
-3.17
1.89
3.08
2.95
-0.4
0.16
-2.93
-1.98
-0.1
0.83
-2.84
-0.38
-1.99
-0.19
-3.56
-1.9
-1.28
-3.72
-1.04
-2.2
1.84
-1.63
-0.03
-1.66
1.74
3.84
-1.24
0.33
2.72
-0.44
-2.49
-3.18
2.69
-1.97
-0.42
3.94
-0.79
-3.34
0.56
-3.07
-0.63
2.07
0.54
2.66
2.26
3.37
-2.4
-1.75
2.89
1.57
-0.9
-1.47
-0.48
2.77
-1.65
2.87
-3.37
2.43
-2.05
1.14
0.25
-2.75
2.96
-1.19
2.12
1.98
1.78
0.44
-2.84
-2.25
