-8
3.79
0.99
-1.36
-3.89
3.04
3.17
-0.62
3.54
-3.54
2.64
0.43
2.38
0.62
-3.66
-1.52
-3.97
3.99
-2.28
-3.01
2.36
1.46
2.2
-3.33
-3.57
-3.7
1.72
-3
-3.36
2.14
0.83
0.62
0.09
2.98
3.3
-3.65
-0.08
0.35
-0.48
0.1
-0.83
1.84
-1.66
2.55
-0.53
-0.94
-0.68
-3.58
-2.97
-3.31
3.17
-0.13
-1.59
-3.38
3.63
-1.31
1.15
3.51
0.83
-3.38
-1.02
-1.78
-1.26
0.69
1.33
3.6
0.97
3.05
-2.48
2.1
2.54
-0.96
2.54
-1.59
-0.01
-3.67
-0.46
2.79
-3.01
-0.36
1.19
-0.26
3.28
2.03
-0.68
2.59
0.72
3.22
0.32
2.46
-2.97
2.78
-1.66
3.6
3.82
1.5
0.46
2.81
1.37
0
-1.19
0.24
-0.72
2.07
-0.98
0.02
0.42
0.84
0.73
1.99
3.94
0.45
0.34
0.63
0.73
3.2
-3.82
-2.04
-0.46
-0.79
-0.41
3.69
