-3
-3.19
1.06
3.3
-1.98
-1.94
2.35
0.15
3.79
3.08
-3.07
2.95
3.49
-2.32
-3.6
-0.45
-3.31
-3.05
3.86
-1.54
1.71
3.58
-2.35
-3.69
0.21
3.97
1.33
1.37
1.46
-0.84
2.03
-0.86
-0.06
0.19
0.16
3.19
-2.38
2.63
3.23
-3.73
-2.98
-2.97
-3.87
-1.6
-0.47
0.84
1.8
-1.61
-1.9
-1.05
0.92
-3.95
-3.06
-2.24
1.28
-2.68
-3.7
-2.86
0.96
-1.79
-3.84
3.22
-0.55
-2
0.73
2.28
-3.38
-2.75
-3.7
1.87
-3.57
-2.43
-1.09
-3.49
3.13
-1.44
-0.51
-3.34
0.13
1.95
3.45
-3.37
0.48
3.17
-3.22
-1.36
0.42
2.57
3.28
-0.84
-2.3
-2.53
3.14
-0.72
0.97
1.62
-0.85
1.22
3.84
-0.03
-2.11
-2.65
3.96
-0.84
-2.04
-3.63
1.69
-0.4
0.25
3.37
-3.2
-2.34
-2.65
2.09
-3.27
-0.43
-2.15
2.57
3.4
-2.06
1.71
-3
