-5
0.8
3.29
-1.94
0.72
1.44
-2.69
-3.04
2.68
-1.44
1.77
-1.89
1.86
0.53
0.69
1.99
3.37
0.87
-0.63
-1.13
0.92
2.75
-3.62
1.14
-0.17
-3.94
3.22
0.46
0.07
-3.25
3.52
-3.64
-1.71
-2.37
-2.34
-1.08
-1.52
2.06
3.24
-0.76
1.7
-1.67
0.1
-0.88
1.06
-1.92
-0.45
1.94
-0.76
3.57
2.02
-3.19
2.15
1.89
3.08
2.95
-0.4
3.57
0.82
-1.98
-0.06
0.21
-2.84
-2.2
0.32
2.29
1.85
-1.9
1.68
-3.72
-1.04
-2.2
-0.72
-2.5
-0.03
-1.66
1.41
3.84
-1.24
-3.27
-0.4
-0.44
-3.77
-3.18
2.25
2.9
3.47
-2.96
1.95
-1.61
0.56
0.64
-3.05
2.07
0.54
2.66
2.26
-2.26
-2.4
-0.91
-0.88
-1.86
-3.68
-1.47
-2.92
3.56
-1.98
2.82
3.61
2.43
-2.05
1.14
0.25
3.25
-1.47
0.28
0.05
1.98
-1.06
0.44
-2.84
-2.25
