-8
0.01
-1.02
-0.2
1.79
-1.8
-2.13
3.87
-3.98
-2.1
-2.74
-2.65
-2.32
-1.11
-0.25
-1.52
-1.72
3.64
-0.32
0.97
1.24
1.09
0.7
1.66
2.74
0.24
2.64
-2.91
-1.3
-0.23
0.77
-1.33
0.59
3.24
1.05
-0.83
-1.89
-1.87
0.76
2.42
3.8
-2.67
-3.81
-3.35
-3.37
-0.84
3.88
2.55
1.09
0.9
1.9
2.86
2.99
-2.54
0.31
0.85
0.22
2.53
0.78
1.27
-1.16
-0.58
3.52
-0.05
1.37
1.32
-1.01
-3.24
3.86
2.12
-3.64
0.36
-3.55
-1.18
2.12
-1.23
0.45
-3.07
3.45
-1.55
0.59
3.75
-0.56
3.52
-2.24
-2.55
0.44
3.98
2.87
-3.93
3.14
1.72
-3.12
1.54
1.62
1.61
-2.95
0.68
-3.03
0.26
2.39
3.97
0.12
2.3
3
2.56
-3.79
-1.83
0.39
-1.25
-2.33
-2.54
-1.62
-0.29
0.81
-1.76
-2.5
0.61
-3.49
-1.45
3.62
-0.98
