-2
-0.22
3.07
1.15
-0.48
3.2
-0.26
1.96
2.67
-3.66
1.22
0.38
2.92
-3.28
-0.68
2.25
2.13
1.87
-4
-3.63
-3.81
3.87
3.97
-1.98
-3.44
-3.51
-1.67
-2.85
-2.91
-3.38
-2.98
1.94
-2.87
-2.31
2.53
1.51
-2.44
1.81
0.87
1.46
2.9
-1.82
1.04
-0.11
1.49
-3.13
0.1
-3.28
-0.84
-2.95
0.63
2.53
-1.53
-3.25
0.76
3.64
-0.67
0.98
1.21
2.99
-1.03
1.64
-1.84
3
-0.9
2.77
-1.06
-1.97
3.74
-3.97
0.26
3.76
-0.21
2.52
1.41
1.34
2.19
0.47
-0.47
-1.66
3.45
1.41
0.66
-2.65
0.1
0.91
1.32
0.98
3.23
-1.06
-3.67
1.51
1.06
-2.45
-0.62
-0.82
0.02
0.46
2.89
-1.81
0.22
0.61
-0.95
3.27
-1.58
-1.81
2.51
-2.51
-1.43
0.25
3.64
-0.99
-1.6
-2.09
0.68
-0.25
-2.93
0.19
0.76
-3.77
3.76
-2.22
