0
0.18
3.85
-3.6
-2.89
0.61
-2.55
-1.19
-1.35
-3.49
-3.61
3.51
2.18
-1.05
-3.76
-2.97
2.16
3.6
1.82
3.44
2.99
-3.43
-2.48
-2.22
-3.23
0.03
1.59
-0.53
3.18
-1.56
0.87
1.81
1.91
0.86
-3.44
1.27
3.42
-0.74
-1.27
-2.75
1.36
3.23
-1.06
-3.91
-3.92
2.28
-1.08
-0.74
0.32
-1.09
3.79
2.06
-3.74
-3.81
-3.07
3.42
-1.35
2.07
3.64
1.09
3.03
1.99
-0.37
-3.79
-0.35
-1.41
-2.4
-2.69
-1.62
-1.02
-2.38
-1.1
0.87
0.57
-1.92
3.76
1.64
-2.58
-2.31
-1.51
-2.9
-1.68
3.15
0.27
-1.34
2.81
1.54
1.72
-0.08
-2.85
-1.38
-2.66
-0.37
1.65
-1.77
3.38
-0.4
-1.27
0.45
1.5
0.68
-2.4
-3.12
-2.67
-2.71
0.88
-2.81
-0.3
2.12
-2.83
-2.22
-2.78
0.38
1.14
-0.02
0.7
2.84
3.37
1.56
0.84
1.06
-0.11
1.4
-2.77
-3.64
-3.73
3.28
3.22
-1.66
-1.3
0.16
-1.09
0.98
0.19
1.82
3.5
-2.56
1.81
-1.03
1.78
1.62
-2.16
3.6
-1.26
3.37
-2.61
0.96
2.5
-2.34
1.53
-3.46
0.24
1.18
3.62
-3.57
-3.22
0.21
3.66
-3.03
-2.99
1.61
-2.03
-2.64
-0.59
1.02
2.88
0.25
-3.82
3.32
0.49
-0.74
-2.98
0.39
3.78
3.23
-0.78
0.29
-1.35
-2.14
2.97
-0.69
-3.22
1.56
0.81
-1.84
3.93
1.74
1.36
-0.24
1.04
-0.72
-2.21
0.84
-2.05
-3.84
-0.36
-3.53
0.19
1.73
-3.51
1.14
0.78
3.18
1.18
-1.73
3.53
3.85
1.4
-3.62
1.22
0.5
-2.44
1.79
-2
1.71
0.83
0.42
0.55
-2.76
1.1
-2.87
2.89
0.43
-1.72
-2.8
-2.53
0.19
-1.57
3.61
-0.41
-1.26
-3.91
0.92
-2.64
-2.17
2.54
-2.4
-3.63
-1.46
-1.36
-3.93
-3.67
0.98
2.54
-3.46
-2.29
0
-1.17
0.25
-0.66
3.22
-0.08
-1.06
-3.38
3.36
2.25
-3.66
0.9
-0.02
-3.21
-0.66
1.41
1.79
0.8
-1.53
0.4
0.64
0.42
-3.83
3.17
-0.77
0.04
-1.99
2.61
1.02
-3.2
-2.09
1.9
-2.27
3.49
1.47
-2.65
2.18
0.27
0.37
2.83
1.16
0.29
-1.99
-0.42
2.2
0.7
0.4
-2.26
3.31
-1.34
-1.46
-3.83
0.06
0.14
1.07
3.59
-1.35
1.09
-3.89
-0.82
-2.09
0.34
-0.4
2.56
0.34
-1.56
-0.84
0.49
-0.67
-2.02
3.23
-2.48
-3.57
-0.35
3.25
-3.66
-1.59
0.6
-3.04
2.53
3.64
-3.74
3.31
-1.64
2.26
-2.27
-2.16
1.6
-1.59
1.88
2.71
-2.91
0.15
-2.82
0.91
-3.19
-3.31
-0.55
3.24
-0.25
-2.47
3.92
2.41
1.33
-0.57
-2.98
3.75
-3.6
0.9
0.72
1.17
2.05
0.12
-2.42
-0.45
-2.36
1.04
-2.76
-3.7
-1.4
-3.4
1.57
-1.92
1.45
-0.73
2.14
1.37
3.25
2.75
2.43
3.66
2.97
1.36
1.22
1
3.73
-2.15
-2.03
2.93
1.24
-2.01
-2.57
-3.31
1.69
-3.29
-3.35
0.98
-1.43
1.64
-0.74
-0.22
3.45
-0.85
0.64
-0.86
-0.04
1.84
-3.04
-1.95
1.3
-0.35
-3.51
-2.34
2.48
1.07
2.21
-3.31
2.9
0.59
-0.18
3.8
-0.94
-1.68
-0.94
-3.4
3.18
0.87
0.39
0.74
-1.38
-2.84
-1.2
-2.39
-0.52
-1.36
-3.79
-0.19
-3.29
-1.92
-2.97
-2.11
-3.11
3.93
-2.37
-2.42
-2.5
3.78
-1.78
-3.38
-1.5
3.96
2.08
1.98
-2.19
-0.53
-3.28
1.13
-3.92
0.03
-0.03
3.1
-2.56
0.22
3.43
0.14
-3.16
2.89
2.18
-0.17
0.85
-1.61
3.98
0.82
-0.44
-2.07
2.9
-0.87
-3.31
-2.53
3.11
3.4
-1.35
-0.24
-1.77
-1.34
-0.91
0.82
3.8
-3.99
-2.08
-0.91
-0.28
0.69
2.12
-2.06
-3.56
0.67
-3.5
1.49
-3.26
-1.39
-2.4
2.4
-0.22
-3.9
3.99
-2.75
-1.58
3.88
0.57
1.59
0.44
2.61
0.92
0.57
0.45
1.68
-2.02
0.76
-2.95
0.03
3.09
2.17
-2.1
-2.24
2.68
-0.71
2.71
-2.38
-2.51
-1.78
-1.37
-0.8
-3.27
0.49
1.8
0.25
3.99
-1.87
-1.32
-2.17
-1.6
3.93
-0.56
0.33
2.65
1.11
3.77
-2.46
1.49
-1.24
-1.32
-0.26
0.44
0.71
-0.47
-0.57
0.49
-1.99
-2.57
0.69
-1.46
-3.2
2.38
-1.66
-1.04
-2.76
1.88
-3.57
2.77
-3.81
1.7
3.86
-1.92
3.22
-2.38
3.16
-1.28
1.58
-0.89
-2.44
-0.47
1.16
0.13
2.74
3.55
2.9
2.76
0.02
-3.04
-1.64
3.77
1.98
-3.31
1.99
3.3
-2.4
-2.46
-2.91
-2.64
1.41
3.24
3.34
-1.22
1.3
1.07
-1.18
-2.35
1.23
-0.91
0.37
-3.29
2.91
2.9
3.88
-2.84
1.38
0.67
3.65
-1.2
0.06
-1.51
-2.15
3.47
0.4
-3.57
3.72
3.17
0.1
3.93
-3.98
1.62
-2.37
0.21
1.71
-1.68
0.2
-1.62
2.83
-2.33
0.72
1.25
-2.48
-3.07
0.59
-2.35
-3.15
3.08
-3.18
0.82
-2.09
0.93
-2.1
2.29
1.3
-1.08
1.39
3.87
2.38
0.87
1.35
-0.34
1.56
1.31
-0.94
2.76
3.08
-1.3
-2.81
1.56
0.97
-1
1.85
1.98
2.09
2.82
-3.04
-3.09
-1.12
-1.25
3.59
-3.36
2.35
3.28
2.02
-0.9
-0.28
-0.66
2.91
-1.22
0.93
0.33
0.01
-2.04
0.32
-2.95
3.69
0.22
1.88
1.84
-1.43
2.15
1.89
-0.74
3.86
2.91
3.09
-0.08
-3.8
2.48
-2.04
0.48
0.98
-0.37
1.28
0.71
1.32
2.28
3.29
3.96
-0.96
-0.26
-0.21
2.41
-3.38
-3.37
3
-0.12
-2.35
1.03
3.14
0.74
-0.97
1.05
-3.83
-2.57
-1.25
-0.92
3.43
3.11
0.02
3.8
-0.86
-3.58
-3.18
-3.56
3.36
-3.62
0.68
3.62
-0.26
-2.6
0.93
1.93
-1.21
2.84
-1.64
3.49
-1.36
3.22
3.92
-0.8
-1.73
-0.83
3.35
1.22
-2.55
3.94
-0.55
-0.15
-2.05
-1.77
2.86
-3.82
-0.06
-0.76
-3.4
-0.64
1.58
-3.83
-2.72
2.62
3.2
-1.97
-2.71
1.73
3.81
1.11
-1.75
-2.66
3.07
-0.73
-3.56
-3.8
3.19
-3.19
1.52
3.97
-2.92
-0.4
3
3.42
0.93
-3.17
1.67
-2.49
-1.45
0.75
-2.01
3.56
2.23
3.01
-2.1
-1.54
1.93
-2.7
0
-3.76
-2.12
-2.38
1.42
0.34
1.69
-1.89
0.78
2.68
-2.21
2.65
-3
-0.88
1.73
-3.36
-1.72
-2.03
-2.83
-2.13
-2.32
2.37
0.37
3.78
-0.82
-0.94
-0.88
-1.3
-0.89
-3.94
-2.64
1.98
-1.72
1.88
0.82
1.28
2.08
3.46
2.19
-1.34
-2.27
-1.18
0.05
2.99
3.73
-0.1
-0.25
2.87
-2.18
1.59
0.72
3.93
-2.72
0.06
3.63
1.64
-0.13
-1.9
2.45
-1.65
-2.78
-1.02
3
0.72
1.32
-0.19
0.37
-0.88
2.31
-3.56
-1.44
-1.18
-0.22
2.52
-3.87
2.87
-1.68
1.39
-3.95
3.28
3.32
0.25
-3.13
1.52
-0.66
-2.57
0.7
2.22
2.26
3.18
-2.6
-0.03
-2.99
-0.17
-2.57
2.75
-0.18
3.33
-2.33
-0.09
3.53
-3.37
-3.44
-2.62
-0.97
-2.1
0.14
-1.23
-0.07
-3.24
-0.69
2.49
-1.95
3.17
-0.96
0.98
-1.89
-2.53
-2.63
-0.12
3.12
2.16
0.86
3.13
3.05
2.59
-2.19
3.96
1.08
-2.61
-0.96
-1.01
-0.29
0.14
3.75
2.69
-0.32
3.5
-1.51
-2.56
1.29
-2.08
-1.71
1.5
-0.13
-1.09
-2.08
-2.16
-3.21
0.46
0.63
-1.66
1.96
1.79
0.8
-2.63
-0.23
-2.56
-1.67
0.44
-3.92
0.19
1.69
-1.47
1.72
-3.69
-1.23
1.91
3.43
0.36
-2.71
-1.38
2.99
3.93
2.59
1.19
-0.13
3.36
-0.75
0.13
0.66
3.98
3.17
-3.38
0.76
-3.31
1.04
1.93
3.35
2.38
-1.09
-1.77
1.16
2.05
-2.64
-2.9
0.24
3.76
3.79
-0.45
-3.87
0.02
-1.59
0.43
-0.84
-1.99
-0.64
2.03
3.21
3.62
1.51
0.42
2.2
2.21
3.79
-3.89
1.03
1.06
1.78
1.03
-0.73
0.85
2.57
-2.96
-2.55
3.07
1.46
-3.07
2.57
1.49
-3.06
0.11
3.58
3.7
-0.01
-3.36
1.56
-1.27
1.46
-1.26
1.33
3.02
2.72
3.73
-3.13
2.49
0.04
2.96
2.27
-2.76
0.07
3.18
-2.02
-1.25
-3.72
-0.72
1.46
-2.63
-1.03
0.1
0.56
-1.58
3.46
-2.28
2.68
-2.61
0.84
2.5
-1.79
3.14
-1.45
-1.71
3.61
-0.97
3.7
0.25
2.14
2.84
-3.83
-1.04
-0.98
2.5
-1.33
1.32
-2.59
-2.24
-1.87
0.82
3.42
-3.3
-0.82
0.19
3.77
-2.64
2.19
-1.09
3.57
1
-2.96
3.48
-2.35
1.55
0.74
3.13
2.7
-2.23
3.58
2.95
-0.94
0.03
1.15
2.62
-2.81
-3.99
-2.93
2.06
3.76
-1.87
-3.7
0.91
3.27
-3.98
3.09
-2.5
-0.04
2.37
-1.47
2.24
0.85
0.79
0.69
-2.86
1.79
-3.31
-2.69
1.48
-2.24
-0.46
2.63
3.64
-1.82
-0.82
-2.24
-0.62
-0.44
0.57
-1.01
3.75
-3.71
-3.88
-0.85
1.44
0.69
0.14
-3.79
-2.37
2.46
-0.76
-0.83
-3.68
3.25
-2.66
-1.9
2.28
3.35
0.01
-3.18
-3.5
2.7
-0.41
0.3
0.22
-0.5
-3.34
-1.27
0.08
2.26
-0.3
1.95
3.39
-0.63
-1.22
1.94
0.73
-2.36
3.25
0.45
-2.35
-3.53
3.69
3.02
2.52
-3.64
2.3
-3.61
-3.16
-2.92
-0.51
0.04
3.56
-0.26
-1.51
-2.95
0.71
-0.18
2.93
-2.07
0.02
-2.59
0.13
-0.63
-1.24
1.29
-0.22
0.96
0.46
-0.6
1.38
0.64
-3.91
3.56
3.17
-3.98
3.02
0.57
1.78
-0.15
1.2
-3.73
-2.12
-1
-1.23
3.67
2.4
-0.36
-3.12
-2.27
-2.77
-3.1
-1.29
1.32
-3.58
-3.76
0.35
0.31
0.26
-2.78
0.59
-2.66
-0.07
1.44
-0.29
2.85
-0.06
4
0.58
-1.54
-1.97
-3.86
2.05
-0.92
0.73
-0.25
3.53
-2.87
-3.41
-0.9
2.9
-3.87
0.07
-1.27
-1.83
0.47
-2.08
-1.22
3.13
2.92
-0.32
-1.3
-3.7
0.55
3.27
-0.14
0.34
0.44
3.3
-0.08
-0.28
2.4
3.07
2.42
3.7
-2.91
-1.14
3.63
-3.42
0.67
-3.28
-0.78
-0.28
-2.84
-1.67
0.45
1.27
-2.8
-0.73
3.24
0.93
-2.84
-3.14
1.66
2.79
3.34
3.84
-2.51
-0.18
-3.13
3.42
-0.92
-2.17
0.68
3.38
-3.5
-2.93
1.66
-0.97
-2.93
-2.39
-1.7
-1.81
-1.54
2.2
-3.54
2.99
3.15
-1.78
-1.19
2.59
-0.87
-2.84
-3.94
3
-1.44
1.54
-2.59
3.64
-3.64
-2.75
-2.64
-0.19
3.72
1.26
1.64
-2.62
3.05
-2.22
-2.17
-0.62
3.62
2.17
-1.8
1.63
-1.38
2.97
2.41
3.46
2.33
-3.66
-3.31
3.27
-3
-1.72
0.28
-2.09
-2.23
1.68
0.82
-1.03
3.67
2.02
-1.33
3.82
-3.76
2.49
-1.52
1.2
-3.45
3.08
3.95
1.36
-3.61
3.44
2.98
0.96
2.97
-1.56
0.37
-0.41
3.13
-2.05
-2.69
-3.99
-3.44
-1.9
-1.19
1.43
-3.03
-0.28
3.62
-2.64
0.97
2.86
-0.28
-2.41
-0.5
-1.62
1.38
0.14
0.48
-2.8
2.91
3.25
-3.6
-0.67
2.88
-2.44
-0.69
3.33
-1.06
3.34
-2.7
-2.78
-0.16
1.71
0.71
-1.35
3.25
2.15
-0.33
1.06
0.23
0.84
3.47
2.58
-3.61
-2.47
-0.28
1.38
-2.55
0.59
1.06
-3.77
3.12
1.92
-0.95
-1.94
3.62
1.24
-0.78
-2.75
-1.88
-2.35
-3.23
-3.72
-3.94
-0.25
-0.98
2.01
0.89
-3.15
-0.87
3.24
-3.54
3.43
0.98
-1.93
3.79
-2.18
-1.06
1.34
1.84
1.94
1.87
2.36
-1.73
-2.93
-1.9
1.93
-1.34
-1.36
-0.97
-1.99
-1.08
-1.58
-1.07
-1.42
0.06
3.18
2.52
0.64
2.52
1.72
-3.51
-3.4
-2.54
1.83
3.77
3.69
-3.07
-3.02
-1.72
1.8
-1.7
1.88
-0.59
0.19
-0.22
-1.58
2.01
2.99
-2.36
1.1
-0.66
-1.76
1.83
-2.89
0.31
2.05
0.49
-1.6
2.01
-3.4
-0.7
2.3
2.83
-3.88
1.44
1.27
0.9
0.45
-2.69
-1.58
0.99
-2.32
-3.64
1.24
3.72
1.04
3.01
2.75
2.8
-2.37
-2.83
3.53
-1
-2.58
-1.63
2.26
-1.22
-3.66
-2.49
-2.29
-0.81
2.54
-1.03
-2.32
-1.51
0
3.06
-0.71
2.75
2.52
1.53
-2.45
1.68
3.23
-3.89
-2.35
-2.13
-3.42
-2.6
3.27
3.05
1.75
-0.4
0.38
3.44
-0.23
-0.7
1.41
1.75
3.19
-1.51
0.55
-1.06
3.6
3.23
2.45
2.72
2.69
-1.25
-0.29
1.99
-0.28
-4
-3.72
0.11
3.62
-2.15
-0.22
-2.7
-3.29
0.38
-1.81
2.94
-1.75
-1.33
1.45
-1.07
2.6
-1.75
2.72
-3.3
-2.35
1.54
3.56
0.02
-3.03
2.62
2.09
4
-2.34
-1.06
-0.81
1.84
1.7
-2.72
-0.68
1.74
-0.68
-3.74
3.82
-2.08
3.52
0.1
1.04
-1.19
-3.71
1.62
-3.32
0.92
-2.23
-0.48
-3.88
0.44
0.04
-1
0.33
2.19
-3.56
0.26
-0.86
-3.01
-0.24
-0.22
3.65
1.78
-2.82
0.36
-2.76
