-9
3.35
3.71
3.62
2.33
-1.57
0.79
-2.82
1.55
-3.5
0.75
-0.27
-0.64
1.93
-2.84
2.22
2.15
-1.19
2.76
-2.2
-1.31
0.95
1.14
1.3
3.06
1.13
2.82
2.16
-0.26
0.46
3.26
-2.38
-0.06
0.37
3.73
1.58
-1.93
-0.1
-2.21
-2
3.25
-2.18
2.79
1.68
-0.3
-3.47
3.79
-0.94
-1.4
1.57
-2.51
-1.04
-1.57
-1.45
2.56
0.02
-1.79
-1.59
-3.45
-2.8
-0.39
2.63
1.45
-2.91
-2.76
-0.88
3.79
2.99
2.21
-0.41
0.15
-1.76
-2.99
0.76
-1.45
-3.13
2.17
3.46
-2.4
2.53
1.34
-0.24
-0.44
2.18
-1.04
0.29
3.2
-2.62
1.82
-0.3
-0.64
3.67
-0.65
-3.41
2.39
-3.38
0.37
1.69
0.44
-3.43
-3.26
-3.2
0.86
3.02
-2.59
3.26
-2.05
1.67
-4
1.68
1.86
-1.25
-3.2
-1.98
-0.14
3.86
-0.93
3.28
2.14
0.96
-0.07
2.4
-2.84
-1.5
-3.78
0.49
2.89
-3.58
2.37
-2.07
0.5
-3.52
-0.98
-2.97
1.78
0.54
2.91
0.54
0.76
-0.29
-1.66
-2.48
-2.62
-3.86
1.85
-3.4
2.86
-2.67
0.73
2.54
1.55
1.1
3.55
3.48
0.65
-1.65
3.64
-1.65
2.79
0.93
-3.64
-2.48
3.31
2.08
-2.82
1.38
3.74
3.78
0.25
3.33
-3.05
2.53
-1.49
-1.57
-1.39
-1.6
1.02
-2.98
0.66
3.62
1.63
1.56
-0.3
3.84
0.38
3.41
-3.07
-0.46
0.38
-0.57
0.9
0.56
1.76
3.84
-0.66
-3.18
-1.78
-0.69
2.96
-3.53
-3.13
3.08
1.08
1.41
1.58
3.03
-1.42
1.11
0.86
-1.76
1.33
2.62
1.69
3.18
3.3
-1.2
1.82
3.48
-2.31
-2.22
0.44
0.19
-0.61
-3.19
-1.58
0.4
-3.23
-1.32
3.09
-2.21
-3.82
-2.29
-1.94
0.19
2.75
2.56
-3.53
2.3
-1.75
1.36
0.82
-0.18
2.68
-1.87
2.1
2.28
2.87
2.59
-3.47
-3.46
-1
-1.26
-2.39
1.18
0.04
0.68
-0.32
0.27
-1.02
-2.82
2.25
3.91
2.03
-0.93
-1.94
-0.38
0.56
-2.5
-3.58
-3.26
-1.68
3.53
1.23
0.33
0.96
-3.39
1.52
-2.74
-1.28
0.14
1.53
-1.81
-1.86
2.55
2.8
1.44
-3.91
0.89
-3.85
-1.94
-1.13
0.21
-0.69
-2.94
3.11
0.92
1.8
-0.39
-3.94
-1.52
-2.28
1.36
2.16
3.8
2.23
-0.53
1.52
1.28
-3.79
-0.58
3.17
-1.58
-2.46
2.84
-0.35
0.06
1.76
3.48
0.27
0.63
-0.48
3.68
-2.65
2.37
1.87
2.11
0.21
0.16
1.23
-3.96
-1.19
-2.1
-2.81
-3.77
-1.59
-3.84
0.04
-1.66
-3.69
-0.68
3.93
-1.18
0.67
0.73
-1.1
-3.55
-1.33
0.47
1.41
-0.95
3.16
2.32
3.34
-0.56
2.97
-1.95
0.01
3.79
-2.07
-3.89
3.26
-2.65
-3.95
-3.83
-3.4
1.26
-2.77
-2.69
0.42
-0.52
-3.98
-0.59
3.17
-3.05
0.7
-3.3
-1
0.62
-0.53
1.42
-0.56
3.75
2.76
-1.83
-3.12
0.49
-1.43
1.75
-2.73
-3.64
0.16
0.25
-3.59
-3.8
0.07
2.58
-1.24
0.5
0.12
1.64
3.22
-2.65
-3.96
-2.08
-0.98
-0.26
3.16
2.39
2.75
2.27
3.05
3.39
0.32
0.51
0.68
3.52
-1.41
1.88
3.29
0.11
-1.31
-0.52
-3.96
0.06
3.33
-0.23
-1
2.96
0.88
2.12
1.94
2.51
-3.5
1.83
2.2
-1.92
3.7
0.83
3.15
1.14
1.34
0.18
3
-1
-2.68
0.77
3.93
-0.1
-0.48
0.55
-0.02
0.88
1.21
-4
-1.05
-0.27
-2.69
-0.01
-1.4
3.26
-3.26
-3.81
-2.5
-3.38
-3.68
-3.47
2.89
2.49
2.32
-1.41
3.82
1.77
2.74
-1.86
2.78
2.51
0.49
1.04
-1.26
-1.45
-0.16
3.11
-0.56
-3.67
-1.86
-2.94
-2.7
-3.51
-1.12
-1.54
-3.24
-0.3
-1.78
3.9
0.4
1.14
-1.32
2.38
-1.32
-3.22
1.89
-2.56
1.58
-3.08
0.73
2.21
2.15
-0.94
-2.77
0.44
3.25
0.28
-2.75
-3.96
-0.59
-2.37
0.76
-2.83
2.49
3.27
3.24
2.39
-0.39
-0.15
-2.18
0.12
-0.45
2.84
1.75
-2.36
-0.17
2.11
-1.65
-2.05
0.67
-1.6
-2.48
-1.49
-0.4
-0.07
-1.09
2.24
3.27
2.45
-0.79
0.49
-1.55
-1.83
0.49
-1.24
-3.63
-2.5
3.89
-0.58
-2.46
3.5
1.84
-2.28
3.1
-3.39
-1.34
3.31
1.32
3.59
-3.4
-2.87
-2.08
3.3
-0.62
-3
-3.89
-1.76
1.58
-1.45
0.35
-3
3.13
1.16
-3.36
1.34
-2.34
-2.63
-1.66
-1.02
-2.74
-1.68
2.23
2.94
-3.6
1.17
0.57
3.8
-0.58
-1.02
-2.74
-0.39
-3.09
3.68
1.84
-1.93
-1.43
-0.85
2.79
-0.51
-1.35
2.14
-0.07
1.34
3.07
-3.46
-3.64
-3.33
-2.92
-2.24
2.96
-2.71
0.97
-1.67
2.33
2.29
-1.09
-1.02
2.89
2.22
0.43
-3.69
2.83
-1.41
-2.72
-3.26
-3.92
3.46
3.33
2.57
-1.23
2.51
-1.42
2.86
-3.68
-0.87
2.4
-3.12
3.87
3.87
0.8
-0.1
2.71
-2.35
0.03
3.98
2.64
2.59
-2.66
3.56
3.17
3.59
0.26
-3.43
3.06
-1.66
3.31
-2.67
0.05
2.33
-3.54
-3.1
-2.66
-1.48
2.99
-3.56
2.72
2.11
-1.99
-0.8
3.89
-1.98
-0.88
3.03
-2.59
-3.47
-2.4
1.17
2.57
-2.69
-1.9
-2.5
2.12
3.78
3.41
-0.81
-1.76
-1.99
3.81
1.99
-0.17
1.07
0.84
-2.47
3.4
-0.1
-1.45
0.19
-1.34
-0.42
-2.74
-3.47
0.57
2.15
3.67
1.14
0.46
1.24
3.16
2.52
-3.26
-1.87
-1.24
-1.27
0.23
2.97
-1.21
-2.43
-0.88
-0.2
2.2
0.7
2.31
0.02
3.37
-1.18
1.19
-2.42
3.64
1.52
1.99
1.42
-1.49
-1.01
-3.96
-2.44
0.93
3.97
-3.9
-1.74
2.73
1.01
-1.15
-2.72
1.25
-2.31
-1.7
-1.9
1.31
-3.57
-2.9
-3.03
-2.94
2.87
1.38
0.56
-1.77
-3.45
2.78
0.85
3.96
-1.12
1.61
-2.37
-3.47
-0.68
3.63
3.77
-1.31
-1.34
-1.96
-1.18
-2.53
-3.14
1.08
-2.81
-2.15
1.02
2.78
1.68
-3.49
-0.92
0.28
3.2
0.42
1.02
0.36
-0.35
1.62
-0.51
3.34
0.38
-2.81
-0.75
-1.69
-0.16
3.41
-2.79
-3.25
-2.08
-1.93
-1.47
3.42
-1.36
2.4
2.29
3.5
-3.8
-2.22
0.19
-1.29
1.21
-2.23
-2.9
0.34
0.87
2.61
2.41
1.22
-0.48
2.97
-0.03
-1.85
3.2
-0.67
1.66
-2.37
2.23
2.55
-2.77
-2.22
-3.37
0.27
0.85
-0.4
1.98
-0.34
-2.37
-3.2
2.14
1.52
0.15
-2.14
-2.58
-3.22
-1.88
-1.4
-3.92
2.91
1.44
1.24
-3.01
0
1.24
-1.04
2.1
-3.62
-3.78
3.31
-3.27
0.65
-2.73
-2.35
-3.45
-1.6
-1.93
-3.06
0.92
1.51
2.37
-2.8
0.97
1.61
3.09
2
-1.19
-1.89
-3.27
2.42
-2.79
-0.94
-2.45
3.32
-2.9
0
-3.21
0.64
3.04
-2.11
1.5
1.6
-0.56
-1.68
-3.94
-2.52
0.24
-1.5
-2.69
3.03
2.72
-2.83
1.68
-1.42
-3.46
0.23
-3.74
-0.61
0.91
3.24
-3.86
-0.01
3.65
-2.2
2.1
1.68
-0.9
-2.04
-3.46
0.55
-2.39
1.43
-2.09
-0.98
-4
-3.23
1.76
-1.35
1.54
1.61
-2.24
-3.69
-3.2
-2.3
3.7
-3.97
1.38
2.97
2.77
0.87
-0.27
1.4
3.74
3.8
-2.26
-2.49
1.95
-2.37
0.23
-1.61
2.39
-1.73
-2.05
0.76
1.42
-2.72
3.26
-1.34
-1.43
3.78
2.48
1.62
1.85
3.31
1.47
3.84
-0.82
1.95
-1.89
2.06
-3.71
0.13
-0.81
-0.33
-3.18
0.21
1.7
-1.88
-2.72
2.49
-1.18
0.12
2.43
-0.86
3.23
3.49
2.36
0.05
0.28
2.42
-3.22
-1.28
0.39
3
2.4
2.12
3.55
-3.58
-1.68
-2.09
2.33
4
3.53
2.17
-1.9
-1.75
3.08
2.28
-0.06
-2.79
-0.41
1.14
-2.63
0.09
0.95
-1.65
3.19
-1.3
-3.92
1.99
-2.52
3.14
-2.33
-0.31
1.28
1.58
3.74
0.2
1.27
-1.3
0.66
1.27
3.8
3.38
-3.85
-1.17
0.6
-3.74
-2.96
0.97
-3.6
-3.93
-3.9
-0.93
-1.18
-0.36
-2.66
-3.7
-1.95
0.05
2.94
0.84
-3.66
0.34
-3.58
3.2
2.33
-0.16
-3.12
0.52
-1.49
-1.12
-2.99
-2.77
0.55
2.33
1.35
-2
-0.07
-1.89
1.76
2.93
-2.34
-0.89
1.58
-2.6
3.03
2.6
-3.14
-2.36
0.23
3.44
-1.85
-2.78
-0.23
3.82
0.92
-0.55
2.95
-3.04
0.5
-3.25
3.38
0.52
-1.54
1.53
3.07
2.88
2.52
0.5
2.29
3.34
0.38
3.94
2.3
-4
-0.82
1.24
2.76
3.03
-3.84
3.74
-1.03
3.25
-3.71
-0.92
-3.28
3.79
1.47
0.73
-2.6
-2.11
-0.94
-1.04
1.61
1
3.56
1.14
-3.36
-3.95
-1.66
-3.85
-3.93
0.37
-0.65
0.89
-0.95
-1.78
-1.08
-0.24
0.64
3.69
0.7
3.92
-3.2
0.77
1.79
-3.88
0.23
3.39
0.8
3.28
-2.6
-2.21
-0.9
0.4
0.28
-2.58
-1.68
-2.7
-3.55
2.05
0.59
2.71
0.69
-3.99
3.66
2.61
-0.1
-0.6
-3.98
2.51
0.87
-2.3
-3.91
-2.28
1.2
-0.86
-1.84
-3.16
3.21
3.43
-3.1
-2.75
-0.74
-0.94
2.75
2.29
-2.74
2.96
-3.39
-2.38
3.9
-2.38
-0.69
2.59
-0.91
2
-0.77
-3.22
1.12
3.19
0.23
-3.17
3.37
2.29
-1.59
3.7
-2.31
-2.62
3.2
-2.87
3.27
-2.52
-1.9
-2.98
1.14
-0.67
-0.56
-2.38
-2.74
-2.63
1.34
0.95
-1.22
2.4
2.61
-0.75
2.4
-2.5
2.63
3.21
3.91
-2.63
-0.28
-3.99
-0.81
-3.93
-2.11
0.97
-3.35
3.06
0.59
3.89
3.76
3.49
-1.64
2.42
3.52
-1.72
-2.56
3.76
-1.45
-2.39
3.53
-0.25
-2.15
3.29
2.05
-3.04
3.68
3.17
-2.7
-3.82
-1.25
4
-2.78
1.89
1.76
-1.92
1.84
1.07
-2.57
2.48
-3.03
-1.8
0.78
1.45
1.19
-0.7
0.03
-3.81
-0.27
0.11
-3.95
2.88
0.66
2.3
-2.16
3.98
2.16
-0.1
-1.98
-3.07
1.3
-2.51
1.75
0.4
1.13
3.76
2.26
0.48
-3.35
1.44
0.45
0.38
2.32
0.08
-3.37
1.32
2.98
0.4
-1.91
-1.25
0.93
3.49
-0.57
1.19
-3.88
-0.12
-0.66
-1.07
0.05
1.79
-0.08
-2.07
-0.95
-3.5
-2.83
3.49
0.45
-3.63
-3.68
1.43
1.05
3.56
3.54
2.3
3.66
-0.32
-3.45
-3.43
1.66
0.52
-3
-2.24
-2.19
3.27
0.01
1.82
2.06
-3.45
0.27
-2.75
0.42
-0.68
-3.58
-1.13
-2.49
-1.48
-2.68
1.82
-1.1
-2.85
-3.14
2.6
0.08
0.66
1.7
1.37
3.95
1.14
1.54
0.45
-0.67
-1.24
1.27
3.53
0.79
-1.84
-3.89
-0.22
0.5
-0.64
-2.57
-0.1
0.1
3.07
-2.99
-2.28
3.13
0.66
0.78
1.14
-1.64
-1.27
1.68
0.51
-0.35
-1.6
1.69
1.15
-2.43
2.64
1.87
-3.09
-0.98
3.83
1.92
-2.35
2.06
-3.1
2.09
3.36
-1.6
1.54
-2.68
3.54
3.73
0.97
-1.5
1.01
-0.35
-0.02
2.24
-0.72
-3.64
-3.61
-1.91
-3.41
1.09
-3.24
-0.12
-1.61
0.48
-1.03
-1.79
1.86
1.5
-3.49
-3.13
0.27
-2.86
3.36
-0.33
2.23
2.58
1.43
-1.26
0.82
-2.59
2.14
0.79
2.68
3.9
-3.33
-2.5
1.59
-3.6
-1.42
-3.46
-1.37
1.74
1.33
0.57
1.3
1.03
-0.3
-1.12
3.43
-0.68
-0.54
-1.96
3.21
0.1
2.23
-0.14
0.3
-3.69
-4
0.71
-1.07
1.65
1.27
3.18
2.96
-0.02
1.2
-1.51
-0.2
-2.53
0.63
1.46
-1.09
3.97
2.24
2.54
-0.18
-1.22
2.37
-2.8
-1.12
-1.45
-0.69
-2.51
1.96
0.09
1.58
-1.42
-2.33
0.82
1.21
1.28
-3.61
1.87
1.62
0.98
-3.54
2.16
1.62
-2.68
3.83
-2.79
3.08
1.96
2.7
2.01
3.13
3.24
1.86
3.7
-3.96
-2.49
-2.06
2.81
-2.17
-3.62
-1.66
-0.22
-2.78
-1.14
2.4
-1.38
-3.18
2.99
0.27
3.35
1.07
1.04
-1.65
-2.74
2.07
1.66
1.17
1.05
-2.63
-2.33
-0.53
1.36
-1.21
3.96
0.96
2.35
0.72
-2.03
0.77
-0.31
-0.67
-2.41
0.04
1.23
-1.36
0.69
0.94
-1.24
-1.08
1.21
-3.61
-3.91
-2.31
3.36
-3.07
-1.92
0.88
0.6
-2.37
-1.62
0.34
0.9
1.43
-3.85
0.92
0.98
-3.02
-2.73
1.9
-3.96
1.9
2.85
-1.79
-3.43
0.02
-0.52
-3.01
1.13
2.62
-2.63
-3.28
-1.59
-1.88
0.17
-2.72
-0.62
-0.33
-0.56
3.02
-1.13
-2.53
-3.89
-3.66
-1.61
3.35
2.44
0.16
-0.11
-3.69
1.67
-0.29
-0.34
0.86
-1.12
3.32
-2.46
1.88
-2.89
-0.66
1.46
-2.91
3.75
1.99
-3.75
-2.35
-2.07
-1.23
-2.74
2.88
-2.47
-2.69
1.54
-1.75
-0.98
2.58
1.78
2.51
3.83
-2.78
1.58
3.32
1.11
0.82
-3.05
1.67
1.06
1.55
3.25
0.85
3.74
1.51
-1.45
-3.9
-2.45
-2.22
-2.28
-1.87
-3.92
-3.27
1.42
-0.33
-1.1
