-4
2.78
0.35
2.17
-2.59
-2.17
0.3
-2.47
-0.96
2.05
3.89
1.76
2.15
-0.02
-1.08
1.04
-1.41
0.59
0.39
-0.48
0.41
3.15
0.03
2.76
1.44
-3.3
-2.77
0.85
-0.35
2.42
3.1
-0.19
-2.1
0.41
-3.9
2.05
0.6
3.51
-0.35
-0.29
-1.05
-0.68
0.7
3.46
-1.34
-1.66
-0.59
1.81
2.8
1.1
1.5
0.14
-2.98
-3.86
2.5
1.87
-1.25
1.59
-3.28
-3.3
-3.41
3.45
1.88
0.62
2.96
0.08
-0.15
-2.27
-0.13
0.88
-3.57
-0.92
-3.07
-3.33
-3.43
-2.92
-1.56
0.57
0.09
-0.91
1.3
-0.57
2.06
2.56
-3.09
-1.05
-1.22
-2.24
1.92
-1.76
-0.71
3.01
2.78
-1.06
-0.88
-0.5
1.44
-3.93
-3.5
2.59
2.49
-2.33
-2.06
-2.09
0.66
-1.59
-0.8
-3.65
3.58
1.41
-0.58
2.18
-2.51
1.63
-0.59
1.17
-2.61
3.33
-0.3
0
-2.71
-1.91
-0.18
-2.37
-2.42
-2.57
0.31
2
1.56
1.07
-0.35
-1.63
0.06
1.51
0.6
-0.37
-2.51
0.14
-2.11
2.5
3.75
-1.57
-1.82
-3.49
2.82
1.12
1.51
-2.86
3.53
1.95
-1.89
2.12
0.37
0.51
1.3
0.4
1.85
-3.7
-3.68
-0.77
2.11
1.21
-1.2
-1.49
-2.25
-2.95
-1.88
-0.01
-2.98
3.79
-0.32
1.25
1.43
1.21
0.25
2.87
3.92
-0.69
-1.19
0.47
-0.08
-0.84
2.47
3.61
-1.05
1.54
2
3.55
-3.79
-3.8
1.78
-2.82
-0.19
2.67
-3.61
-1.47
3.63
3.68
2.76
1.77
-1.01
-2.48
-3.89
3.75
-1.73
0.87
-3.32
3.17
-3.75
2.43
0.49
-1.46
1.5
-0.14
3.31
-1.06
2.75
-0.8
3.56
0.22
-0.95
-1.43
-0.22
-3.18
-1.99
-1.51
-2.57
2.76
0.81
-2.29
3.25
-3.77
0.56
1.04
-2.52
-1.6
-0.95
2.73
1.34
2.09
0.85
2.84
3.3
-2.22
-0.28
-0.76
-0.31
3.96
3.36
1.45
-0.21
0.43
-3.89
-1.47
-1.28
-3.58
1.75
3.3
1.73
3.78
-0.57
-2.08
-1.64
2.55
3.19
0.25
1.98
-3.55
-1.63
0.91
3.9
-3.98
1.87
-2.53
3.37
0.22
-0.72
-2.01
1.1
2.77
2.81
-2.52
3.41
3.36
1.93
-1.18
-3.89
-1.98
-1.68
-2.95
0.66
-0.24
-3.01
1.56
-1.34
-1.07
0.48
-3.25
-1.4
3.47
1.26
-0.76
1.58
-1.55
1.56
-0.23
2.56
2.65
-0.83
2.51
1.14
-0.25
-1.81
2.96
-3.03
-2.06
-1.48
-1
-3.39
0.37
0.13
-0.04
2.13
-2.68
-3.75
0.14
3.03
-3.7
2.81
0.44
3.74
-1.47
3.4
1.63
-2.49
-0.43
-0.1
0.96
-2.21
-1.84
0.26
-2.53
2.85
-0.18
-0.09
-3.1
-2.44
-1.97
0.58
-3.29
-3.6
-2.53
-3.87
2.23
-0.66
-2.71
1.11
0.26
-1.81
-2.58
0.74
2.25
3.85
2.73
2.77
-1.39
0.36
0.56
1.45
1.41
2.05
1.57
-2.8
2.46
-3.89
-1.34
1.11
-1.69
1.41
3.35
-1.43
1
-0.27
2.1
0.03
2.27
-1.6
-2.84
-1.71
-3.79
2.46
3.65
-1.24
-3.64
1.43
2.01
-2.38
-3.89
1.06
-2.7
0.54
1
0.58
3.18
-1.33
-1.16
-3.74
-2.33
2.12
-3.33
0.19
-1.2
2.85
-1.15
2.86
3.75
-1.48
-2.25
-1.3
-3.51
-3.79
-0.8
-1.74
1.24
2.95
2.41
-1.2
-3.17
-2.97
-1.9
-2.97
0.99
1.25
0.11
-1.2
1.57
-3.59
0.55
-0.58
-2.82
2
-3.28
-0.96
-2.38
0.03
-0.34
-3.21
3.92
-2.49
1.68
-0.52
3.88
1.42
0.56
-2.92
-2.66
-1.27
3.35
-3.78
0.27
-3.96
3.43
-3.36
0.01
3.64
3.2
1.55
-1.26
-3.96
-2.72
3.33
1.98
2.33
-2.49
-1.5
3.5
-3.85
-3.36
-2.79
-0.71
1.61
-1.11
3.33
-0.65
2.62
-2.84
3.58
-3.32
-0.98
-2.54
-1.17
-2.94
0.32
3.16
-2.86
2.57
-3.93
3.03
-2.02
0.83
2.11
2.05
3.88
-3.77
2.36
1.51
-2.45
-0.09
-1.94
-2.41
-2.81
-1.91
2.14
0.94
2.66
1.15
-3.9
1.3
1.39
2.48
3.63
0.86
3.72
2.59
2.45
2.27
-2.35
3.18
-3.64
-0.06
3.43
-2.88
2.66
0.38
1.18
3.57
-0.98
3.09
1
-2.89
3.62
-0.33
2.63
-2.57
-3.74
-3.26
-1.07
3.38
-3.51
-0.01
2.46
-1.22
-2.37
-0.49
1.21
-2.76
2.33
-2.72
-2.22
-3.91
-0.15
-1.63
-0.46
2.12
-1.83
-3.93
-0.57
-2.25
3.77
3.1
-1.87
-2.99
-3.71
0.28
2.86
-0.04
2.23
2.29
2.32
1.7
-0.67
-1.72
2.68
0.38
1.48
0.64
3.49
-0.86
3.17
-0.07
-2.77
-2.27
1.3
0.91
1.26
1.24
-3.88
-3.5
3.27
-3.81
1.32
-2.83
3.62
-2.6
-2.15
1.45
-1.52
1.36
0.66
-2.75
-0.99
-3.96
-1.03
0.09
0.76
-2.43
-0.3
3.16
-3.36
1.53
-3.42
-3.72
-1.41
-0.17
1.86
-3.6
-0.29
-0.61
3.02
-2.38
-0.17
1.73
3.02
2.13
-3.62
-1.85
-1.34
1.28
-1.48
-3.98
-1.84
-1.88
2.49
1.91
-3.08
-2.81
2.76
-2.79
-3.86
-0.31
-2.46
-3.04
3.87
-2.26
3.61
1.03
2.59
-0.21
-0.46
-2.55
-2.27
3.09
2.35
-0.97
1.43
1.29
-2.98
0.85
-0.3
-1.4
2.91
2.42
0.64
-3.39
-0.64
2.46
-2.2
0.68
-1.1
0.67
-2.36
-1.5
-0.75
-0.68
-3.93
-1.14
1.86
1.28
2.52
-0.64
-0.43
2.88
-2.27
-2.94
2.3
-0.93
-0.22
-0.55
-3.53
-0.37
-3.84
-2.09
1.51
1.54
0.78
-0.88
0.33
3.25
2.38
-2.86
-0.78
-2.1
-3.12
2.88
3.81
3.24
-0.16
-0.98
-1.04
-1.43
3.43
-0.25
2.33
-3.66
3.04
-3.97
0.69
-0.43
-1.68
-3.71
-1.32
2.35
0.2
3.28
0.5
3.73
0.99
1.71
2.55
0.95
2.54
2.62
2.91
1.37
-3.87
-2.34
2
-1.14
-2.74
3.06
3.24
-3.24
-3.51
1.91
0.2
0.42
-0.41
1.17
2.5
0.75
2.44
-3.25
0.92
2.09
2.47
0.88
1.7
-2.4
-1.63
-3.93
-1.75
2.13
0.47
2.01
0.04
-3.2
0.85
-3.04
-3.79
1.38
-1.96
-2.18
-1.69
-0.73
-2.95
-2.09
1.85
2.3
-0.93
-3.92
0.14
3.82
3.21
-2.21
2.52
1.78
-2.3
-3.19
2.9
-0.75
-0.04
0.39
-3.52
-2.82
0.81
-2.9
0.29
-1.51
-2.13
-0.61
3.58
-1.37
0.96
-2.88
-1.29
0.62
2.44
-2.35
1.03
0.56
3.03
3.41
2.54
-1.71
-0.06
-1.57
2.93
-1.33
3.5
2.26
3.11
0.03
-1.94
0.96
-2.58
1.65
-2.67
-2.87
2.47
3.95
1.62
-0.64
0.43
3.68
-3.49
-2.49
-1.14
2.09
3.09
-2.1
3.35
-3.95
-0.21
-1.66
0.22
0.55
1.86
2.2
1.24
-1.63
-1.82
-2.39
-1
-0.39
0.29
-0.46
-3.43
4
3.71
1.06
-0.72
1.3
-0.82
1.08
2.94
-0.33
-1.02
2.86
-2.23
-1.57
3.58
-3.16
-0.41
1.6
2.91
3.06
-3.76
3.72
-3.27
0.87
3.8
-0.86
-0.1
0.09
1.77
0.01
-3.65
-3.19
-0.61
0.97
-3.06
-1.14
2.38
-1.97
2.62
-1.95
0.87
2.71
-0.59
-3.45
-2.43
3
0.42
-1.2
-1.2
-2.66
2.03
1.41
0.71
1.24
-0.71
-3.15
3.27
-1.16
1.27
-3.86
-2.6
3.09
3.32
-1.07
-0.69
-1.84
-0.53
0.8
-2.51
0.71
-1.54
-2.45
2.98
0.86
-1.82
-2.46
0.31
-3.82
-0.71
-3.21
2.72
-2.91
-2.71
0.43
1.98
-1.05
0.11
2.15
-2.33
-3.92
-0.4
-0.46
0.77
2.48
-3.36
1.78
3.39
-3.53
1.24
3.41
-0.47
3.62
-2.69
2.09
2.88
0.47
2.43
3.85
-0.95
-2.25
0.54
3.09
3.55
0.47
-2.57
-3.7
1.8
-1.12
0.95
-3.64
2.06
1.32
-0.88
-2.6
-2.89
2.93
0.79
-3.5
0.22
0.4
-1.85
-0.16
-1.06
-0.11
1.27
3.1
3.79
-0.79
1.56
-2.5
0.52
0.27
-0.91
3.93
-0.45
0.51
0
-3.71
1.05
-3.67
3.99
0.5
-0.48
0.88
-2.65
2.21
0.49
3.91
0.98
3.96
3.68
1.93
-0.37
2.66
3.61
-3.3
0.14
-0.34
3.2
-1.67
-3.48
-1.41
1.33
-0.55
-0.16
-2.21
-1.78
-0.8
1.86
0.6
-1.07
0.49
-0.55
-0.12
0.42
1.65
-3.69
2.07
-1.47
3.06
-1.4
3.88
2.23
1.6
-2.18
2.6
-3.37
0.44
-3.68
-1.15
-3.63
-3.66
-2.9
-1.29
3.82
1.4
3.18
-3.93
-2.96
3.57
-0.01
-2.71
-1.95
-3.63
1.03
-0.81
-1.53
3.75
-1.77
-2.05
-3.62
2.08
-2.88
-3.87
3.74
-3.36
0.36
3.74
-2.38
1.24
-2.85
1.78
-1.12
-1
0.22
-1.41
-0.61
-3.26
0.07
3.03
2.48
-3.77
1.02
-1.03
-0.93
-2.69
1.83
1.86
-3.43
2.64
0.12
-3.12
-1.79
2.37
-1.54
-1.7
3.22
-3.04
-1.02
3.17
-2.97
3.45
2.46
-0.2
2.42
2.21
2.41
3.05
0.15
-1.57
3.8
-2.27
-0.32
-0.79
-0.52
-3.85
-2.95
2.16
1.07
2.42
-1.18
2.51
3.16
-1.02
-2.88
-3.74
-0.43
0.51
-3.46
-2.08
-0.63
-1.58
1.76
0.9
1.99
3.04
-2.22
-2.78
0.55
0.86
-1.1
2.78
-2.3
2.14
2.85
-1.62
1.21
3
-1.11
-1.69
-2.76
-2.94
-0.1
0.56
0.35
-1.47
-3.72
-0.53
-1.33
2.16
-1.36
-2.1
2.51
-1.77
3.07
1.38
-0.02
2.79
1.23
0.44
2.37
3.84
-2.4
-3.8
-0.48
0.04
0.81
-2.99
0.14
2.75
-0.94
0.58
-2.38
2.23
-3.33
-1.69
2.53
-2.81
-3.45
-0.55
2.75
2.32
2.55
2.4
-1.78
-3
-3.73
3.47
3.08
-2.53
2.41
2.42
-2.23
2.45
-0.06
-2.59
3.46
-0.31
-2.96
-3.7
1.73
3.28
3.33
-0.07
-0.91
2.07
-3.73
-3.73
-2.45
0.75
2.85
-1.22
2.23
-2.23
1.7
-3.95
-2.72
-0.8
1.99
-1.48
-0.24
1.34
-2.07
-1.33
-3.67
0.64
-1.2
-0.83
-1.71
3.27
-1.15
-1.17
-3.85
-3.76
1.73
3.48
2.99
-1.38
-0.69
0.15
-3.28
-4
1.92
-1.68
-1.38
-0.37
-3.81
4
-3.25
-0.11
-3.87
0.26
1.71
2.53
0.55
-3.61
1.34
0.66
-0.41
2.46
-0.74
1.11
1.99
-1.71
-2.1
0.02
-1.38
1.99
0.05
2.23
-2.93
2.67
3.9
-2.17
-2.21
-0.24
3.42
3.62
-3.95
0.71
0.45
-1.19
-1.58
2.41
3.13
2.59
1.12
-2.37
-0.3
1.33
-1.87
-1.67
3.03
0.85
-3.11
-0.38
-1.99
-0.38
-3.58
2.6
-3
-1.79
-0.05
-1.48
-1.19
-2.53
0.37
-0.12
0.73
-3.22
-3.03
1.73
0.6
2.88
-1.99
-3.55
-1.32
3.58
-0.84
-0.69
2.91
-3.01
-1.72
2.72
0.09
2.74
3.64
-0.96
-3.06
2.18
-2.26
-0.2
3.2
-2.54
-0.29
-1.77
2.87
3.9
-0.41
1.66
-1.78
-2.76
0.91
-1.08
0.36
0.4
1.73
-3.86
-1.17
-3.56
-3.07
-1.56
-3.54
1.11
3.7
-4
3.93
1.23
2.44
0.08
-2.17
-2.68
-1.06
2.55
3.04
1.18
2.54
-0.86
-0.83
3.78
-2.42
-1.22
-0.01
1.5
-2.91
1.66
0.09
3.37
-1.65
3.7
-3
3.49
-3.8
-3.51
1.24
3.31
-0.67
-1.92
-2.23
-0.3
-1.69
-2.37
-2.54
3.52
-0.17
-3.11
2.31
2.36
-0.11
3.19
1.87
-1.41
0.98
-0.94
2.86
2.16
2.45
-1.04
0.02
-1.97
-0.08
-3.44
-1.13
2.74
-0.93
-1.66
-2.89
-1.56
-2.69
3.73
-2.16
0.45
-2.63
3.47
1.47
3.95
-2.69
0.48
-2.33
-3.81
3.35
1.74
-0.53
-0.83
-2.18
2.42
-1.5
1.15
-2.37
3.09
-3.15
-3.63
2.07
3.74
3.79
-2.25
2.77
-1.28
0.44
-2.52
3.79
-0.13
1.05
0.16
1.34
-2.58
-2.78
1.52
1.6
2.91
0.84
-2.03
-2.71
-0.18
-1.32
2.19
1.09
3.7
0.92
0.65
3.85
-0.04
-3.2
-1.78
2.87
-2.53
2.38
-2.37
3.69
-0.28
-2.82
2.6
-3.97
-3.82
-3.59
-0.52
-3.32
3.32
1.83
-3.6
1.19
0.99
3.56
-1.28
-1.75
2.88
3.09
-1.75
1.05
-2.41
0.66
3.07
1.81
3.8
-2.36
-0.18
-0.94
-1.18
1.29
-0.13
-0.96
3.6
1.83
-2.13
1.73
2.25
-2.06
-2.9
-0.59
3.21
1.5
1.77
-2.13
0.52
3.46
-1.15
0.41
2.08
3.98
4
-1.62
0.13
0.58
2.09
3.06
-1.89
-3.22
-3.77
2.55
0.59
-3.59
1.87
-1.98
-2.04
1.36
1.6
3.16
1.68
1
0.01
0.93
1.99
2.84
1.85
0.1
2.89
1.2
-2.71
-3.67
2.79
3.42
0.99
-1.16
1.3
-2.52
2.91
-0.99
3.75
-1.18
-0.39
1.46
-2.3
-1.45
2.82
2.79
3.63
-0.25
3.92
3.16
-2.14
-0.31
2.73
-2.92
-0.03
-0.94
0.4
1.29
2.74
-2.02
-3.84
0.92
3.5
3.91
3.76
1.18
-0.57
-0.98
0.73
-3.53
2.46
-1.41
3.42
-1.14
-2.62
2.55
-0.78
-0.57
-3.98
3.07
0.47
-0.86
1.29
-1.87
2.48
-0.9
-3.32
-0.1
2.88
-1.77
1.09
-2.39
0.28
1.76
-1.35
2.7
1.96
-2.2
-1.2
-2.37
-0.65
0.61
3.02
3.45
-3.3
3.27
0.28
-0.13
3.7
1.42
3.84
-3.03
1.27
3.68
1.51
1.03
3.64
