-7
-1.63
0.12
3.44
-3.36
0.02
1.18
0.32
0.45
-1.96
2.08
3.74
3.88
2.21
1.96
-1.85
-2.52
0.32
-0.29
-3.39
1.83
-1.44
1.38
-0.31
3.04
2.49
-3.83
-1.95
3.54
0.18
0.32
-2.72
-3.18
2.45
-0.24
3.14
1.07
3.63
1.57
-1.63
3.72
-3.55
0.83
2.64
0.94
-2.05
-0.23
-3.06
3.34
2.48
-1.44
0.21
-0.42
0.07
0.68
3.97
1
-3.57
-3.6
-1.85
-0.16
-0.88
0.79
-3.73
1.72
0.79
2.92
-2.58
-1.55
2.83
1.08
-2.15
2.75
-2.67
-3.11
1.37
1.74
2.74
2.75
1.09
-1.29
3.24
-1.28
-2.95
-2.38
-3.89
1.71
0.75
-2.23
-0.2
-1.86
0.64
3.23
-0.58
2.54
0.6
-0.33
0.56
-3.09
-3.85
-0.96
-1.66
2.5
-3.49
-2.6
-3.3
1.46
-1.75
-0.82
3.31
-1.78
2.26
-2.32
-0.69
3.45
0.61
-3.6
-0.27
2.65
1.6
3.09
-1.84
3.66
2.65
0.68
-3.56
-1.37
-0.67
-1.2
0.29
-2.3
-2.82
1.82
2.6
-1.96
-3.64
-3.26
-1.79
3.66
-3.09
-1.35
-0.55
-2.44
-1.54
-2.43
-0.12
-1.04
-0.09
-0.03
-2.08
0.2
3.94
1.91
-0.68
-2.94
-3.13
-1.31
3.85
-0.17
-3.05
2.08
-1.87
3.45
2.89
1.61
-2.96
-3.57
-0.92
-2.73
3.08
-0.13
2.2
0.08
1.74
-1.06
-0.37
-3.4
1.19
1.08
-3.2
1.49
2.72
3.36
-3.13
-3.91
-2.24
-0.72
-1.5
1.53
-2.84
1.68
-3.11
2.38
2.7
-1.16
-3.48
0.01
-1.32
0.85
-3.48
-0.55
3.88
-1.36
0.9
2.06
2.01
-0.14
-3.84
-3.63
1.44
-3.73
1.5
-1.24
-0.98
-0.53
3.37
-1.22
2.57
2.79
-0.15
1.77
1.93
1.55
-3.9
-2.6
-1.03
3.82
1.38
-1.1
-1.58
3.63
1.92
-3.66
0.55
1.35
1.61
0.08
-1.55
-1.18
-1.91
1.9
-0.89
-1.87
-3.91
-3.11
-3.83
2.13
-0.65
-0.77
-0.53
1.74
1.44
-0.11
-3
-1.25
1.52
-1.68
-1.46
-0.5
-0.92
2.19
2.49
1.27
1.95
1.81
-1.65
1.16
2.22
1.68
1.86
-0.71
-3.68
-0.26
0.7
1.95
-1.34
-0.2
1.46
3.22
-2.78
0.84
0.46
-1.86
3.43
0.69
-1.82
-1.97
3.34
-2.2
3.83
-0.71
-2.47
2.96
3.75
-0.1
3.41
1.84
0.19
-1.72
2.54
-0.99
3.92
1.68
1.37
-3.82
1.42
-2.31
3.2
-0.94
-3.91
-2.28
0.87
-0.68
-1.73
2.24
-2.27
0.35
1.85
-2.74
-0.37
-3.68
1.82
0.42
1.85
-1.43
-2.25
-2.63
0
-3.21
2.54
0.82
3.62
-0.83
-3.33
2.21
0.93
2.78
0.78
3.24
3.28
-3.51
-1.16
0.28
-2.3
2.11
2.42
2.22
0.68
-2.5
-1.83
-0.94
4
-1.07
2.66
2.21
1.2
-0.5
3.84
-1.21
2.44
0.04
1.7
2.41
0.53
-0.73
-1.89
-2.3
-1.35
0.07
-2.69
-1.04
3.57
2.61
-2.02
-0.86
1.49
-2.46
-1.29
3.74
0.15
-0.46
0.69
-1.51
2.62
-0.53
0.82
0.68
0.51
-1.54
-2.99
-2.58
2.95
-2.02
-3.21
-0.77
-1.21
0.43
3.76
2.43
0
0.72
-0.44
-3.39
-3.82
3.22
-0.5
-2.61
-3.06
-0.48
-3.28
-0.35
-3.21
-3.91
2.64
-1.1
3.36
-0.8
3.79
-2.95
2.46
1.43
1.2
-3.82
-0.95
3.9
0.01
1.59
1.81
2.76
-3.66
-2.95
-2.21
0.28
-0.26
3.44
3.98
0.08
-1.7
3.41
3.98
-0.57
-0.26
-3.02
-2.26
1.37
-3.37
2.85
-0.66
1.9
-0.12
3.6
0.65
2.7
3.98
2.57
3.53
-0.62
1.56
-3.71
-0.8
1.92
-0.42
-1.82
-0.82
3.68
-2.14
0.51
0.35
3.21
-1.07
-0.73
-3.11
-3.63
-2.92
-0.98
-2.32
0.21
2.45
1.69
3.27
1.17
-1.76
3.92
-1.12
-3.26
0.4
-0.91
0.31
1.18
3.92
0.59
2.52
-1.99
0.21
-1.94
3.85
-2.45
1.8
-1.94
-0.49
0.12
-1.51
0.14
-1.03
-3.4
2.71
0.27
1.61
0.95
0.88
-0.69
0.93
3.88
-2.97
2.03
-0.33
-0.33
3.31
-1.56
-0.73
2.77
-3.81
3.18
3.3
2.34
0.76
2.88
0.17
3.03
-0.82
-3.88
2.42
0.38
-1.82
-0.86
-1.33
2.11
0.95
-1.73
-1.96
-3.87
1.49
3.36
-3.71
0.6
3.67
2.65
-3.03
2.18
2.39
0.17
-1.75
-0.64
2.8
0.74
-0.08
-0.68
0.84
0.63
-0.15
3.83
-3.9
2.59
-2.24
0.75
0.9
-3.45
1.69
1.9
-0.64
1.57
2.73
1.03
-3.6
-0.86
-2.73
-3.16
2.88
-1.3
2.68
2.12
1.91
2
-3.36
3.01
1.88
-0.95
1.59
1.44
3.22
3.36
-2.74
-3.69
2.43
-1.79
-3.97
2.9
1.59
-0.46
3.7
3.11
-3.05
-0.92
-1.18
-3.18
1.45
1.22
-1.04
-0.34
-0.53
-0.92
0.44
-1.86
1.96
1.73
-2.08
-1.9
1.95
-1.24
2.88
-2.15
-1.04
-3.75
2.68
0.01
0.3
2.42
2.6
2.19
-0.9
-1.63
-0.75
-0.66
-1
3.57
1.16
-1.18
-0.82
3.82
-2.44
-3.35
-3.91
-2.07
-2.03
0.13
-1.09
3.13
-1.65
-3.31
-3.71
1.93
-3.05
-1.17
0.67
1.85
0.14
-3.31
0.41
2.81
0.53
3.04
2.62
0.77
-3.45
-2.91
3.84
-2.9
3.15
2.39
-3.43
3.11
2.93
2.13
-2.81
2.22
-2.25
-2.97
2.28
-1.46
-2.91
1.18
0.06
1.91
1.9
1.18
-2.58
-3.59
2.67
1.15
-0.58
0.47
2.41
0.37
-0.71
-1.47
-1.97
-0.68
-2.63
-3.12
0.3
-2.2
3.99
-0.04
-3.88
-2.82
3
-1.17
-2.36
2.45
0.09
-0.9
-1.58
-2.14
1.71
3.36
-1.03
-3.29
2.88
-0.63
3.68
3.43
-1.57
-2.01
-1.03
0.11
-3.31
-1.44
-1.17
2.67
0.18
2.44
3.67
1.4
2.25
3.3
1.19
-3.91
1.78
0.71
2.18
2.59
2.78
-3.79
-2.95
-3.69
-1.95
0.55
2.66
-0.06
3.56
-2.68
0.44
2.01
-2.79
0.87
3.37
1.99
-3.01
0.02
-3.51
0.44
4
-1.03
-1.73
1.66
-0.56
1.02
-0.38
2.42
-1.84
-1.12
-1.06
-1.83
1.19
-2.92
-3.35
-1.78
-3.07
-1.35
-1.94
0.15
-0.1
2.9
3.11
-1.14
-2
-2.34
0.19
-2.63
3.93
3.21
3.1
-2.25
0.21
-2.26
2.6
-0.2
1.95
-0.6
0.87
1.03
-3.08
-3.77
-2.22
0.68
2.38
-1.73
-3.19
-3.88
0.22
1.15
1.05
2.34
-2.04
0.35
-3.47
-2.91
-0.13
3.42
-0.34
-2.22
-3.17
-1.76
2.5
-1.05
-0.22
-2.82
1.96
-0.55
-1.51
0.85
0.28
1.54
1.78
1.03
-0.78
-0.34
1.12
-1.58
0.48
3.73
-3.16
0.06
1.15
-1.23
-1.85
-3.25
3.79
3.87
-2.79
1.5
3.94
2.54
3.75
-0.91
0.2
2.69
-2.26
2.83
-3.11
1.19
0.32
1.37
1.64
3.38
-3.13
3.52
-3.44
0.94
-2.87
0.87
-0.02
-2.56
-1.07
-0.07
-3.07
0.77
1.09
-0.27
-3.2
-0.98
-2.61
2.09
-1.77
1
0.92
1.74
1.79
-1.31
-3.17
0.53
-2.08
2.29
-2.48
3.29
-0.59
-0.52
2.43
1.78
-2.11
-1.37
-3.81
-1.15
2.73
0.34
-2.49
2.49
-0.4
-0.19
-1.85
3.43
-2.41
2.01
2.02
1.88
-0.2
2.23
-0.87
-3.37
-1.55
-0.87
-2.28
1.87
0.1
0.6
-1.05
1.69
3.92
-0.35
-3.49
1.46
2.35
3.32
-2.17
2.17
-1.18
2.55
3.37
1.9
-0.51
2.43
-1.86
-2.03
-3.46
-2.6
-1.06
-0.09
-3.73
-0.35
-0.51
1.19
-3.65
1.79
-0.67
2.76
-3.1
-1.67
2.75
-1.87
-2.62
-0.18
2.58
3.95
-0.7
0.69
-2.93
-1.72
0.17
3.85
-0.95
1.25
2.87
1.23
1.15
0.03
-3.01
3.75
1.33
-1.3
-2.35
3.04
1.42
0.26
-3.85
-0.67
1.11
-3.44
-0.01
-0.92
1.27
-3.51
3.8
1.23
0.52
3.67
3.86
-1.81
2.68
-0.15
-3.67
-3.34
3.74
-3.58
-3.41
2.24
2.33
-0.88
-3.37
3.3
1.77
-2.85
1
0.05
-3.53
-1.66
2.4
-1.69
3.8
3.97
3.59
-3.49
2.29
-2.91
-1.42
-1.45
1.45
-2.37
-3.29
1.49
0.17
2.8
-2.94
-2.52
-1.64
-3.01
3.3
1
-0.33
-2.09
1
-2.02
3.93
0.69
1.31
0.11
-0.5
-0.25
0.76
-1.83
-2.74
1.54
-1.6
2.72
0.26
3.82
-1.63
2.65
1.84
2.05
-3.22
0.7
-1.59
-0.85
-0.87
2.98
-3.92
-0.49
-2.32
3.48
-0.96
-2.6
2.65
1.88
-1.04
1.6
-3.42
-2.4
-0.22
2.48
3.06
-2.3
0.87
2.54
0.22
2.63
0.39
-1.65
1.22
-1.46
2.62
-3.35
3.16
1.63
-2.88
-3.7
3.58
0.78
-2.44
2.34
0.02
3.99
-1.94
1.28
3.13
3.86
2.9
0.53
-0.25
2.66
3.24
-3.24
-1.14
3.37
2.99
3.09
3.83
-0.13
2.94
0.5
-1.42
1.74
2.3
3.14
-3.14
-1.61
-1.75
-2.98
0.75
-1.34
2.03
-0.19
-3.96
1.45
-1.55
3.07
3.65
3.59
3.42
0.36
3.74
3.87
2.61
2.56
-0.69
1.85
1.8
3.79
2.64
-1.96
-3.53
-0.3
1.85
1.06
-0.25
2.29
-2.31
-1.08
0.42
0.74
1.61
1.88
3.78
-2.92
-3.37
-0.57
-3.28
1.41
0.92
3.92
3.45
-3.76
0.46
-1.43
0.76
-1.28
3.13
3.74
-0.17
-0.99
0.59
-1.54
-1.62
-1.3
-1.81
-1.67
1.97
-1.02
-2.31
0.17
1.38
0.72
-0.84
-1.33
2.75
-2.14
-3.92
1.52
1.93
3.89
1.13
-3.61
-1.13
2.72
-1.4
-3.77
3.24
-0.73
-3.7
-2.97
3.17
-2.04
3.1
-2.59
-3.86
-0.86
-0.51
1.08
2.9
2.31
1.47
1.74
-0.29
-3.25
-1.46
-1.28
1.08
-2.22
-0.18
-1.1
-1.37
-2.4
-2.2
-0.05
1.88
0.2
3.6
-0.33
-3.9
-2.05
-0.91
-1.31
-1.32
-3.34
1
-0.59
1.63
-2.25
-1.48
-0.39
2.38
-0.99
2.63
3.62
-1.58
3.39
0.68
-1.88
0.17
3.88
-0.85
1.46
3.46
1.4
2.41
1.56
-3.85
-0.85
-0.47
-0.05
-0.45
3.82
0.97
0.94
-0.78
-1.23
-0.94
-0.95
-0.25
3.13
1.1
-0.67
3.27
-3.79
0.53
3.63
-1.02
-1.82
-2.47
2.5
3.52
1.48
3.5
-3.77
2.81
1.64
-0.76
1.28
-1.75
3.45
-0.74
-1.52
2.22
2.58
-3.95
2.56
2.04
-2.32
0.4
3.65
0.33
-2.38
2.37
1.05
-1.23
3.83
2.2
3.24
-3.13
2.79
-1.42
1.97
-2.39
1.04
0.43
2.07
-3.68
0.74
2.14
1.58
3.54
1.78
-3.21
0.31
-0.13
-1.38
1.11
-3.32
-3.85
1.98
-2.42
-2.71
1.79
-2.12
-1.84
1.9
3.11
-1.55
1.46
2.99
3.45
0
0.41
-0.53
0.86
1.3
-3.14
-2.82
-1.86
-2.02
2.24
-2.7
-0.45
2.82
-3.9
2.56
-3.17
-1.94
-2.83
-3.86
-1.29
1.51
3.09
-1.1
1.2
-2.71
-3.82
3.74
-1.13
2.54
2.97
1.87
3.28
3.15
2.14
-0.46
-2.64
1.33
3.45
2.58
-2.24
-0.07
2.55
2.17
3.74
-3.73
1.75
2.97
-2.22
-0.39
1.07
1.05
-2.73
1.32
0.28
-2.07
0.92
-2.49
2.27
-0.43
1.11
-2.87
2.31
-0.4
-0.98
-3.64
-1.98
0.4
-3.33
0.57
1.19
-0.5
-1.39
-1.4
2.39
2.78
2.96
-3.09
-0.84
0.92
-0.46
-2.79
1.95
3.27
-2.53
-2.09
0.59
-2.04
-1.13
0.2
2.63
3.86
3.06
-0.12
-2.54
-3.37
1.63
-1.06
-0.85
3.37
2.26
-2.66
2.29
1.22
2.43
-2.44
-1.56
2.68
2.94
1.5
-1.02
0
2.35
-2.66
-3.98
-0.11
-0.82
3.04
-1.87
-2.9
-0.22
-3.94
-2.48
0.48
1.94
1.33
0.45
2.73
-2.87
1.75
-2.86
0.01
1.77
-0.21
2.67
-1.81
-1.07
-3.27
-3.16
3.92
3.48
1.91
-0.98
1.37
-2.78
-1.38
-2.5
1.71
-0.15
1.57
1.45
2.59
-3.19
-1.96
-0.41
2.19
3.83
-2.19
3.28
-2.91
1.11
-0.29
1.54
-2.82
0.36
2.97
2.24
-1.44
-1.32
1.83
-3.04
-1.55
2.2
-1.79
-2.38
1.87
1.04
0.15
-0.75
-0.69
-0.17
2.74
-1.13
-0.43
-3.71
-1.45
-0.8
-0.28
-3.81
-3.52
-1.63
-2.88
-2.55
3.76
-1.2
-0.23
-3.63
-2.16
-2.99
-1.74
0.39
2.95
-0.97
2.02
0.61
-1
-3.61
2.6
-3.59
1.73
-2.86
-0.33
2.56
-0.03
1.27
2.37
-3.17
-2.03
-3.12
-2.2
-0.23
-1.49
-1.64
-1.81
-0.54
3.84
-3.01
2.45
3.42
1.86
1.49
-0.8
-0.86
-3.01
2.93
0.88
-0.29
0.86
2.97
1.3
-1.84
0.6
-0.69
-1.53
3.34
2.71
-1.44
1.49
-1.51
0.43
-1.06
2.41
-3.05
3.22
2.49
-2.13
0.59
-3.17
-1.44
0.77
-1.99
-2.06
3.19
-1.44
-3.77
1.95
-3.48
1.57
1.05
-3.62
-1.34
-0.02
-1
-0.41
3.64
3.17
3.21
3.89
-1.14
0.76
1.28
-0.49
-0.04
-1.02
-1.08
3.09
-1.76
-0.07
-1.5
1.05
-3.71
-1.13
-1.71
-1.81
-0.72
-3.78
1.41
-3.25
-1.76
-2.61
2.18
1
-3.56
-1.9
-2.23
2.96
-0.6
1.36
3.58
3.32
-1.33
0.7
1.98
1.8
3.5
2.5
1.99
0.21
3.64
-2.86
-0.3
0.6
-0.94
-4
-3.91
3.79
-2.32
-3.19
-3.7
3.42
-2.24
2.46
1.65
