-6
1.39
0.06
-0.73
-1.37
3.93
-0.4
-1.14
3.91
-1.88
3.9
2.3
2.73
-2.72
3.68
2.77
4
-0.12
-0.72
2.2
3.31
-1.98
-1.86
-3.33
1.12
-3.74
-1.64
0.26
4
-3.22
-3.17
1.22
-1.01
0.81
1.8
-0.94
-3.35
-0.92
-1.23
1.87
-2.6
1.87
0.6
0.47
-0.92
2.6
-3.59
-1.04
0.12
3.42
-2.4
3.81
0.92
1.92
-1.72
2.33
0.83
-1.92
0.88
1.23
-2.6
2.76
-3.79
-1.56
-0.7
-3.97
0.01
1.34
2.67
-1.02
-0.49
-2.53
3.75
-1.88
2.53
-2.72
-0.49
-3.2
1.81
-3.76
2.23
-2.42
0.08
3.02
3.5
-0.78
-1.68
0.33
1.31
-0.21
3.9
-2.9
2.23
0.38
-2.39
-1.28
1.15
-3.15
2.6
-3.54
2.52
-1.17
-2.81
1.57
3.44
1.14
-0.42
-0.17
-0.11
2.13
3.44
-0.6
1.05
0.67
1.09
3.12
1.71
-1.48
-1.8
0.67
-1.47
-2.45
