-10
-0.94
1.84
-1.55
0.52
-2.26
-1.84
2.57
-3.27
-0.2
2.51
-0.35
1.82
2.45
0.89
1.19
1.33
-1.56
-2.95
-2.82
-0.97
2.27
3.92
3.63
-0.84
0.29
0.2
-0.06
-0.79
-1.45
3.05
0.37
0.51
3.75
0.87
3.27
-3.64
-3.99
3.88
1.23
-0.6
-1.45
-1.47
-2.62
-1.9
-0.19
0.02
0.96
0.43
-3.65
0.03
-0.87
-0.34
1.93
3.28
-2.21
-0.86
2.22
3.3
-3.77
1.55
2.23
-0.65
2.19
0.75
-1.87
3.15
2.08
-2.43
1.63
0.82
1.31
-1.44
-0.17
1.79
-3.52
-0.26
2.54
1.52
3.36
-3.74
3.25
3.51
-1.15
2.52
-0.09
-3.3
2.58
-3.54
-0.93
0.12
-1.85
-3.28
3.65
3.69
1.17
3.2
0.34
0.63
3.98
0.67
1.95
-0.61
2.81
-0.47
2.73
-3.44
3.84
-3.87
2.8
2.05
0.6
-3.31
3.94
3.97
2.31
2.72
-3.5
3.67
-3.16
-2.58
-3.44
1.61
2.5
-2.5
-1.33
0.59
-1.08
0.14
-3.39
-2.72
3.4
-2.09
1.54
-1.31
-1.69
-0.14
-3.3
3.32
3.8
-0.66
-3.13
2.45
-2.33
1.03
3.52
-2.55
-3.22
3.68
-2.62
2.45
2.7
0.67
-0.21
2.56
0.1
-3.66
0.89
1.3
-3.14
-1.87
1.65
-0.3
3.52
1.51
2.65
-1.31
-0.85
1.25
1.65
-1.56
2.02
-2.82
3.88
1.5
-3.46
-1.89
-0.07
-2.53
-2.02
-2.79
-0.2
-0.76
-1.24
-1.83
-1.41
-1.27
2.12
2.99
2.59
-2.03
2.97
-0.59
2.46
1.66
1.7
1.18
2.93
0.16
2.38
0.83
2.3
-0.46
-1.97
2.94
-3.57
1.52
0.8
2.3
2.01
-2.01
0.41
-0.59
-0.69
3.65
2.34
-1.59
-3.06
1.35
-1.09
-0.08
0.57
0.17
2.66
-0.33
-0.52
-1.4
-1.28
-1.79
3.8
-0.63
-0.81
3.78
-0.9
1.16
-1.08
-3.75
-2.8
-0.18
-2.27
1.08
1.93
3.83
-3.03
0.6
1.57
-0.44
-3.91
2.81
3.33
-0.71
0.23
-2.42
-2.76
-1.55
-3.75
-1.87
0.88
2.36
-0.54
1.83
-1.21
-1.42
2.5
-1.37
2.81
0.64
-3.69
2.15
0.73
2.08
-2.8
1.12
-0.39
1.84
1.99
0.74
-0.81
-1.94
2.1
3.92
-1.49
-0.09
-1.11
0.51
3.14
-2.4
2.53
-3.36
0.91
-3.21
-0.62
-1.15
-3.65
-0.1
-1.72
-0.65
-2.67
2.35
1.8
-3.07
-0.75
-2.05
-1.92
-2.76
-1.92
3.12
1.97
-0.59
0.47
-0.49
2.94
-1.18
-3.75
-0.46
-0.68
2.88
3.7
-2.01
-0.51
1.2
2.11
3.67
-2.76
-0.06
-1.3
2.35
0.76
3.72
-0.45
-1.36
-0.59
0.85
0.27
1.17
0.67
-3.45
-2.17
-2.35
-1.58
-3.98
-0.36
-0.89
0.18
-2.61
-2.15
-3.44
-1.41
0.81
-3.43
-0.6
-0.35
3.35
-1.15
-3.41
-1.18
-0.42
-3.3
2.15
2.55
-0.26
-1.65
2.26
3.86
-2.18
-3.9
-1.91
2.55
-0.91
2.88
-1.24
1.05
2.05
3.57
-0.53
-2.44
-1
-0.51
3.85
-1.92
-1.86
-0.24
3.95
3.14
-3.86
2.99
0.07
-2.01
-0.33
-1.66
-2.92
3.86
-0.31
-0.89
2.69
1.68
1.39
-0.74
-1.65
-2.71
3.77
-1.99
3.5
1.94
1.81
2.36
1.61
3.78
3.39
3.04
3.83
-3.92
-3.14
0.06
0.4
3.98
-1.6
3.12
3.71
-1.16
0.03
-3.91
-1.13
-3.25
1.79
-1.09
-2.64
-1.07
-3.12
1.79
0.17
3.74
-2.86
2.56
-1.68
-3.88
0.26
-1.99
-2.68
-2.21
-2.63
0.29
-1.4
0.64
-1.49
-3.01
3
3.63
2.71
2.71
-0.73
2.27
-0.45
3.52
1.26
3.67
3.14
2.75
-3.86
-1.1
1
-1.32
2.9
-2.41
-1.14
-3.92
2.95
-1.69
-2.27
0.27
-0.29
-3.62
1.79
1.91
-2.54
3.74
1.49
2.24
2.24
0.8
-0.08
-2.27
0.23
-1.83
-1.48
1.91
0.19
-2.38
-2.71
-1.34
-3.01
1.52
-2.13
2.43
0.8
2.7
1.4
-2.99
-2.23
-1.58
-1.96
0.69
1.89
-1.57
-1
-1.11
-3.53
1.64
2.05
1.52
-1.83
-3.1
-3.5
-0.65
2.98
-0.74
2.45
0.73
3.08
0.96
-0.1
1.33
-2.99
3.08
-0.72
2.2
2.51
3.37
-2.89
-1.24
-1.66
0.48
0.46
-0.19
-1.25
3.24
-0.16
-2.21
3.18
3.63
1.43
2.55
-0.43
-0.23
-3.52
-3.92
1.01
2.53
3.46
-2.46
-3.75
-3.33
-2.07
0.81
2.53
0.72
-0.33
2.81
3.15
0.8
0.38
-2.89
0.53
-0.71
-0.82
1.69
0.44
0.69
-3.41
3.74
3.42
0.65
1.56
3.46
3.54
1.35
-2.25
1.25
2.6
-0.81
-2.82
3.99
3.92
3.58
-1.49
-2.33
-1.45
3.65
1.29
2.03
-0.43
1.03
-1.35
-1.63
-0.75
0.31
-1.98
-3.72
-3.41
-1.21
-0.35
-3.68
1.93
3.72
-1.88
-0.4
-0.89
-1.52
1.28
-2.83
-1.03
2.43
-3.79
-0.04
-0.39
0.39
-2.8
0.96
-3.23
-2.5
-0.86
0.79
3.41
-1.43
0.17
-1.61
-2
-0.82
0.2
-0.78
-0.67
-2.54
0.65
-0.2
3.55
-3.14
-1.95
-3.81
1.45
2.92
2.56
-3.93
-1.63
0.11
-0.94
1.15
0.82
2.69
2.77
2.86
-0.89
1.06
3.52
3.09
3.66
2.87
-3.09
-0.65
-0.46
3.74
-2.41
3.94
2.28
-1.95
1.85
-2.5
-2.23
0.41
0.42
-1.26
-1.66
-3
3.51
-2.15
-1.06
-0.94
-1.58
-0.7
3.52
3.03
1.57
-0.69
0.42
1.34
-3.89
2.27
-2.05
1.57
0.15
-3.33
3.96
2.7
0.66
1.72
1.32
2.63
-2.21
-3.69
2.27
-2.45
-0.63
-3.6
-1.73
0.02
0.52
-1.9
1.56
1.66
0.14
0.59
0.45
1.62
-0.16
0.52
-1.84
2.29
-0.48
-3.07
-2.06
3.58
3.55
0.2
-3.74
-0.26
-1.21
-0.36
0.35
-2.22
0.54
0.32
-2.73
-1.9
1.04
1.96
-0.35
1.17
-2.96
-3.61
-3.18
2.01
-3.29
0.3
-2.58
3.56
0.23
-1.66
-1.14
-3.87
-0.44
3.04
-0.9
-3.15
2.38
2.69
-1.99
3.18
-3.86
2.54
-2.77
-3.12
1.75
-0.23
-2.89
3.83
-0.68
-1.66
-3.42
1.88
-3.14
0.99
1.25
-0.88
-3.89
-0.07
2.86
-0.75
-1.22
-3.3
3.51
-3.55
-3.23
0.21
2.23
1.51
-2.78
-3.59
-0.27
2.35
-0.05
0.48
1.03
-1.5
3.17
3.95
-3.74
0.94
-0.82
-2.4
0.24
-2.12
-2.24
0.98
3.28
2.57
-2.21
3.99
-3.26
-1.56
3.83
2.76
0.39
3.45
3.03
-3.22
-3.9
-2.47
1.55
-0.39
2.6
-1.09
2.62
-1.77
-2.08
0.39
3.97
-1.26
-0.05
-3.84
-0.33
-2.08
-3.93
-2.82
0.46
1.62
2.69
-0.2
0.94
3.66
-0.29
-2.76
3.67
-2.72
2.52
1.2
-3.91
1.58
-0.52
2.39
3.85
2.73
3.39
3.57
-1
-2.67
-0.73
3.53
-0.95
-1.12
2.6
3.05
0.03
-3.42
2.78
1.91
2.69
-0.8
-1.02
-2.6
-1.91
0.31
0.59
1.89
3.91
1.36
-0.76
1.33
-0.28
0.73
0.3
-1.61
3.27
1.57
-3.69
0.94
-1.47
-3.5
2.19
-0.88
-1.66
3.17
-3.26
-1.94
-2.94
0.66
1.22
3.08
-1.49
-3.4
2.51
0.89
-1.41
-1.93
0.3
-0.46
-1.87
-2.51
3.67
1.64
2.1
1.95
-0.2
2.32
2.59
0.21
3.79
2.46
-3.74
-2.17
-0.63
2.19
1.02
3.87
3.06
-1.08
-0.44
-1.47
0.83
-0.76
-3.86
0.16
-1.19
-0.89
2.23
3.41
3.8
1.19
-2.73
0.78
-1.19
-2.97
-3.17
-3.46
1.03
0.4
-0.64
-1.58
-0.53
0.85
0.88
2.76
2.82
-3.32
1.24
-3.68
3.87
-1.27
-0.99
-2.63
3.98
3.6
0.67
0.43
1.49
-2.07
-0.87
-3.31
-3.91
3.18
0.42
-1.41
1.19
-0.52
3.02
-1.66
1.35
0.48
-1.17
-1.34
3.56
-2.86
3.07
3.99
2.37
-2.61
1.35
-1.87
1.88
1.9
3.55
1.06
-1.82
3.9
0.81
-0.79
0.37
0.41
-0.95
-0.9
-2.74
-1.33
-1.68
0.3
-3.57
-1.72
-2.43
-0.67
-2.34
-1.1
-1.02
-0.61
3.91
-3.65
-2.19
2.84
-3.47
0.68
2.07
0.1
0.58
-3
-1.19
-1.81
3.64
3.37
-3.59
1.29
2.68
-0.2
1.97
-3.07
-2.58
3.73
-2.61
0.89
2.82
-1.24
3.55
0.08
3.82
-1.99
-3.53
-1.02
-1.08
0.15
1.15
-2.17
2.08
1.97
-1.32
3.69
2.35
2.95
2.52
-3.74
3.86
-3.87
0.66
-2.93
-2.13
0.28
0.65
1.86
0.93
-1.96
-2.04
-3.83
2.96
0.93
-3.99
1.77
1.14
-2.02
0.28
-1.43
-3.48
3.84
3.28
-0.52
-1.79
2.58
3.21
-3.3
-2.88
2.28
-1.41
-1.53
-2.79
-2.87
1.03
2.69
2.11
2.48
-1.79
-0.46
1.37
-1.38
2.05
-3.12
-1.81
0.97
-1.13
-2.85
1.96
0.91
-1.45
0.36
-1.33
-0.05
3.74
-3.98
-3.14
-2.82
2.86
-0.71
1.07
-0.06
0.73
2.66
3.46
3.5
2.97
1.83
3.9
-2.68
3.67
2.66
3.78
-3.26
1.21
1.91
-2.22
2.39
-2.71
1.24
-0.29
2.06
-1.25
0.22
-0.28
2.23
3.81
1.26
-2.61
1.01
1.83
0.92
3.62
2.92
2.47
-2.58
1.89
3.4
-2.58
-1.31
2
1.05
-2.74
0.63
1.25
-0.1
0.59
-2.08
2.75
-2.17
2.24
-1.53
3.9
-2.39
3.59
3.02
-2.81
-3.49
-1.07
-2.78
3.69
-2.3
0.44
-1.12
-0.5
-1.26
3.04
-3.15
-1.73
-0.22
-3.98
-1.61
0.97
2.6
3.25
2.66
0.79
2.12
2.97
3.83
-2.36
1.88
2.52
3.56
2.77
-0.64
1.03
2.01
3.34
3.46
-3.78
1.37
0.46
-3.81
-0.99
0.3
-3.39
2.38
-2.87
-1.5
0.86
-0.27
3.66
-1.04
-2.2
-0.15
1.5
-2.7
-1.63
-3.08
-1.78
-0.93
-2.46
-0.89
3.59
-2.2
-0.81
0.88
0.12
-3.86
1.72
-2.97
-2.48
-1.18
-0.44
-1.35
1.93
0.77
-0.42
-1.06
2.05
2.42
0.99
0.47
-1.04
1.91
2.23
-0.44
1.76
-1.09
1.86
-0.27
-0.37
2.42
1.23
1.15
-0.18
-2.65
-3.39
-2.8
-2.9
-0.27
-1.74
-3.01
0.79
-0.17
-1.79
0.84
3.4
3.15
1.93
-3.27
1.72
3.43
-1.13
-0.19
2.09
1.08
-3.86
-2.33
-0.43
3.63
3.13
-2.8
-1.72
-2.02
1.41
-0.9
1.59
2.41
2.84
0.57
0.16
-1.63
-2.17
-1.68
0.16
0
3.68
3.13
-0.3
-2.61
0.16
2.61
0.99
1.13
2.02
0.2
-0.46
-2.58
3.06
2.75
-2.8
2.94
1.63
-2.52
0.61
-2.94
2.71
-1.2
2.43
3.11
3.25
-3.02
-3.69
-2.64
0.58
-0.66
1.59
-3.45
3.66
-1.91
1.4
-2.99
1.98
-1.82
-0.53
-3.48
0.21
1.16
-0.03
-2.8
3.57
0.16
3.35
-3.91
-0.64
1.22
0.74
-3.65
1.71
-0.9
1.29
0.87
-3.3
0.59
-1.86
-0.83
2.29
-0.37
-3.46
-1.33
2.61
-1.02
-2.23
0.97
-2.66
-3.81
-3.05
-0.55
2.02
0.09
0.85
-2.45
2.84
1.22
3.55
-0.91
-2.37
-3.78
2
3.36
2.6
1.24
-1.15
0.55
0.8
-3.47
-3.69
-2.61
-3.97
-3.71
-1.77
-3.42
0.61
-2.71
-1.41
0.58
-1.61
-1.62
2.76
-0.83
0.26
-2.71
-1.66
-2.38
2.25
-0.26
2.04
-0.52
1.05
3.06
-2.47
2.06
1.63
-2.81
0.08
-2.63
-3.87
1.22
-3.83
-3.19
3.88
3.57
-0.58
1.73
-2.15
0.26
0.94
1.54
-1.37
-1.04
-3.31
3.26
-2.53
-1.17
-0.9
1.31
-1.11
-2.77
2.3
-2.95
-1.51
0.83
0.34
-3.03
2.76
0.17
-1.04
-0.58
1.22
-2.78
0.44
1.17
-1.8
1.95
-0.71
0.69
1.88
0.62
3.77
-2.01
2.81
-3.51
-3.15
-1.92
2.36
-1.73
0.59
-1.21
2.09
2.78
2.48
2.91
2.92
3.12
2.32
-0.95
-0.78
-1.56
2.97
1.68
-2.71
-2.48
-3.69
-2.6
2.52
-0.47
1.05
-0.47
3.54
2.41
3.43
2.28
-2.54
0.31
-1.75
-2.01
-0.02
-1.74
-1.38
0.48
3.59
-3.84
1.33
2.45
-1.25
1.54
2.25
-0.91
3.63
-3.76
-2.53
-0.56
1.65
-1.92
-3.31
1.29
-3.82
3.46
-0.44
-1.17
1.23
-2.95
-0.75
3.69
3.35
-3.81
1.45
-1.39
0.87
0.32
3.07
-3.04
3.82
-1.51
2.1
-2.88
0.19
-2.13
2.66
-3.02
1.28
-2.04
-0.1
3.3
0.94
-0.01
-3.38
3.39
-0.39
0.97
-2.19
0.53
2.7
3.79
3.26
2.53
0.92
1.65
3.11
-1.45
-3.92
-0.36
2.22
-0.7
-2.83
-3.5
-0.38
-0.84
-0.01
3.58
-2.91
2.31
-3.21
-1.43
1.55
-0.74
1.15
-0.04
-1.26
-0.65
3.58
2.06
3
3.9
-1.49
-1.46
-1.74
-3.98
-0.77
3.57
0.21
2.55
-1.23
0.11
-3.11
-2.37
-0.25
-3.41
2.12
0.43
-3.63
1.47
-0.6
0.04
-0.13
-0.5
-0.27
0.12
-1.76
0
-2.63
-3.05
-1.1
-0.24
-1.02
-1.97
0.65
2.32
-3.21
2.63
2.25
-0.41
3.93
0.42
-0.64
-1.45
-0.46
0.69
-2.33
-0.09
3.52
0.56
1.84
2.32
-1.03
-1.9
-1.34
-1.04
0.03
3.01
2.82
2.14
1.79
3.24
2.19
-0.75
-0.36
3.02
-2.87
2.87
0.99
1.43
3.81
3.49
2.19
0.79
1.54
2.98
-3.33
-2.68
3.97
3.05
-1.55
2.33
0.49
0.82
-0.88
0.59
-3.22
-3.13
3.37
-2.32
-1.71
-2.21
3.82
-3.9
