-3
-3.31
2.23
-3.89
2.91
0.53
-0.44
-1.2
2.93
-1.92
0.75
2.35
-3.88
2.18
0.57
-0.31
-1.72
-1.3
3.04
3.77
-0.31
3.47
-1.25
-2.63
-3.88
3.06
2.23
-3.75
3.51
-0.69
-0.87
2.01
3.68
2.09
3
0.85
-3.26
-3.44
-1.59
-0.56
-0.52
3.65
3.41
-1.6
-3.94
0.78
0.46
-1.39
0.31
-0.32
3.41
3.59
-1.25
-3.96
0.41
2.33
1.94
0.86
3.99
3.86
2.3
-0.7
-0.7
-0.38
2.96
2.75
2.68
-1.96
3.19
3.72
-1.06
-2.28
-3.71
-0.4
0.28
0.05
-3.94
-3.65
-2.7
-0.65
-1.41
-0.38
-0.05
-0.17
-0.1
-0.46
-0.75
3.63
-2.33
-3.34
2.92
-0.11
-3.42
-1.44
1.14
-3.82
0.34
-0.21
-0.56
-2.68
2.1
-1.58
-0.58
0.59
-3.26
1.69
3.3
3.16
-0.24
-3.64
2.27
1.59
-0.44
0.63
1.26
-1.32
3.35
3.48
3.72
-0.59
-0.51
3.06
-3.64
2.52
-3.2
3.05
-2.87
1.73
2.46
0.1
3.71
0.28
0.91
3.98
1.26
-3.83
-3.81
3.36
-0.91
2.22
0.25
0.1
-0.14
-2.7
-1.6
-2.68
-3.68
-0.04
1.31
-1.54
-3.17
0.87
0.07
-3.97
1.84
3.05
-1.94
0.91
-0.21
-2.31
0.55
-2.43
-3.3
3.67
-3.34
-2.02
-3.33
-0.41
3.38
1.09
-1.52
4
0.38
-2.51
3.17
3.39
-0.81
3.06
0.12
3.48
2.72
1.18
-3.58
0
-0.74
-1.17
-3.8
0.88
-1.87
2.21
2.11
-0.71
-0.44
-2.6
-2.33
-1.32
-0.6
0.19
-3.36
-3.59
-3.35
0.74
0.59
-3.78
3.98
-3.16
-3.52
-1.42
-3.13
2.45
-0.15
-1
-3.22
0.32
-1.03
3.38
-2.86
0.7
0.4
1.83
-2.22
-0.2
-2.55
-2.84
2.98
3.2
0.43
-1.02
3.82
0.49
-0.01
3
2.41
-0.3
2.83
-2.02
-3.41
-3.81
0.03
-1.58
-1.65
1.62
0.01
-0.32
-1.65
-0.89
-1.49
3.25
2.44
-1.7
-2.47
2.7
3.8
-1.18
2.64
0.85
-0.71
-0.58
-2.75
-3.22
0.41
1.5
-1.24
0.39
-1.55
0.85
0.59
1.08
1.5
-3.01
2.78
-3.05
-3.33
-2.02
-0.53
0.16
3.8
1.77
2.81
-0.14
0.69
1.18
0.55
1.52
-1.05
1.3
3.21
-0.42
1.07
-2.03
2.69
1.17
2.95
-0.76
2.01
0.85
-1.14
3.62
-2.77
1.5
2.52
1.43
-2.25
1.44
-0.48
-3.43
2.03
1.81
3.36
-1.53
1.06
1.52
0.61
1.39
0.1
3.23
-3.05
1.25
-2.57
1.16
1.65
-2.99
-4
-0.47
-1.7
-2.4
-2
1.43
-0.03
2.63
-2.7
-3.83
0.54
-2.69
1.35
3.26
-0.57
3.11
-2.01
-1.63
3.28
-2.6
0.23
-1.41
0.91
-2.84
-3.44
-2.44
3.15
2.79
-0.1
1.62
2.19
0.07
3.86
1.51
1.42
2.23
-0.86
-2.08
2.58
-3.41
-2.16
-3.28
-2.83
0.89
-3.02
-0.7
-3.96
0.84
-0.2
-2.16
-0.75
3.06
1.89
0.25
0.78
1.42
2.62
-2.87
-2.96
-3.56
2.29
1.19
-1.27
-0.32
-2.02
-3.54
-2.55
3.85
-2.16
1.21
-0.03
-3.93
-0.2
2.69
3.56
-0.5
-2.59
-3.98
-3.82
1.26
-2.48
-1.7
-1.01
-1.95
-1.64
3.14
2.19
-0.39
-3.28
-4
3.61
-2
-3.13
2.14
-1.7
0.66
2
1.5
-1.1
-3.49
-2.15
-3.81
-1
2.59
1.88
-0.83
-0.75
3.21
0.69
-2.73
0
2.6
-3.05
-0.21
2.93
-0.02
-1.8
-3.33
-2.69
-1.15
-1.72
1.84
3.12
-2.16
1.61
-2.04
3.21
1.67
0.38
-1.1
1.51
-0.08
1.12
3.67
-0.59
-2.68
3.31
0.4
0.18
3.2
-0.12
2.99
2.93
3.46
0
-3
-2.96
1.09
3.21
2.33
-1.54
1.33
0.18
-3.95
2.24
0.01
-2.92
-2.84
-3.02
-0.09
-0.03
1.59
-1.18
-2.22
-0.23
-3.93
-2.53
-2.71
-3.62
1.61
0.68
1.8
0.49
-1.88
2.97
-0.7
2.92
3.67
1.84
0.6
-3.09
-1.89
2.46
2.06
-3.56
-3.82
3.75
1.07
-2.57
3.4
-3.77
2.15
-0.58
-3.73
-0.77
2.3
0.16
1.14
-0.31
-0.08
3.54
3.76
0.71
-2.4
-2.36
0.66
-3.17
-1.95
-2.92
-1.07
1.09
-2.58
-0.67
0.39
-1.01
-2.15
3.13
0.77
-2.66
-0.42
-3.67
0.41
3.87
-3.02
1.37
2.54
-1.62
0.22
2.9
-3.33
3.14
-2.22
-0.02
-2.09
1.07
-2.84
1.41
0.86
0.41
-0.22
3.35
1.69
-0.02
2.5
-1.7
2.82
-1.19
3.03
1.28
-2.63
3.17
3.4
-0.21
-3.9
-0.41
-0.88
3.9
-0.28
0.23
-0.89
-1.73
0.62
-0.84
-3.59
-0.21
-0.69
1.44
-2.59
3.32
-2.17
0.45
-1.73
-3.65
1.56
0.23
-1.36
-3.58
-2.64
2.68
2.56
-0.28
-0.65
2.94
1.53
-2.5
3.75
1.99
-0.13
2.32
-2.06
-2.73
-2.32
-3.38
-2.7
-2.49
-1.27
-1.47
-0.43
-1.3
3
-2.63
-2.6
3.71
-0.55
0.92
0.9
3.04
2.24
-0.13
-3.06
-1.3
2.53
1.05
1.68
3.4
2.93
1.68
1.64
2.91
0.05
1.32
-2.44
-0.91
1.38
-3.44
-1.24
-2.36
3.06
0.05
-2.51
-3.89
0.85
2.67
3.68
1.18
-1.69
-0.35
-0.51
-3.4
0.61
-3.3
3.76
-4
1.38
3.25
-1.26
0.64
-1.06
-2.1
-1.42
1.06
0.9
0.67
2.66
-2.32
3.82
2.31
-1.67
-1.12
-1.85
-0.75
3.99
-1.82
-1.63
-3.17
1.85
3.87
1.37
-3.5
1.08
-0.72
-1.81
1.03
-1.71
-0.66
1.57
-2.44
1.72
2.14
1.82
2.13
2.71
1.15
-2.54
0.44
-0.78
-3.82
-4
2
1.37
0.01
-2.69
-3.4
2.46
-2.64
-3.28
1.57
1.63
0.54
-2.61
-1.12
3.28
-1.56
0.83
3.31
-1.13
3.87
-1.63
-0.68
0.12
2.25
-3.42
0.19
1.07
0.03
0.55
-1.17
-3.29
1.94
1.62
1.67
3.86
3.37
-0.86
-2.93
-2.04
-2.42
2.58
-3.07
-1.39
4
-0.06
-2.82
0.75
-1.06
2.86
0.26
-3.68
-1.85
-2.44
-0.65
1.81
0.69
-2.12
3.12
-0.58
1.12
-0.46
-1.58
0.82
1.9
0.86
3.69
2.93
-0.28
-0.98
3.91
3.3
-0.25
1.35
-2.72
-2.71
-2.56
-3.3
0.12
-1.69
3.41
3.45
-1.88
1.17
-3.72
-1.5
2.57
0.37
-1.74
3.87
-0.83
1.48
0.02
1.65
0.84
2.05
0.15
0.12
0.72
-0.87
0.25
-1.75
-2.97
3.93
2.95
0.96
0.57
0.81
-3.72
-1.94
0.37
-0.02
1.76
0.8
0.01
1.68
-2.59
1.26
0.54
-0.61
2.29
-0.68
0.67
-0.15
3.85
-1.57
-0.72
2.11
-3.49
-0.76
1.14
1.32
-0.01
-3.02
2.07
1.16
2.42
-1.8
2.23
-0.68
1.94
-2.24
0.09
-3.8
-0.5
3.2
3.72
3.23
-2.36
3.16
0.63
2.9
3.59
-2.67
0.85
-3.08
1.59
1.18
-3.93
0.52
-2.32
2.47
0.3
1.04
0.92
3.05
4
0.77
2.74
2.86
3.27
3.22
3.04
-2.78
1.46
0.53
3.24
0.46
-3.65
-3.35
-1.29
0.05
0.46
-2.65
2.62
2.25
1.74
-1.35
0.14
1.15
3.57
-2.77
-1.88
-2.3
-2.37
3.47
1.46
3.05
-0.72
0.45
3.2
-1.06
-3.51
-1.21
3.9
1.41
3.87
2.37
-0.12
-3.69
-2.31
-2.88
0.82
3.42
-2.2
1.64
-2
-1.06
2.42
2.68
-2.7
1.34
-3.38
-2.42
3.29
2.03
1.09
1.33
3.59
1.99
3.07
-3.82
-2.82
-0.1
-2.54
3.77
-0.44
-2.33
-2.55
-2.8
2.39
3.38
2.78
-0.17
-0.55
2.45
0.41
-1.3
3.9
0
1.46
-1.48
-3.37
0.61
-0.85
-2.15
-1.69
2.91
-0.5
-2.14
-3.69
-1.46
2.78
1.89
-2.76
-2.49
3.95
-3.08
1.96
-1.96
-1.93
-3.67
-2.52
1.21
-3.71
-2.08
2.57
0.8
2.13
-3.16
-2.38
-1.61
1.43
-0.41
-3.48
0.55
3.56
0.57
-3.25
3.61
1.45
0.66
2.17
3.6
-3.11
-0.15
-3.4
-3.12
-1.41
-2.06
2.5
-0.51
0.75
1.86
-2.08
1.13
-2.97
-0.58
0.32
-2.78
-0.71
1.52
-3.23
-1.34
-3.77
1.93
1.11
-0.82
1.36
0.69
-2.05
-0.63
-3.84
2.36
0.59
1.42
-1.84
-2.11
0.32
0.44
-2.69
1.68
-1.8
0.19
-1.66
2.13
1.64
3.57
-2.33
-0.6
-0.48
0.14
-3.75
3.53
0.31
3.93
-0.12
-0.49
3.36
-1.04
2.74
1.43
-0.47
1.91
3.99
-0.87
-0.68
2.4
-2.73
0.5
-1.03
3.14
3.1
3.88
3.92
1.62
-0.68
0.59
-3.68
-1.89
-3.72
1.55
-2.5
-2.04
-2.84
1.82
-0.88
-3.36
-1.96
0.66
-2.47
2.65
-1.46
-2.65
1.71
-0.11
-1.85
0.29
0.2
3.22
-1.19
3.25
2.3
1.17
-3.58
0.38
1.04
-3.62
3.62
2.7
0.61
3.3
-0.81
1.25
-1.32
-2.82
-0.08
-2.44
0.74
-1.83
-3.99
-1.32
0.35
0.61
-1.04
0.32
0.6
1.74
-1.84
0.02
-0.53
3.03
-3.61
-2.9
3.3
-2.96
3.26
0.34
-2.47
0.79
-3.22
-1.26
-2.98
-0.65
-3.95
-1.76
-0.54
1.29
2.68
0.53
3.98
-3.42
3.56
-1.97
3.21
-3.88
-1.1
-2.32
-1.8
0.1
3.79
3.3
2.22
-0.41
-0.78
1.58
2.91
-1.92
1.95
-2.36
-2.07
3.58
-3.98
3.96
-2.62
1.28
-2.35
-3
0.56
-3.28
-3.14
3.32
3.07
1.64
0.05
-1.11
3.48
2.36
-2.1
3.18
2.14
1.57
-1.87
1.43
1.01
-2.52
0.52
1.44
-3.88
-1.53
-0.67
-2.63
3.34
1.04
-1.41
-3.61
-3.45
3.61
-3.36
-2.07
2.48
-2.1
1.13
-2.52
-0.76
-3.54
-3.78
-3.42
3.55
-3.67
2.11
-3.46
-3.83
2.78
-0.5
0.36
1.45
-1.4
-1.05
3.9
-3.25
0.22
-3.13
-1.92
1.39
3.49
3.98
-1.98
-0.96
-0.34
-1.67
3.88
1.72
3.98
-3.31
0.24
-3.56
-3.35
-1.81
0.54
-2.75
-0.06
1.9
3.8
0.36
-1.21
-2.8
-3.44
-2.46
2.24
-1.06
1.96
0.65
-3.26
-2.83
-1.74
-2.98
-0.96
0.09
-0.24
-3.51
2.2
1.54
-0.12
2.01
2.24
-1.17
-3.8
2.08
3.26
-0.08
0.8
-3.6
2.41
2.64
0.82
2.33
-2.92
1.73
-1.4
2.29
3.41
-3.52
0.81
-3.29
0.37
-0.78
0.97
2.81
2.44
-0.79
1.41
0.56
2.44
0.04
-0.94
2.4
-1.99
-2.22
2.13
3.97
-3
-1.52
-1.72
-1.69
2.15
1.55
2.24
-1.89
0.36
-0.07
3.95
1.32
-2.51
1.47
-2.92
1.72
-3.27
-0.83
-2.37
-0.98
1.86
-2.61
3.65
0.05
2.51
-3.77
-2.03
-1.63
-0.42
2.42
0.31
3.3
3.6
-1.37
1.28
0.93
2.21
-1.51
-1.44
2.83
0.98
-1.14
-1.56
-1.5
-0.73
-3.91
-0.93
-3.04
-1.05
1.34
1.67
2.84
-3.85
-0.89
-1.9
3.61
-1.16
2.24
-0.19
1.92
-0.42
-0.13
2.53
1.94
3.63
-3.35
1.72
2.86
-3.82
0.16
3.51
2.24
-3.4
-1.2
2.04
-1
2.95
1.14
-3.23
2.42
1.17
-2.99
3.42
2.24
-3.25
1.47
3.14
0.49
-3.47
1.68
-1.91
3.97
2.69
0.65
-0.75
-2.9
0.33
0.51
-1.12
-1.39
-1.63
0.21
-3.23
2.8
1.84
3.44
2.24
1.35
1.07
3.11
-3.35
1.7
1.46
1.39
-3.25
-1.43
0.45
-3.72
1.19
-1.85
-2.49
-2.77
2.33
-1.49
-1.93
3.54
3.55
-0.04
3.56
0.94
2.67
-1.56
-1.75
2.17
0.04
-3.05
-3.77
-3.38
-3.6
-2.69
3.24
-2.22
3.42
-2.57
1.03
0.39
-1.49
-2.71
-0.1
-3.33
0.66
0.05
3.32
-3.27
-2.91
-2.86
1.89
2.27
0.72
2.3
3.89
-1.73
1.79
-3.87
-3.56
2.21
-0.55
3.3
-2.65
3.8
-1.67
-0.18
3.88
-0.13
-1.09
3.74
-2.19
0.9
1.49
1.69
1.03
2.26
-3.94
2.88
-3.73
-1.39
-0.88
-2.48
1.07
-1.1
-0.93
-2.03
-0.09
-1.89
-2.58
0.96
-0.01
3.29
-3.02
2.82
-3.07
-0.78
3.95
0.11
2.35
-3.17
0.17
-0.55
1.82
-2.64
3.33
-3.02
-3.22
3.04
-2.74
-2.37
-1.79
2.92
3.86
1.83
-0.91
-2.08
-1.78
2.46
0.72
-3.64
3.92
1.77
-1.56
1.95
-0.26
-1.47
-0.09
2.67
0.75
-2.19
2.31
-0.04
-3.47
3.45
2.45
3.68
-0.29
-0.3
-0.43
-1.92
-2.82
0.87
-3.16
3.8
-1.25
1.08
3.43
-0.84
-0.28
3.02
-3.01
-2.52
3.39
1.98
-3.09
2.41
-3
3.87
1.63
0.8
1.08
-1.89
-1.71
3.46
-0.68
2.26
2.38
-3.59
3.38
-0.59
2.22
2.52
-1.12
-1.37
3.18
-0.95
0.92
-1.35
-0.8
2.66
-0.9
-3.26
-1.05
1.73
-3.19
0.82
0.57
-1.45
2.53
-3.96
2.68
-0.16
2.08
2.78
1.01
3.08
-1.42
-2.61
0.47
0.49
2.71
3.02
-0.21
-3.69
-3.21
-1.53
2.61
0.75
2.81
1.87
-2.51
2.35
0.67
2.97
-2.31
0.34
3.17
0.56
2.64
2.51
-2.31
-0.18
-2.12
3.34
0.74
-1.62
-3.56
0.11
1.63
-3.9
-3.54
-0.48
2.19
2.72
3.96
0.08
0.95
-1.37
0.93
2.34
2.22
3.82
-0.25
-3.35
2.56
-3.68
3.18
3.12
1.08
-3.33
3.92
2.02
-1.25
1.97
-1.2
-1.12
1.14
0.46
-0.43
2.42
-1.97
-1.51
3.13
2.71
1.4
1.97
-3.84
