-7
1.77
-0.78
2.7
-1.6
-3.34
1.14
1.29
0.57
-2.09
-3.76
1.07
-1.04
-3.95
-3.06
-3.87
-1.18
-3.43
-1.58
-0.06
2.7
-3.9
3.5
1.2
0.72
-3.33
-0.94
3.26
-1.77
-2.8
1.51
-1.64
2.04
-2.02
-0.38
-2.82
-0.38
1.35
-3.74
-3.61
-3.72
-1.81
2.59
3.9
-0.51
2.3
3.62
0.36
-1.54
-1.2
1.63
-3.6
-2.11
0.56
-1.23
-1.21
2.27
2.03
-2.03
-2.27
1.61
1.88
-0.95
-0.63
0.41
1.88
3.04
-3.03
0.43
3.76
0.52
1.47
-3.69
-1.97
-0.34
0.5
-2.48
3.6
-2.29
2.42
-2.94
2.71
0.8
3.43
-0.43
1.1
-3.54
-2.53
3.21
-3.17
-1.08
1.59
-0.63
2.54
-1.21
-1.59
3.14
-0.79
-0.51
1.61
3.27
2.64
3.93
-1.29
2.29
-3.85
-3.91
3.87
-3.1
2.28
-2.74
2.68
0.32
-0.44
-3.34
2.91
-2.92
-0.37
3.8
3.31
1.42
1.57
-2.23
-0.4
0.84
2.93
-1.9
-2.22
3.25
-2.75
1.37
2.31
0.1
0.1
3.16
-1.57
2.78
-1.91
-2.87
-0.59
1
-3.4
-3.44
-3.07
3.57
0.24
-2.73
3.81
1.87
-0.11
-2.67
-0.49
-0.59
0.19
-3.81
-2.31
0.86
0.32
1.87
3.37
2.06
2.32
-3.38
3.66
-3.1
-1.05
-1.43
-3.78
0.41
2.24
-3.88
2.99
-1.51
0.38
-1.7
0.81
1.01
-3.16
0.04
-3.41
1.66
-1.71
-0.09
-0.64
3.93
-2.15
-1.11
3.92
-0.1
1.46
1.57
-1.54
0.22
-2.23
1.36
2.69
3.99
-3.1
-3.98
0.61
-2.33
-2.95
-0.6
3.63
-0.24
-1.66
-2.99
3.04
-2.12
-0.62
0.69
0.01
-3.72
1.28
-2.29
-0.23
-1.6
1.27
3.74
3.06
-3.95
-1.34
0.32
2.95
-3.34
1.67
-1.23
-3.28
3.03
-0.38
0.83
0.1
-3.18
3.44
2.92
0.6
2.89
0.29
3.6
1.58
-3.16
-0.14
2.03
-3.49
-3.23
-2.44
-1.82
2.94
-3.94
-2.41
0.29
-1.29
-2.83
-3.03
0.55
3.02
0.74
0.46
2.96
2.1
3.57
-3.71
-4
2.27
2.56
-3.41
-0.82
-3.16
2.36
1.11
0.88
2.12
1.67
-1.85
2.21
0.19
0.63
-0.2
2.18
3.11
-0.51
-0.17
-3.35
1.44
3.33
-1.89
-1.08
3.86
-1.12
3.91
3.87
-1.57
1.33
-2.5
2.02
-3.45
-0.14
3.77
-2.04
-3.82
2.38
-2.67
-3.43
-1.04
0.72
2.17
1.05
3.03
-1.24
-3.65
-1.61
-3.07
2.28
3.86
-1.39
-0.27
3.64
-1.43
2.94
0.44
1.67
-0.67
1.97
2.46
1.24
-1.56
-3.22
0.17
0.14
1.65
-3.67
0.86
-2.17
2
-3.28
-1.85
-0.74
1.7
-3.28
-2.84
1.07
-0.1
1.09
-1.48
1.51
2.93
0.16
1.48
2.89
-1.72
-3.08
-2.72
-3.18
1.53
-1.49
-0.95
-0.64
-1.88
1.72
-1.73
1.39
-3.12
-1.11
1.11
-3.98
1.53
3.11
-3.72
3.13
-3.55
-3.53
-2.07
-2.15
1.78
3.38
-2.24
2.24
-0.56
-3.06
2.32
2.29
-0.69
1.28
-2.15
0.73
3.05
0.04
0.31
-0.52
1.67
2.79
-2.87
3.99
2.45
-0.22
0.19
-2.99
3.99
-1.5
3.99
3.83
-0.13
2.35
2.44
-2.19
2.99
3.44
-0.95
2.16
-3.25
0.82
3.93
-2.83
3.41
-0.01
-1.93
-0.4
-2.97
-3.63
-3.03
-2.51
-1.21
0.81
-2.54
-2.34
3.34
-2.05
-0.59
-2
-0.81
-3.26
2.26
-3.07
-3.04
2.49
-1.59
0.97
2.84
-3.96
1.75
3.61
-3.01
2.16
-1.28
-3.15
2.87
3.97
-3.43
-1.55
-2.3
-3.42
3.99
3.61
-2.47
2.5
1.03
3.07
0.89
0.77
-1.53
1.03
0.03
-2.96
-1.03
-3.99
2.57
2.99
-3.79
-3.09
-2.42
1.11
0.76
-3.01
-1.37
-2.64
-3.5
0.64
-1.92
-3.4
-1.2
3.38
-2.63
-3.05
-3.7
-1.4
-3.24
2.66
3.41
-1.54
-2.55
-0.66
-3.93
-1.93
1.57
-3.28
-0.42
3.95
-0.82
-1.29
-1.72
3.89
3.75
3.66
-3.13
0.6
-0.18
2.99
0.97
-3.84
2
-3.61
0.99
0.28
-2.03
-0.9
-0.35
-0.92
-3.26
-3.64
3.25
3.92
3.58
1.75
3.47
2.24
1.03
-1.31
-0.58
-2.1
1.79
-3.45
-2.55
3.37
2.32
-1.09
3.63
-2.28
-3.93
-0.3
2.79
-2.23
-2.32
3.25
0.47
-2.94
2.36
-0.2
-3.9
-1.53
1.07
-3.5
3.21
-1.18
-0.54
-1.63
-3.7
-2
-3.81
-1.37
3.58
-2.88
-0.44
-0.94
-1.62
1.44
2.94
1.62
1.96
3.06
-0.53
-2.07
-1
1.04
-2.43
1.48
2.24
-3.68
-2.72
2.4
3.89
-2.78
-1.41
-3.05
0.84
1.29
-2.66
2.64
-0.1
-0.05
-1.4
1.63
-2.48
1.44
0.13
1.66
2.21
2.62
0.87
3.03
-1.87
-3.27
1.84
-2.96
3.01
-0.86
1.5
-1.84
-2.76
1.99
0.14
3.98
-3.29
-2.21
-1.25
2.35
2.54
-1.39
2.23
1.09
0.1
-3.7
-2.28
-1.99
0.45
1.84
-3.6
1.56
-3.1
-0.08
3.27
3.62
-0.54
-1.75
0.27
3.16
-0.61
-2.46
-2.06
-2.31
3.79
3.19
1.39
1.91
3.81
-1.38
0.91
3.73
-1.31
1.79
3.13
-0.41
-3.62
3.78
-1.07
-2.17
3.01
-0.17
0.6
-2.84
-1.27
3.95
-2.75
1.33
2.73
0.52
0.52
2.46
1.53
-0.4
-1.05
0.99
-3.34
0.54
1.3
0.91
-1.09
-0.19
-1.8
-2.18
-3.07
-3.32
-1.13
-0.88
0.79
-0.33
3.24
-0.32
3.33
-1.56
-3.86
3.57
0.95
-3.22
2.96
3.85
1.93
-3.95
3.19
-0.71
2.11
2.45
-1.8
3.09
-1.17
-1.86
-1.07
-0.15
-1.53
2.02
2.92
-0.8
-2.38
-1.23
-3.77
-1.95
1.07
2.14
-3.46
-0.94
1.29
-3.17
3.14
-0.92
-0.54
-0.61
-3.97
3.89
1.58
1.46
2.99
-1.14
0.62
2.92
-0.28
-1.52
2.48
-0.22
-3.72
-1.35
-3.26
-0.61
-2.8
-2.7
-0.47
0.94
1.94
-1.82
-3.45
0.91
-1.23
3.79
3.51
0.13
2
1.27
3.32
3.13
-0.37
3.45
-1.9
-0.95
2.28
1.02
3.03
0.05
2.58
-1.3
3.06
1.75
-0.42
-2.71
1.86
1.9
-1.69
-2.1
3.63
1.84
3.56
2.52
1.45
1.85
3.33
-3.34
-1.32
3.21
-0.65
-3.51
-3.09
2.45
-0.83
3.36
-3.85
-3.16
-3.46
1.7
1.12
0.19
-1.72
3.48
2.37
-0.76
-0.87
-1.2
-2.67
-2.52
-2.07
-2.39
-2.19
0.1
1.64
-2.52
3.57
1.11
-2.01
0.26
-0.28
1.61
-1.67
3.83
-3.3
2.08
-2.21
-3.39
-1.42
0.22
-2.86
1.01
1.35
0.62
0.79
-0.56
-0.44
-3.92
-3.86
-1.79
-1.28
0.52
3.34
-2.8
1.27
-2.27
2.68
0.81
-3.2
-2.31
3.79
-0.96
2.86
0.29
-2.03
3.51
-2.15
-1.55
2.78
-3.72
-2.55
-1.49
-3.78
1.11
-3.66
0.92
0.27
1.19
3.32
-1.8
1.93
3.49
0.97
3.78
-2.47
3.2
2.27
-2.87
-1.45
2.97
3.4
0.98
3.81
-3.11
0.44
2.1
2.16
-2.94
-1.35
1.28
-2.42
-2.9
-2.69
3.87
-3.24
-3.8
0.3
-1.77
-3.15
-3.65
1.47
-2.51
1.5
2.61
-0.24
-3.7
2.08
3.08
-1.25
-1.23
-2.76
-3.29
3.91
3.82
-3.12
0.48
-1.29
3.33
-3.33
-1.76
2.77
-0.8
-1.46
-1.96
-3.39
0.82
2.17
1.1
3.01
-2.68
-1.1
0.03
-3.73
-1.8
-2.51
1.91
3.48
-2.8
1.13
0.13
-3.98
3.08
2.31
3.88
0.04
-3.13
-2.8
-2.51
2.98
0.29
1.5
0.98
-2.44
2.62
-2.42
-1.73
2.95
-0.54
1.99
2.95
-1.87
-3.03
-3.94
-2.57
3.88
1.21
-3.56
1.7
2.32
-1.03
1
-2.5
-1.81
0.55
-1.79
3.7
0.89
-1.34
2.01
3.75
-0.38
0.68
2.12
-1.28
-0.17
1.93
-1.53
-2.34
-3.38
3.23
2.97
0.02
-0.79
2.19
-2.01
3.06
3.01
0.88
-4
2.83
-3.58
-0.5
-0.82
0
3.3
-0.01
-1.22
1.02
0.4
-2.11
1.38
0.28
1.45
2.25
-0.68
1.46
-1.15
1.35
1.6
-2.05
-1.27
2.79
1.08
3.1
0.01
-3.03
2.29
0.01
-1.45
-0.84
-3.32
-3.99
-1.34
3.18
3.32
-3.89
-2.51
-1.88
-0.57
3.84
-0.86
1.46
1.26
2.73
-2.15
-1.32
2.57
0.97
-1.14
0.53
0.2
-2.34
3.28
2.06
0.09
-2.36
2.43
0.08
4
2.32
1.71
2.78
-1.54
-2.76
-2.8
1.36
-2.38
2.28
2.93
-0.79
-0.04
-3.27
-2.08
1.77
2.81
1.28
-2.47
2.35
1.25
-2.67
-1.59
-2.68
-2.86
2.03
2.97
3.03
-3.27
0.61
-0.92
1.68
-2.31
1.42
-1.87
1.11
-1.87
0.37
-1.01
0.01
1.52
0.49
-2.94
-3.71
2.04
3.65
-3.44
-0.54
3.75
-2.5
3.25
2.82
-3.89
-3.93
2.84
2.66
-0.09
0.38
1.63
0.44
-1.72
-1.82
0.63
1.01
-0.81
-2.75
-2.48
2.55
2.61
0.81
-0.36
-1.56
-1.71
1.52
-3.17
-3.24
-3.74
-1.88
-0.71
-2.51
1.47
-0.5
3.29
3.23
1.36
0.27
1.57
-2.39
2.58
-0.53
-2.8
1.75
2.74
2.56
-2.27
-0.66
3.86
0.05
1.1
0.79
2.13
-1.99
0.86
-1.07
1.87
0.81
0.52
-1.41
3.25
2.08
2.4
-2.21
-2.91
0.14
2.97
2.79
-1.1
1.4
3.66
2.92
-0.31
3.91
3.98
-0.86
-0.4
1.9
-0.29
-0.27
-0.22
1.5
-3.1
0.21
1.02
2.51
-0.64
-0.55
2.64
0.35
-2.64
-3.46
3.75
-1.03
-1.63
-3.5
1.07
3.42
0.66
-1.4
3.59
-1.05
-3.57
-1.55
0.39
2.18
-2.91
2.23
-1.96
-2.28
3.34
3.97
-2.9
-3.21
2.82
-2.25
1.18
-1.82
0.77
-1.41
-3.23
-0.48
-3.86
2.56
0.04
3.12
3.18
-3.29
1.54
3.47
2.07
0.18
-2.76
-2.9
0.15
-3.17
1.06
2.45
3.83
2.85
1.41
1.14
-2.6
0.92
1.01
-2.61
3.45
2.96
0.16
-3.38
-0.67
-1.11
-1.36
-1.94
-2.17
0.07
-1.2
-2.12
2.42
1.28
3.01
-3.62
-3.32
-1.43
-0.35
-0.85
2.73
4
0.64
1.98
0.69
2.73
-1.64
1.93
1.19
-0.37
-1.89
-0.77
-2.46
-1.36
3.67
-3.79
0.56
0.92
0.14
-0.82
-2.47
3.18
3.28
-3.92
2.03
-0.82
-3.97
-1.46
3.84
1.02
0.45
2.83
-2.74
-2.14
-1.33
3.46
-1.68
2.18
-0.07
0.6
-3.48
0.72
0.88
2.2
-2.05
3.58
-3.67
-0.23
1.62
2.8
-0.18
-0.23
2.43
-3.53
-2.39
3.55
-3.29
0.56
3.95
-2.49
2.7
3.83
2.09
-3.84
3.18
-0.72
-2.03
3.69
3.98
-3.79
1.9
2.38
-3.02
3.55
-1.34
0.82
-1.7
-2.92
2.13
2.46
-1.16
0.26
0.92
-2.96
-2.8
-3.32
-3.6
-3.22
-3.76
-0.88
2.75
1.76
2.23
-1.58
1.91
-3.31
2.63
0.71
3.03
2.67
1.6
-3.35
-0.21
1.41
-3.1
1.45
-1.22
2.89
1.82
0.79
1.25
3.64
2.44
-2.51
2.67
-1.57
-1.1
1.05
2.97
2.5
-1.12
-2.82
3.44
0.86
-2.54
-3.87
-3.86
2.57
-2.36
-2.04
2.2
1.59
-1.95
3.47
-3.14
-1.81
-3.53
3.52
-3.86
-0.24
1.9
-2.49
-1.04
-0.55
1.88
3.11
3.32
0.74
-0.25
-0.53
1.8
-2.43
1.75
-3.47
-0.22
0.41
-2.78
2.94
-0.06
-3.24
1.3
0.22
1.25
-0.14
2.6
3.66
1.58
2.98
-3.37
0.48
-2.04
-0.62
0.91
-0.8
-3.4
-2.63
2.22
-0.02
2.99
-1.64
-3.18
-0.59
-1.18
2.17
0.16
0.62
3.84
-2.48
-0.32
0.45
-3.04
-2.47
-0.42
3.38
2.47
-2.32
0.27
3.11
0.86
2.22
-2.47
-3.66
0.11
3.27
-2.49
-1.59
0.67
-1.46
3.93
-1.59
2.19
1.24
3.96
-2.42
3.95
-2.12
-2.61
3.08
3.7
-2.02
3.82
0.06
-0.7
0.18
-0.49
-3.58
3.81
1.53
0.74
2.93
1.11
3.12
3.13
-3.24
-3.17
-3.53
3.31
-0.45
0.65
-2.26
3.96
1.3
-2.41
-2.74
2.26
-0.27
-2.42
-2
3.44
0.58
-3.72
1.19
3.41
-1.13
2.4
1.48
1.05
3.93
-0.24
-2.91
-1.39
3.14
1.8
-3
1.31
3.08
2.11
3.19
-3.26
3.47
-1.42
1.85
-1.57
1.95
-1.98
-1.48
-1.54
-1.97
1.93
3.79
2.85
1.8
2.1
-3.84
2.64
3.92
3.71
0.25
-1.63
-0.64
-0.58
3.39
3.8
-0.44
3.14
-3.18
3.5
-3.42
-0.04
3.19
1.62
-1.61
-2.75
3.97
-2
-1.56
-1.24
-2.55
-3.15
-0.13
-0.99
-0.98
-2.01
-0.02
-1.76
0.81
-2.96
1.64
-1.63
1.39
3.37
-2.15
0.81
1.39
0.05
-0.8
2.05
2.87
2.82
-2.8
-0.97
-2.13
2.08
2.75
-1.84
0.45
0.55
2.13
2.17
0.2
1.16
2.26
-0.6
2.51
-3.66
-3.6
1.39
-0.18
-2.68
-1.67
3.79
-2.15
2.22
2.57
3.82
-0.23
1.58
-0.14
-0.08
2.8
0.39
-0.11
-1.36
3.65
-3.17
-2.86
0.95
-0.75
-2.19
1.79
-3.75
-1.09
3.47
2.18
-3.77
-2.89
2.46
2.31
1.05
-0.35
1.81
-1.77
1.55
0.49
-2.58
-2.82
-0.35
3.51
2.93
2.39
2.87
-3.31
-1.79
3.37
3.81
-2.73
-0.39
-0.25
1.67
3.21
-0.54
-1.87
-2
-0.47
-1.93
0.87
-1.62
-3.96
2.34
2.71
1.32
3.28
2.81
-3.73
-3.02
