-5
-2.07
-1.55
-1.82
-3.49
1.64
-0.05
1.71
-1.22
3.83
-0.39
-0.36
1.94
-1.9
1.92
2.83
3.61
2.79
0.19
-0.89
-2.66
-1.84
1.78
-2.54
2.7
1.25
0.16
-2.82
1.52
-0.44
1.85
-2.68
-2.94
0.81
2.22
-2.39
-0.79
0.71
-0.4
0.61
2.22
-1.7
-2.08
-0.44
1.58
-3.07
2.97
1.04
2.48
-0.84
-2.55
-2.72
-0.53
-3.65
1.34
-2.51
0.15
-3.02
-0.52
-0.74
-2.53
-1.23
-3.82
3.23
-2.03
-1.72
-1.43
-2.87
-0.12
0.31
-0.38
-1.11
-0.81
3.58
0.89
3.04
-3.77
-1.78
-0.11
1.76
2.29
3.13
-1.3
-1.65
-1.9
0.56
1.85
-3.29
3.47
0.72
1.46
-1.78
-2.78
-3.66
-0.86
-0.55
-1.88
-1.3
-2.42
-0.71
2.37
1.84
-2.85
-1.83
3.55
2.57
2.1
-0.1
-0.54
2.31
-2.74
-2.07
1.1
1.72
0.97
-1.65
-3.94
1.83
1.12
1.41
0.43
-2.14
-2.34
3.16
2.85
-2.6
-2.34
-1.16
0.44
-2.56
0.92
1.54
-3.37
-3.4
3.4
-3.55
1.97
-3.48
-1.19
-0.47
2.46
-2.05
1.26
-2.84
-0.54
-0.47
1.13
-0.49
-0.63
-3.22
-0.62
0.29
1.59
0.18
2.86
0.5
0.17
-2
-0.67
2.14
0.91
-0.74
3.46
-1.99
-2.62
-0.28
-2.71
0.5
2.32
0.52
0.38
3.54
-0.98
-2.42
2.96
-1.52
0.61
-3.5
-0.31
-0.69
0.28
2.16
3.47
-0.35
2.06
-3.37
3.95
0.46
-2.26
-1.1
0.29
-0.03
1.2
0.67
2.63
-0.8
-1.5
-0.76
3.78
3.74
-1.77
-3.38
1.19
2.86
0.41
-0.15
-2.73
0
1.23
0.38
3.9
-0.33
2.31
-3.98
-2.14
2.75
-0.21
-0.19
-0.05
-3.25
-0.23
0.84
-1.25
-0.58
-3.78
-3.6
-1.66
2.35
-1.05
-0.25
3.99
-2.64
-3.27
-0.05
-2.93
-0.35
-3.03
-3.39
3.24
-1.79
3.36
-0.05
3.24
1.37
-0.99
-3.38
1.67
1.17
-1.19
3.88
3.42
2.7
3.3
3.02
-0.04
1.4
1.88
-2.24
2.63
0.01
-2.49
-1.08
-2.95
-2.53
0.4
2.53
-1.06
-1.65
2.95
2.22
1.78
-0.83
0.57
-2.26
-2.61
3.83
1.61
1.39
-3.59
3.61
-1.26
1.17
-0.46
-0.93
0.34
-2.72
-1.93
-2.29
4
-0.32
1.78
3.21
-2.02
-0.77
-3.3
0.43
-1.1
1.76
-3.04
0.48
1.69
-0.69
2.22
0.59
-1.9
0.24
-1.88
1.55
1.62
0.13
3.8
-3.52
-2.65
3.02
-2.73
0.34
3.39
1.98
1.14
-0.89
0.46
-2.78
-1.64
-0.73
-3.56
2.57
-2.81
-2.67
-2.96
0.97
0.93
3.85
0.42
-0.07
-2.08
3.43
2.95
2.95
-3.03
-3.91
3.17
0.52
0.09
-0.14
-0.11
1.29
1.86
-1.04
-2.04
0.36
1.05
0.92
-3.38
1.86
-3.98
0.46
-3.05
-1.05
0.15
-0.47
-0.95
-3.22
0.51
-3.35
3.21
3.95
0.06
1.42
1.1
-2.16
1.4
-3.56
1
1.04
-0.05
3.94
1.13
2.51
3.39
-0.85
-3.29
2.23
3.38
0.68
3.93
-4
3.23
2.57
-0.1
1.47
2.48
0
-1.2
1.45
1.05
2.38
-4
-0.56
0.65
-0.06
-2.78
-3.56
1.87
-3.89
2.96
0.6
3.93
-0.42
-2.09
-3.91
3.33
-1.56
-0.44
-3.01
-1.18
0.82
-2.59
3.84
-3.27
3.2
-3.29
1.5
-2.49
3.63
-0.63
-2.61
1.64
3.56
4
1.58
3.94
-2.31
-2.15
-0.56
-2.08
-3.73
-3.65
3.27
1.72
-0.68
-3.92
-0.35
0.65
-0.19
2.14
0.03
-3.56
-2.2
-1.38
-3.78
0.96
-3.83
-1.3
1.46
-0.78
-0.27
2.93
2.25
0.75
1.56
2.97
-3.63
-0.41
0.34
-3.84
1.63
-3.41
-3.89
3.08
-1.45
0.47
-1.85
-1.89
1.42
3.11
1.07
-3.16
1.7
-2.52
3.34
-3.05
-0.16
0.93
3.77
-3.39
3.76
3
0.39
-3.78
2.2
-2.66
-1.89
-1.49
-3.84
0.35
3.71
-3.94
-3.69
-0.35
-3.49
-0.56
-3.68
-1.27
-3.93
-0.24
-1.19
2.07
1.29
2.35
2.16
-1.12
-2.78
0.76
1.41
0.61
-0.87
-0.55
-0.18
-0.28
-3.6
2.64
0.2
3.9
-3.12
-2.8
-1.65
3.64
-2.06
-2.94
3.41
1.01
-3.48
-1.95
-3.03
-0.1
-3.38
-2.9
0.85
0
1.8
-2.32
-2.29
2.04
-1.94
-0.69
-3.88
1.35
1.11
-0.45
-2.78
0.26
0.24
0.59
-0.75
-2.13
3.24
-3.57
-2.15
2.87
-2.59
-0.82
0.12
0.22
2.95
-2.86
-1.65
3.17
-0.22
-2.5
-0.02
-1.98
2.6
3.83
1.93
2.72
0.93
2.16
1.83
1.57
-2.93
1
-1.48
2.39
3.84
-0.86
-3.23
-0.06
2.8
3.1
0.66
-3.81
3.26
1.99
-1.42
-1.38
1.57
1.49
3.09
-3.09
-3.05
-3.05
-2.43
-0.4
3.58
3.21
1.66
0.41
2.67
0.53
0.95
-2.93
-1.4
0.28
1.79
0.41
-3.35
1.73
0.38
-0.2
-3.63
2.42
-3.63
0.68
0.85
-0.22
-1.24
-3.39
1.24
-0.69
-2.85
3.44
3.07
0.92
0.61
-3.88
-0.57
2.93
2.82
-3.38
1.49
0.36
1.27
-1.73
-1.85
-0.42
1.59
-1.02
-3.81
2.18
-2.04
3.84
-2.9
-0.71
-3.47
-1.46
-3.42
0.89
2.76
-0.2
0.45
1.05
3.17
-0.65
-0.62
1.51
-2
1.69
3.67
1.67
-3.02
-2.27
2.92
-0.25
2.32
0.02
-2.86
2.1
-1.47
-2.74
2.19
3.79
-3.58
3.07
-2.66
-2.69
2.33
-0.22
0.38
-1.93
3.54
2.55
-3.84
-0.98
0.18
-3.56
1.19
-2.09
2.9
0.64
-2.43
3.91
-0.69
-1.48
1.2
-3.78
-3.08
1.36
0.97
0.52
-2.61
-1.51
-1.64
1.5
1.61
0.67
0.62
-3.9
-2
-1.94
3.19
2.23
-2.69
1.59
2.13
-1.57
-2.44
-0.1
3.58
1.88
2.83
3.24
3.21
1.89
3.69
2.29
0.47
1.9
-2.13
-2.88
-3.61
-3.03
2.82
3.86
-3.32
1.05
0.19
-1.33
1.41
3.52
-0.18
1.09
3.91
0.83
1.46
-0.65
2.59
1.73
0.4
-1.24
2.66
1.03
1.79
3.1
1.7
-1.84
-0.72
0.47
1.81
3.32
-3.81
2.73
2.24
-3.12
-2.33
2.21
3.41
-2.55
0.91
-2.92
2.25
2.9
2.49
-3.95
-1.95
-2.27
3.33
-1.62
-3.58
0.33
3.7
2.75
-2.5
3.11
-1.54
-0.64
-0.81
3.72
-1.85
2.53
-2.23
3.72
0.86
2.1
3.32
1.1
2.86
3.02
-0.85
3.25
-0.05
1.13
-3.18
-0.68
0.52
3.77
2.54
1.73
1.05
-0.03
-1.16
-3.1
0.05
-2.52
3.62
-2.55
1.22
3.13
2.43
2.31
-0.98
3.7
3.31
2.38
3.31
2.54
-1.97
-3.61
-3.27
0.95
-1.13
-3.7
3.23
-2.83
-3.62
-1.43
1.93
2.19
-1.41
-1.31
0.83
1.46
-1.33
2.19
-0.31
-3.14
-0.33
-0.62
2.48
1.87
3.88
3.74
-3.41
0.84
0.23
0.25
1.83
-1.56
0.01
1.98
1.73
2.14
0.99
-3.91
-2.91
-1.47
-2.33
-1.13
-2.91
1.05
-0.47
3.04
0.53
-0.27
-2.52
1.56
1.03
-2.89
-1.31
2.45
-1.14
2.66
-2.08
-1.13
1.08
-0.86
3.71
-1.62
0.95
0.13
0.74
-0.52
-1.82
0.61
0.96
2.69
-3.53
-1.43
1.09
-2.85
3.19
-3.2
-1.72
-2.58
-1.67
-3.16
-0.8
0.86
-0.64
2.67
3.23
0.72
3.75
1.57
-0.88
3.08
0.22
-1.89
-0.98
1.96
-1.18
3.3
1.92
0.97
-3.69
-3.96
0.86
3.93
2.78
-1.21
1.09
-1.55
0.02
-2.46
3.26
-1.94
0.37
-3.51
-3.46
0.23
3.95
-1.15
3.03
2.29
0.91
-3.98
-0.26
0.62
-2.51
1.89
-1.53
2.36
3.55
3.14
2.33
3.9
-1.12
1.32
-2.89
-1.72
-0.01
-0.73
2.09
-3.43
-2.43
0.77
-3.31
2.21
2.31
-2.94
-1.3
-0.28
-2.43
2.79
2.01
3.98
-3.74
3.64
-3.95
-3.71
0.31
-3.76
2.44
-3.12
-3.69
2.74
-1.1
0.88
-0.79
3.36
3.18
3.06
3.39
2.26
-3.76
0.67
0.77
2.45
0.71
-3.87
3.33
1.54
2.31
-3.57
-0.82
2.75
0.79
-3.25
-2.87
2.36
3.63
-0.75
1.26
-3.18
1.98
-0.26
0.84
1.2
-3.75
-1.16
-2.14
-0.19
-1.01
2.96
-2.12
-0.35
0.34
-0.69
2.55
-2.66
-0.8
-2.18
-1.08
3.93
-3.04
2.78
-2.07
2
1.71
-2.43
-2.06
-1.85
-0.25
0.86
3.73
-0.07
-2.21
2.57
-3.73
0.5
3.83
3.57
2.2
-2.14
2.28
-0.48
-1.46
3.35
2.55
3.53
-1.59
-2.53
-1.79
3.8
-0.85
1.81
-3.68
1.34
3.86
3.21
-2.19
2.84
3.5
2.69
-3.11
3.72
-3.95
2.13
3.23
1.96
-2.14
1.78
-0.96
-1.96
-2.49
-0.36
-0.38
-2.94
-2.35
1.45
0.23
-1.42
3.46
2.18
3.16
-3.53
3.94
-0.04
-2.29
-2.09
-0.4
0.46
2.71
-2.94
-1.31
-3.02
-3.93
3.52
-3.04
2.56
-0.54
0.42
-3.88
-3.41
1.67
0.64
2.43
-3.83
2.28
3.52
-1.81
3.27
-0.31
-1.59
-1.02
3.23
3.39
-2.68
3.53
-3.59
3.78
0.1
0.41
1.32
-1.65
1.4
3.07
-2.03
3.35
-3.48
-0.44
0.11
-3.91
-0.91
-2.02
3.81
-1.54
2.87
-3.5
-1.48
-1.95
3.77
1.69
-1.8
3.73
0.34
-3.23
0.3
2.09
-0.53
-2.4
2.76
4
-3.46
2.78
3.37
-4
-1.2
2.24
-3.73
1.58
0.46
-3.18
1.75
-0.05
2.08
3.17
-3.41
-3.58
-0.83
0.76
-3.48
-3.19
1
2.37
-3.99
2.41
-1.79
1.59
2.02
0.63
-1.24
-0.11
-0.12
2.93
0.81
0.12
3.55
0.31
-1.38
3.81
3.67
-3.37
-3.77
0.95
1.59
2.95
3.94
2.25
-2.36
1.17
-3.83
-0.12
-1.09
2.72
-2.92
1.94
-1.01
-1.82
2.77
-3.05
1.79
1.21
-3.79
-0.36
-1.19
-3.43
0.95
2.83
3.15
-2.04
3.63
0.28
1.81
-0.63
1.09
3.89
-3.43
-3.96
-3.22
-2.93
2.48
-0.04
-0.05
-3.15
0.45
2.89
-3.03
1.16
1.84
2.87
-2.88
1.37
1.55
-2.34
-1.99
-1.55
-3.58
0.59
-1.86
1.02
-2
-2.9
3.11
3.68
1.54
-0.11
2.07
3.55
-2.38
-2.81
1.36
-1.06
-2.61
1.69
-1.52
-2.17
-2.74
3.37
3.2
-0.08
3.6
3.79
-3.02
-3.73
-3.16
-1.74
2.74
0.14
-2.64
-1.36
3.47
-0.01
1.91
-0.24
3.08
1.37
0.86
0.27
-0.69
-3.45
-3.19
-2.57
-0.47
0.65
-2.5
2.18
-0.03
3.86
3.19
-3.82
-2.82
-2.95
1.4
2.22
1.42
-1.79
-3.89
2.83
2.84
-0.72
1.16
-2.07
2.18
2.99
-2.27
-2.63
1.04
1.64
2.62
1.11
0.97
0.99
0.05
2.64
-0.9
2.17
0.25
0.34
2.78
-1.34
2.29
2.88
0.95
-2.82
-2.55
2.41
2.6
3.69
2.34
0.86
1.26
2.04
1.43
-3.98
-0.6
2.89
-0.75
0.55
-1.09
-3.87
-2.86
2.34
-2.76
-1.92
-0.79
0.19
1.01
2.77
-0.89
3.26
1.96
-0.23
-3.95
0.18
0.99
2.29
0.98
1
1.53
-0.68
-1.22
1.35
3.3
-2.24
3.86
2.94
3.57
0.02
-0.77
0.22
-1.09
3.71
-2.58
2.65
-2.49
3.96
1.64
-1.13
1.97
1.26
-2.6
3.84
0.58
3.08
2.9
-2.52
1.99
-2.75
-0.97
1.12
-2.1
2.26
3.02
3.6
1.35
-0.2
3.04
3.48
-1.77
0.28
0.63
-3.02
-0.47
2.89
0.35
2.26
-1.65
-2.6
-1.33
1.04
-3.36
-1.89
3.03
-3.73
-2.08
-1.05
-3.23
-3.79
-1.14
2.37
-3.05
2.32
-3.02
2.12
-1.68
0.65
-3.32
-2.17
-2.71
1.72
-3.09
2.16
-3.36
-2.31
-3.38
-3.59
0.3
1.69
-1.27
-3.37
3.14
0.58
2.58
2
0.47
3.8
3.24
2.75
1.68
-1.6
-0.97
2.82
0.62
-0.14
-0.67
2.32
-4
1.41
0.57
3.71
1.58
-3.49
-3.89
0.96
0.12
-1.51
-2.54
1.34
3.65
-2.5
2.65
-0.92
1.49
-1.78
3.24
0.38
3.74
-1.01
-2.35
-1.47
1.42
-2.07
0.15
2.9
-1.32
-1.91
-2.46
0.78
2.37
-1.69
-3.59
2.9
-2.89
-0.97
-0.94
2.62
0.46
-2.38
-2.13
-2.03
2.33
-2.11
3.11
0.17
-0.25
3.95
-2.67
-1.61
0.63
2.96
2.58
1.01
-0.25
-1.97
-1.72
-0.36
0.36
-2.78
-1.73
-1.98
-3.06
0.69
2.98
1.33
-2.91
3.76
-2.03
-1.54
3.17
-3.39
3.92
2.11
-2.89
3.68
0.21
-0.48
-1.17
3.99
-0.86
-1.26
-3.24
3.16
-3.85
3.41
-0.27
-0.6
-0.86
3.08
-3.26
3.43
-1.75
-0.76
3.36
3.85
-2.98
-2.37
-1.08
-2.23
-0.92
0
1.98
2.87
-0.77
0.01
3.04
-3.53
-0.11
0.08
1.83
2.77
-3.19
0.38
2.09
3.53
-2.75
-2.21
0.53
3.57
-2.41
1.69
0.62
-1.11
-2.28
3.74
2.36
0.67
2.76
-2.73
2.65
-1.43
-3.41
-2.95
0.9
3.14
0.77
-2.1
-0.07
0.15
-3.63
-0.74
3.52
3.07
-2.75
-2.02
2.62
1.88
1.16
3.83
2.59
3.24
1.11
-0.64
-3.83
1.4
3.39
-0.92
1.15
-0.51
1.65
-1.63
-2.28
-1.38
1.43
-0.74
2.17
3.76
3.49
2.95
-1.24
3.36
1.87
-3.62
3.2
2.34
2.17
1.55
-2.37
3.74
-2.88
-3.52
3.52
2.93
-1.32
3.42
1.47
1.24
-3.13
3.5
3.75
-2.32
0.75
-3.57
