0
-0.22
3.07
1.15
0.91
3.2
-0.26
-1.8
2.67
-3.66
1.22
0.38
2.92
-3.28
-0.68
2.25
2.13
1.87
-4
-3.63
-3.81
3.87
3.97
-1.98
-3.44
-1.31
-1.67
-2.85
-1.75
-3.38
-2.98
1.4
-2.87
-2.31
2.53
1.51
-2.44
1.81
0.87
1.46
2.9
-1.82
1.04
1.79
-0.93
-3.81
0.1
-3.28
1.91
-2.95
3.08
2.53
-1.53
-3.28
2.3
3.64
-0.67
0.98
1.21
-0.5
-1.03
1.64
-1.84
3.79
-0.9
0.42
-1.06
-0.53
3.74
-3.97
0.26
-3.62
-0.21
-3.2
1.41
0.42
2.19
3.34
-0.47
-1.66
3.45
0.05
-1.22
-3.88
-1.28
0.91
1.32
0.98
3.23
-1.06
-3.67
1.51
-1.95
-2.45
-0.35
-0.82
2.95
0.46
2.89
-1.81
2.77
0.61
3.7
3.27
-1.58
-1.81
2.51
-2.51
-1.43
0.25
3.64
-0.27
-1.6
-2.09
0.68
-0.25
-2.93
0.19
0.76
0.45
3.76
-2.22
