-10
2.89
-3.69
1.8
-0.84
1.07
-3.53
0.76
-1.95
-0.21
-2.2
0.88
2.22
-3.91
1.68
2.14
-2.68
3.61
0.48
-0.48
1.39
-3.33
-2.05
-2.8
-0.18
-2.98
0.47
3.7
-3.3
0.25
-3.83
-3.01
0.6
-1.17
2.6
2.44
0.87
1.42
1.27
-1.2
-0.07
-3.34
-3.71
2.36
-3.38
-1.03
-2.74
0.53
-3.3
-3.51
-1.76
-1.71
2.62
-2.73
-1.93
-2.13
3.88
-3.86
2.82
0.17
-1.24
-2.98
-3.25
-2.15
3.92
2.14
-0.25
-2.81
0.93
2.6
-2.25
-3.26
2.1
3.01
-0.95
3.83
-1.37
-3.41
-0.12
-1.25
-3.26
-2.99
0.79
-2.36
3.52
1.08
-2.52
-0.68
-0.45
-3.82
-3.55
-2.23
-3.49
-1.68
-1.48
-2
1.6
1.01
-2.38
-0.95
-0.97
-1.95
2.23
-1.61
2.69
-0.82
0.87
1.29
-0.94
-3.67
-1.77
-0.69
0.31
-3.59
-3.11
-1.01
2.62
-0.79
3.8
2.62
3.09
1.01
