-5
-1.9
3.29
1.26
0.72
1.44
-1.32
-3.04
2.68
-1.44
-3.31
-1.89
1.86
2.57
0.69
3.93
3.37
-0.69
2.32
-1.13
0.92
2.75
-3.62
1.69
-0.17
-2.57
-1.74
0.46
0.07
-1.18
-3.41
-3.47
-1.71
2.53
-2.12
-1.08
-1.52
2.06
3.24
-2.58
1.7
-1.67
0.1
-0.88
1.06
-1.92
-0.45
1.94
-0.76
2.63
3.53
3.77
2.15
1.89
3.08
2.95
-2.28
3.57
-2.93
-1.98
-0.38
0.21
-2.84
-0.38
0.32
2.29
-2.55
1.68
1.68
-3.49
-1.93
1.7
-0.72
-1.63
2.29
-1.66
1.41
3.84
-1.24
0.33
-0.4
-0.44
-3.77
-3.18
2.69
1.62
3.47
-2.96
-0.79
-1.61
0.56
0.64
-3.05
2.07
0.54
2.66
2.26
-2.26
-2.4
-1.75
-0.88
1.57
-0.9
-1.47
-2.92
0.8
-1.98
2.82
3.61
1.44
-2.05
1.14
0.25
-2.75
-1.47
0.28
2.12
1.98
-1.06
-0.51
-2.84
-2.25
