-10
-1.28
0.45
-2.79
-2.37
-0.17
-0.42
1.33
1.95
-2.2
3.34
0.31
-0.16
-3.59
-0.75
-1.75
0.09
0.92
0.77
-2.09
-1.69
-2.53
-2.77
1.81
-2.55
2.48
-3.13
1.14
3.74
-2.19
-1
-0.85
-3.54
-2.9
-0.95
-0.2
0.37
-1.42
-3.03
2.48
-1.29
-3.94
-0.1
1.05
-0.38
1.05
-1.37
-1.41
2.1
-0.66
1.15
-0.21
-2.5
1.96
-1.94
3.47
2.73
2.69
3.92
1.72
0.27
3.28
1.05
0.84
-0.75
2.94
2.12
-3.09
2.59
-0.84
-1.14
-0.99
1.89
3.34
-0.1
-0.23
0.14
-2.72
3.45
1.68
-0.73
-0.17
-3.04
2.8
2.04
-3.57
0.47
1.49
1.38
1.7
1.8
-3.83
1.52
-1.28
-2.69
3.38
-0.87
3.26
-0.76
1.35
3.92
-2.01
0.16
-3.95
1.15
0.01
-0.79
-1.73
-0.35
1.04
2.52
2.44
1.78
0.48
0.93
-3.32
0.49
1.61
-3.15
2.05
3.62
-0.25
