0
-1.36
-1.37
-1.53
2.47
2.65
-0.31
1.05
1
1.33
-1.83
-3.7
-3.56
-0.07
-2.34
-2
-3.17
2.19
-1.59
-2.35
-2.36
3.29
-0.69
2.59
-2.59
-1.81
-1.92
0.63
-3.15
-0.8
-2.3
-1.54
-0.47
-2.39
1.4
-2.38
-2.76
-3.44
-3.23
1.7
-1.63
-1.83
0.6
0.1
3.96
3.5
-0.46
3.43
-0.18
-3.53
1
-1.1
-3.75
-0.97
-0.48
-2.13
-0.32
2.77
-0.5
-3.4
0.96
-1.65
0.07
3.18
-0.1
-1.1
-2.71
-3.43
0.77
-2.06
-2.81
1.85
3.31
0.14
-0.63
-2.19
-1.71
-3.04
-3.01
2
-2.27
-1.37
0.33
2.37
-2.06
-0.21
0.79
0.64
0.98
1.94
2
-1.8
1.1
-2.17
1.26
-3.11
3.37
-0.39
-3.76
-1.03
-2.64
-3.64
3.79
1.26
-1.17
-3.18
-3.75
-0.14
0.45
-1.08
3.49
0.79
-1.23
-1.88
-3.22
1.25
-1.53
3.93
-2.08
-2.43
-0.53
0.02
2.94
-3.54
3.86
2.14
-0.87
-1.81
3.15
3.28
-1.73
-1.37
-2.99
-1.81
-1.92
-2.89
1.36
0.52
-1.25
0.05
-2.31
-0.38
2.43
1.86
-2.54
-1.23
-2.5
-2.01
3.56
3.9
-1
-0.89
3.85
0.82
-3.53
-1.04
3.87
2.66
2.94
3.71
-3.23
3.24
-1.77
3.42
-3.87
2.8
3.52
3.15
1.48
-1.98
3.23
0.96
3.33
-1.37
-0.77
-3.18
-3.75
3.21
-2.74
-2.22
0.82
3.04
1.5
0.75
1.78
-1.21
3.41
-1.5
0.36
0.47
-1.53
-3.73
-3.29
2.56
-3.9
-3.8
-3.71
-2.34
1.5
-1.86
-1.25
1.4
-0.37
1.36
2.58
3.56
-2.66
2.77
-2.46
-1.44
2.8
2.92
-3.57
-0.06
2.19
-0.22
2.43
-2.49
-3.66
3.12
-1.09
1.92
2.64
1.15
0.48
0
0.77
2.57
0.83
3.94
1.32
-1.7
-2.74
1.86
1.66
-2.99
2.18
2.38
1.18
-0.04
-2.74
3.89
-1.36
0.39
-3
3.2
-2.8
0.1
1.34
2.71
-3.73
-2.11
-0.65
1.78
1.68
-3.36
2.37
3.26
1.56
-0.68
3.81
0.43
-1.04
-0.21
3.69
2.11
-3.14
0.71
3.61
-2.52
0.44
-0.34
-2.66
-2.07
-0.72
1.17
2.71
2.9
0.45
3.28
-1.17
-3.87
-3.73
0.37
3.42
3.46
-2.3
-0.36
2.93
-1.19
-3
0.77
0.3
0.54
-2.84
0.9
-2.43
-1.02
0.26
-3.27
0.63
-2.89
3.9
-0.33
-3.09
1.59
1.68
1.9
2.85
3.07
-0.4
1.48
-2.63
-0.93
-2.15
0.6
-2.42
-3.57
2.34
0.11
0.34
-2.41
3.84
-3.45
1.38
-3.44
-3.89
2.83
2.84
1.19
-0.49
3.43
-0.42
-0.66
-3.71
2.86
3.92
-0.93
-1.15
-3.55
3.6
-3.49
-3.42
3.79
2.63
-3.96
-0.47
3.13
3.99
-3.19
-1.74
3.41
1.66
-0.19
0.28
2.68
1.19
-0.48
-1.18
2.24
3.73
1.59
-1.05
-3.83
-2.7
2.5
0.74
3.72
1.86
-3.02
-2.72
1.7
0.9
3.91
-0.22
-3.49
-3.49
1.44
3.46
-3.73
-0.39
-1.56
2.31
-1.88
-0.63
-3.3
0.97
-1.41
1.73
-3.86
-0.21
-1.77
-1
-2.17
-2.35
3.4
2.35
2.85
-0.72
-3.97
2.18
-1.95
-0.55
-2.95
3.21
1.58
2.4
4
-1.32
0.07
-1.07
-1.9
2.8
-1.37
1.49
0.15
-1.96
2.83
1.21
-3.66
-3.22
-1.02
3.75
-3.71
-3.74
-1.35
2.18
-2.73
-3.45
0.37
-3.45
2.42
2.77
-0.84
2.1
-1.61
-2.43
-3.08
-2.86
-3.8
3.17
-2.76
-0.04
-2.2
-2.2
-0.45
-3.51
3.81
-3.32
3.6
0.15
1.98
2.06
-1.02
2.56
0.6
1.64
-2.5
1.95
3.44
0.02
-3.87
-2.69
-3.11
2.1
0.35
-1.1
1.62
-2.57
-1.53
-1.99
-3.24
-3.41
2.33
2.37
1.67
0.52
-2.32
-1.51
0.11
0.63
2.39
2.8
-2.5
3.83
0.92
1.31
-3.34
0.9
3.35
1.38
3.56
1.51
-0.25
0.45
-3.26
0.32
-3.41
0.39
-2.18
-2.15
-0.52
1.14
0.29
-1.52
1.61
-3.82
-1.77
-0.11
-1.43
3.69
-2.18
-2.95
-2.11
2.74
-2.47
1.1
0.96
2.66
-0.8
-0.82
1.62
0.64
-2.96
-1.62
-0.26
-1.23
1.5
3.85
1.04
-3.5
-0.18
-3.04
2.29
-1.24
2.38
1.99
-2.63
0.06
3.16
-3.18
3.37
1.2
-1.72
-2.56
-1.43
1.04
3.01
-2.08
-3.81
-2
2.17
-3.91
3.88
-0.29
-3.99
-2.88
-1.18
1.4
3.8
2.02
3.76
2.46
-1.28
-2.63
-2.8
3.89
-0.92
-2.97
3.99
2.46
-0.97
-1.67
0.09
-1.06
-3.2
1.69
2.84
-0.16
-1.47
-3.15
-0.88
-3.74
1.79
-0.74
-3.9
-1.59
-0.31
-1.96
-3.14
-0.63
-0.37
-3.96
-1.02
3.11
-3.88
1.76
-0.82
-3.49
3.53
-1.93
-0.9
-3.48
2.83
-1.5
-3.43
1.08
0.83
1.76
2.18
1.59
2.61
0.13
1.16
2.9
1.91
0.14
0.47
-2.27
2.54
-1.39
3.13
0.06
-1.76
2.04
-3.32
-1.47
-1.13
3.18
-3.84
-3.3
-2.36
1.39
2.27
2.19
2.55
1.89
3.81
-3.48
2.69
-3.26
1.73
-0.83
-2.54
1.49
0.57
-3.97
3.05
-3.93
-1.23
-0.02
-0.58
1.77
2.09
3.56
-0.99
-2.74
3.35
-3.81
-0.7
-0.64
-3.02
-2.8
0.01
-3.83
2.86
2.58
0.8
0.43
1.82
-2.91
0.06
-0.02
1.89
-2.18
2.34
1.28
-0.8
-1.84
0.07
0.97
0.91
-2.14
3.59
3.27
0.9
0.58
-1.28
3.28
-3.26
3.75
3.31
-1.4
2.57
1.09
3.82
-2.32
-1.35
2.5
-2.91
-3.75
-3.13
2.94
-2.85
-3.13
-3.77
3.36
1.12
-0.34
-1.76
2.78
-0.24
-0.17
-1.11
0.5
-2
2.22
3.46
1.28
-1.31
3.26
2.48
0.17
-1.48
-3.07
-3.05
0.07
2.81
-3.17
2.39
-3.45
1.82
-3.39
-1.87
1.99
2.03
2.18
2.12
-2.35
0.71
-1.48
1.01
-3.15
3.56
-0.23
-2.77
-1.17
2.03
2.89
3.14
1.38
0.8
-3.08
0.56
-1.86
-1.09
2.64
-2.51
3.75
0.87
1.56
0.42
-2.86
-1.2
-1.2
1
3.81
2.89
2.25
3.85
-2.14
-0.72
-1.82
0.56
2.04
2.92
2.16
-3.24
-2.46
-2.53
-2.69
-3.61
3.02
2.24
-1.75
-0.26
-3.54
-2.15
1.77
-0.82
1.83
-0.29
0.64
-2.17
0.34
3.76
-0.47
-2.43
-2.9
2.31
-3.83
-2.98
-3.12
3.59
-2.04
3.65
-1.38
3.81
-2.64
0.51
-3.41
2.29
-2.61
-3.73
-3.91
0.73
1.6
3.54
-2.72
-1.81
-1.55
1.48
-1.62
-1.9
1.45
2.15
0.71
3.77
1.87
1.06
2.94
0.6
0.78
-1.07
-2.98
-3.61
3.96
3.93
1.91
-0.38
1.98
1.85
-2.6
-3.23
-2.85
-2.41
-0.71
1.03
-1.16
-3.39
-0.99
1
-3.91
-0.52
1.69
-3.05
-3.45
2.4
3.29
0.48
2.24
0.02
-1.67
-2.1
0.89
3.51
2.85
1.22
-1.27
-3.26
-0.24
2.26
-0.55
2.44
-0.87
3.84
2.63
-0.19
-2.12
2.64
-3.44
-0.52
0.04
1.75
-0.09
0.99
-1.43
1.12
-0.15
-0.46
2.75
-3.33
2.4
-3.98
2.67
3.42
-0.69
-2.75
-1.03
-0.73
0.31
2.94
1.6
-1.7
2.25
0.3
2.96
2.71
-2.6
-0.64
2.04
-3.22
1.48
2.29
-2.84
-3.92
-0.43
3.67
3.2
2.56
1.43
1.56
-2.02
2.31
0.75
-0.46
3.37
-1.34
1.31
3.17
2.04
1.14
-3.28
-3.24
0.9
2.23
1.89
-0.37
1.08
-3.74
2.34
3.67
-1.88
-1.38
2.57
-2.69
3.14
-0.75
0.27
3.24
-3.77
1.68
-0.2
-1.41
-3.7
0.35
2.27
2.59
-3.59
0.82
-0.99
-3.48
-3.15
0.97
1.76
-0.7
-3.73
-2.38
-3.17
-2.74
-3.28
3.99
3.7
0.09
-3.09
-0.26
3.53
-3.51
-2.22
-2.88
2.37
-0.6
-1.6
3.89
-1.53
-1.44
-0.96
3.79
-2.09
-1.2
-1.66
1.36
-0.42
2.08
-1.32
1.49
-3.41
1.15
3.51
3.75
0.14
3.7
-2.25
3.59
1.72
-0.48
-3.21
3.59
0.07
0.18
1.04
-1.75
0.19
1.52
1.27
0.78
0.61
0.96
-1.21
-3.43
1.7
3.79
1.62
1.87
-1.88
-0.69
-0.48
-1.1
-1.24
-3.6
2.81
1.03
2.26
1.88
-1.73
-1.51
-1.38
-1.45
3.07
0.97
-0.3
-3.2
3.84
-0.72
-0.18
-3.93
-0.54
-1.09
3.7
-0.61
2.41
-2.53
-0.05
-1.49
3.75
-3.13
-1.27
2.21
1.03
-1.01
-3.83
0.86
1.29
2.69
-0.98
3.18
-0.27
3.55
2.06
-3.61
0.8
1.12
1.52
-3.12
0.47
-3.67
-0.6
2.96
-0.55
0.27
-2.67
1.16
-2.62
-3.87
-3.25
0.54
3.57
-2.92
2.12
2.86
-1.17
3.96
0.34
-3.61
1.57
-2.88
0.21
2.29
0.22
0.76
-1.3
0.39
0.95
0.38
-3.57
-2.84
-3.68
0.1
3.5
-2.15
1.89
0.1
-0.12
-3.57
0.37
1.69
3.3
-2.92
-1.12
2.92
-1.87
-3.42
-0.85
0.86
2.13
1.12
0.77
-1.35
-0.62
3
-0.45
2.96
-2.53
0.27
-3.96
2.52
3.03
-2.83
-3.25
1.4
-3.86
-2.73
2.7
3.5
0.42
-1.27
2.55
-0.08
0.77
1.57
-0.82
-2.32
-3.96
-0.41
-3.17
2.99
-2.3
3.42
-3.5
-0.52
-3.28
3.89
3.91
-3.17
3.28
-3.99
-3.04
2.62
2.52
-3.85
3.8
0.38
-0.48
-0.85
-2.89
3.66
3.21
-0.25
-0.28
-2.06
1.83
-1.76
-0.92
-1.63
-3.01
2.01
-1.79
0.43
0.83
2.23
-1.44
1.33
2.8
-1.5
-2.33
2.13
-2.02
3.74
-3.69
2.98
-2.58
-2.25
-1.39
3.17
3.95
-1.82
-1.97
2.48
3.62
3.38
-1.7
-1.83
3.72
0.99
-2.26
-2.94
-1.94
0.94
-1.91
2.13
-2.74
-1.31
-0.59
1.06
-2.95
-2.94
0.49
-1.49
-1.84
0.83
3.66
0.87
1.73
-0.05
2.52
-2.79
3.45
-1.41
1.55
2.51
3.55
-2.09
3.06
1.18
3.7
-0.17
-3.35
1.62
0.67
0.06
-3.47
-0.83
-1.58
-0.45
2.68
-1.98
-2.79
-3.72
-3.99
-2.38
0.61
0.39
-1.18
-2.54
0.43
0.07
-2.29
0.37
1.13
-1.21
-0.81
2.93
2.91
-3.39
-3.51
-3.47
-0.18
-1.27
-3.08
1.87
0.92
-0.45
2.9
-3.22
-0.79
2.69
0.36
0.08
1.98
0.33
1.92
-0.68
1.28
3.03
0.68
3.03
1.36
0.49
1.17
-3.43
-2.52
-3.14
-3.41
1.16
-3
-1.93
-2.93
-0.99
-3.76
0.7
2.8
-1.4
2.86
0.39
-1.55
-3.71
2.55
-1.16
2.83
-3.96
-0.96
0.95
2.73
3.95
1.78
2.48
0.73
-0.59
2.19
1.31
-3.9
2.45
-2.78
-1.48
2.57
3.67
2.15
1.45
-3.16
1.24
0.83
-1.42
-0.76
2.8
1.38
2.19
-1.29
2.01
-3.72
-2.19
2.03
0.43
-2.27
1.15
2.53
2.13
-0.26
3.47
3.15
1.06
0.3
-0.59
-2
-3.25
2.8
-2.17
-2.08
3.23
2.73
-1.71
-1.94
1.48
2.66
-1.31
-2.38
-3.06
2.6
-1.68
-1.31
1.98
2.08
2.21
-0.56
1.6
0.16
-1.86
-3.49
-2.31
-3.79
-0.6
-2.4
-1.94
2.99
2.8
-2.37
-3.1
3.06
1.27
1.94
3.29
-3.94
1.18
-0.54
3.98
1.87
-2.25
1.42
0.66
-1.34
-0.67
1.78
-0.2
1.89
1.7
0.02
-3.5
0.17
0.11
-2.84
-0.18
1.33
2.1
3.56
0.71
-2.03
0.85
1.66
-2.04
-0.62
-1.47
1.99
-1.42
-2.73
-0.33
2.64
2.89
0.4
-0.59
-2.55
-1.08
1.13
3.46
0.45
0.4
3.37
2.55
-2.95
-3.84
-1.69
-0.67
1.2
-1.67
3.34
2.77
-2.58
-0.8
-2.64
-2.82
-1.31
-1.08
-1.23
0.8
-3.6
1.64
1.63
-2.75
-0.48
2.89
-1.28
2.16
-1.89
3.9
2.32
-3.66
0.81
2.88
-1.89
3.61
0.02
1.81
-1.85
-2.52
1.51
-0.7
-2.76
2.27
3.1
-3.29
-1.81
-0.32
1.34
-1.38
3.91
1.26
3.18
-0.08
-3.8
2.64
3.09
0.25
1.39
-0.01
0.69
3.45
-3.33
2.72
-2.58
-3.07
1.98
-1.96
-0.5
3.13
0.75
3.94
3.89
1.62
-2.54
3.28
2.86
-2.06
2.58
2.81
3.17
-1.34
1.17
-1.57
-1.49
-0.43
-3.78
0.15
-1.57
0.87
-3.1
3.4
-3.59
3.16
-0.68
-3.36
-0.51
2.09
-3.03
-0.86
0.61
3.09
-1.77
0.58
3.4
0.92
3.76
-3.93
-2.33
-3.24
-1.14
3.7
2.74
-2.58
3.5
2.54
2.53
0.5
1.68
1.69
1.27
-0.88
2.15
3.78
-0.77
2.55
3.24
-2.97
1.69
-3.03
2.01
-1.8
1.65
0.08
-2.37
2.83
0.63
2.55
-1.47
3.42
3.95
0.71
2.82
0.91
2.59
-1.5
0.54
2.28
2.85
2.99
3.11
3.85
0.24
-2.21
-3.51
-2.41
2.76
1.3
-2.79
-1.78
-2.08
-1.32
2.51
0.99
-1.85
1.37
-2.91
1.42
-3.07
0.51
-3.22
2.79
-0.82
-3.99
-3.33
-0.26
-1.27
-3.44
-3.16
-1.67
-2.1
-2.73
0.9
-0.83
-3.09
-1.47
3.16
-2.91
2.89
-2.94
3.62
1.02
-3.89
-3.5
-2.45
2.1
-2.19
3.02
3.28
-0.01
2
-3.02
3.04
-2.76
-2.94
2.39
-2.85
3.14
-0.8
0.58
3.47
-3.12
-1.35
1.06
0.12
-3.17
3.62
-0.39
0.83
-2.39
2.81
1.41
0.62
-3.19
-1.35
-3.71
-2.92
1.02
-2.32
1.15
-2.98
-1.7
1.42
-1.53
0.66
-2.75
-0.14
1.7
-1.66
-2.6
