-5
-2.65
-1.44
2.24
-1.49
3.84
-3.91
-0.43
-1.67
0.68
-1.43
0.4
0.35
-1.6
2.04
-1.87
-0.77
3.56
-2.77
0.42
0.02
-1.61
3.29
-2.96
-0.86
-0.79
2.3
0.57
-2.88
-1.06
-1.78
3.03
1.04
-2.24
-3.3
-2.21
0.21
-3.67
3.34
-3.88
-1.11
-0.7
-2.06
-1.26
2.47
-0.34
3.08
3.27
1.86
2.04
2.89
-0.57
2.3
1.05
2.34
0.99
-2.07
-1.64
1.51
-3.74
-3.83
2.99
2.52
-3.21
2.29
3.24
3.92
-3.98
0.64
-1.65
-0.74
-3.91
-0.74
0.09
1.99
-0.3
-1.96
0.22
-2.37
-1.41
-3.13
1.62
1.13
1.24
1.06
1.42
3.47
3.17
-1.08
1.93
0
-2.24
-3.71
0.24
-3.89
-3.05
-0.1
3.99
-0.19
-2.74
2.44
-3.39
-2.27
1.57
0.35
-1.17
-2.76
0.72
-3.16
1.76
-1.35
3.97
1.48
2.79
1.59
-0.26
2.88
-3.44
-3.17
2.93
3.14
2.14
-2.81
2.26
-2.36
-2.55
-3.02
0.21
-1.26
0.18
-2.9
-3.89
-1.32
1.05
-1.48
-2.52
-2.38
1.89
-2.74
-1.07
3.1
1.42
3.78
-1.6
-2.69
1.36
-1.19
-3.89
2.82
-2.64
3.29
1.09
-1.19
2.25
1.27
-3.29
-0.26
-2.3
3.52
-0.38
2.55
3.3
0.92
2.2
0.51
0.22
0.03
2.32
1.53
3.09
-1.48
-1.16
2.68
-0.16
1.4
3.68
-2.62
2.28
0.93
1.28
2.34
2.8
0.76
1.54
2.92
2.13
-1.93
2.19
-1.75
1.04
3.33
-2.29
3.67
3.79
-2.78
0.18
-2.85
2.11
-3.5
3.57
-0.63
2.98
-0.78
2.86
-0.22
-2.16
-2.53
3.04
1.7
-1.85
1.49
-2.92
-2.26
2.98
1.95
-2.05
0.33
-2.64
-0.86
1.52
-3.59
2.7
1.62
2.79
-0.26
2.14
-2.62
-1.12
1.97
-1.47
0.13
-1.05
0.74
-2.04
3.39
0.98
-1.13
3.42
0
0.52
3.83
0.94
1.94
-3.2
1.65
3.89
2.03
-0.64
2.12
3.1
-1.05
2.55
-2.56
-2.37
-0.2
-0.93
-2.1
-1.75
1.06
-1.16
0.07
-0.47
-2.58
3.4
-3.52
1.08
1.13
2.04
3.93
3.22
1.62
3.77
-2.3
-0.5
2.92
1.43
-2.5
-3.5
-2.13
2.7
-1.88
2.61
-2.9
0.74
3.97
-1.7
1.27
-0.52
0.8
-1.26
-1.98
-3.24
-0.44
1.41
-1.6
3.82
0.08
1.48
-2.41
-2.42
2.38
-2.6
-0.15
1.8
0.23
2.25
-0.3
1.95
-0.37
-0.36
-3.36
0.6
-1.63
-2.54
-3.85
-3.12
-1.85
-2.11
-1.02
0.15
1.13
2.77
-3.55
3.27
-3.39
1.53
-0.42
1.97
-3.36
2.21
1.44
0.74
0.1
-2.42
-3.96
0.34
-0.16
-2.13
-3.35
-3.37
2.9
0.07
-1.63
-0.96
-3.08
3.86
3.32
-2.76
0.2
0.31
-1.91
1.51
-1.25
2.3
-0.98
0.51
-1.03
-1.16
-0.16
0.66
0.46
2.89
2.55
-0.1
3.98
-0.21
1.61
2.71
-3.74
1.62
3.26
2.69
1.07
2.55
0.98
-2.77
2.89
-0.35
0.32
-0.52
-2.55
-2.96
-2.94
3.27
1.17
-2.08
-2.95
2.71
-0.45
1.27
3.74
-1.82
-1.32
-1.21
0.73
2.08
0.86
2.79
1.18
-3.31
1.59
3.88
-3.9
2
-0.14
-1.13
0.84
-1.07
1.75
3.91
-2.8
-2.61
1.84
3.44
-2.19
-3.89
-2.48
-1.69
-3.17
3.82
1.85
1.28
0.8
-1.94
3.59
0.98
0.12
-0.41
-1.32
-2.23
1.44
-0.45
-3.05
2.92
-2.38
3.72
3.64
-3.73
-2.36
2.23
-3.47
2.3
0.31
3.37
0.69
-3.13
0.26
-0.64
-2.96
-1.86
3.52
-2.2
-1.74
-2.31
2.44
-1.9
0.71
1.89
0.93
-0.3
0.01
-1.25
-1.03
2.55
1.7
-3.49
-0.54
1.96
-2.3
1.56
2.12
-0.58
-2.46
0.24
1.35
1.81
3.64
1.99
1.7
-3.92
1.84
-1.11
3.27
1.06
1.45
-1.14
-2.63
-3.29
-2.54
-3.05
-3.48
-1.1
-1.66
3.28
2
0.01
-3.26
-2.34
-2.72
-1.69
3.35
3.7
-1.25
-3.71
0.86
2.09
-3.91
1.46
-0.04
-3
-3.2
3.46
3.76
3.95
-0.77
-1.8
-3.07
-1.55
-1.02
1.05
-0.75
-2.73
2.4
1.51
-0.09
3.7
0.69
1.85
-0.5
2.52
-3.8
-3.1
-0.01
-0.94
-2.49
2.53
0.37
3.29
-2.2
0.03
3.34
-3.56
-3.06
-1.13
1.08
-3.62
-2.37
-0.4
0.94
-1.86
-3.85
0.26
3.56
-0.46
-3.94
-1.6
-1.48
-3.87
-3.51
-0.15
0.36
-3.82
-1.74
2.31
1.3
1.3
3.49
-3.22
-3.82
2.79
-3.37
2.64
-0.99
-1.11
3.25
1.84
-0.85
1.59
-3.54
1.25
-3.11
-0.87
-0.02
1.71
0.81
3.5
0.44
3.98
0.9
1.76
3.06
2.29
2.22
1.4
1.79
-2.84
-1.66
1.58
-3.71
3.84
1.62
0.7
-1.59
0.88
-1.73
1.71
-0.73
0.03
3.3
0.29
-3.91
2.14
0.98
-1.95
-1.83
-3
-1.23
1.85
-0.03
-3.81
-2.28
1.63
-0.83
-2.8
3.98
1.63
-2.78
3.73
-1.89
0.17
-1.59
1.77
0.9
1.93
-1.87
-2.75
-3.04
3.7
-3.42
0.42
1.22
-0.64
2.73
1.46
-2.01
0.96
0.67
0.58
-2.57
3.91
-2.13
-2.25
-3.97
-2.68
0.32
3.83
0.67
3.24
-0.57
3.3
-0.57
2.31
3.38
3.98
-3.78
0.83
1.33
-2.33
-3.39
2.52
-2.83
3.69
-1.56
-3.78
1.05
-3.59
1.58
-1.91
3.96
-2.04
-2.55
-2.84
1.98
-2.39
-3.44
0.98
1.14
2.02
-1.47
0.75
-0.28
-1.71
-0.24
-1.95
-3.77
-0.77
-2.73
-3.13
0.88
-1.92
-3.18
-1.15
1.55
-1.23
1.37
-2.05
0.42
3.24
3.48
0.49
3.42
-2.5
-3.73
0.68
-2.51
1.81
-3.5
1.2
0.54
1.98
-0.02
0.06
-0.82
-3
-0.79
-1.84
-0.43
3.46
-3.38
1.13
0.13
-3.03
0.34
-3.51
-2.04
2.92
2.1
3.57
1.15
-0.94
0.16
0.38
-3
3
1.84
0.27
0.88
-1.34
-1.07
0.87
-0.66
3.65
2.24
1.77
-2.13
2.44
0.56
1.69
0.87
3.3
-1.31
-3.68
0.12
0.71
1.04
1.16
3.04
2.7
-3.68
2.89
3.74
3.14
-1.6
0.6
-2.95
-1.8
2.98
-3.47
-3.92
1.45
0.51
-0.26
-3.87
0.03
1.15
-0.13
2.76
-1.9
2.49
2.29
-3.91
-3.51
-1.39
3.15
0.37
0.43
2.47
-3.96
2.28
1.67
1.66
3.8
-3.85
0.86
-2.47
-1.45
-3.91
-3.46
-3.59
3.67
-3.94
-3.51
-2.75
-0.59
0.39
-1.96
-3.87
-1.43
1.09
-1.8
-3.3
-0.63
3.97
-0.9
2.12
3.87
-1.42
-1.69
2.48
2.21
-2.99
0.21
1.87
1.48
-1.08
-3.21
3.83
2.7
-1.04
-2.92
3.79
3.51
1.3
0.47
1.7
0.32
2.02
1.83
-3.83
-1.15
2.4
-3.23
-3.41
-2.01
-3.99
0.7
-1.22
-3.41
-0.13
1.75
-2.21
1.75
-3.37
-1.52
0.01
0.78
2.56
0.95
0.48
1.02
-1.81
-0.99
1.84
2.59
-3.02
-0.49
2.38
-1.64
0.69
4
-2.77
3.76
0.08
-1.26
-3.84
3.13
1.96
-3.17
2.03
0.37
2.36
1.96
3.79
2.15
-3.12
-1.34
-1.29
-2.67
0.11
2.34
3.89
3.71
3.28
3.24
2.63
-2.02
2.12
2.23
1.42
1.1
-3.34
0.13
-1.89
-1.72
2.24
-0.68
-2.76
2.01
3.75
2.89
3.08
-3.65
-0.24
3.49
-0.73
2.21
-0.34
3.23
1.15
-3.34
-3.72
3.93
-0.3
1.86
-0.72
3.77
1.1
-3.66
-3.17
-2.63
-1
-2.85
-0.32
3.33
3.74
2.46
3.46
-2.77
1.16
0.81
0.81
2.61
-0.41
-0.24
1.81
2.17
0.84
0.29
1.96
3.08
-3.4
-3.44
2.1
1.76
-0.58
2.03
1.88
3.29
0.74
2.7
-1.7
2.5
0.32
1.67
2.1
-2.61
-1.27
-2.4
1.02
0.77
-2.01
3.8
1.7
0.2
3.92
1.2
-2.78
1.81
2.73
0.41
3.07
0.53
-0.57
2.89
0.52
-2.83
-0.59
-3.91
2.27
0.81
2.04
1.74
-3.7
0.91
-3.95
2.78
-3.02
-2.32
-3.66
3.13
0.02
-3.53
0.88
-0.66
-1.1
-3.63
0.62
-3.38
0.18
-3.65
2.91
1.08
-3.08
-0.1
3.63
0.9
2.17
3.46
1.54
-0.72
-0.08
1.47
2.94
2.77
3.75
-0.51
-3.36
0.47
1.79
1.35
2.35
3.76
2
3.49
1.85
-3.12
-3.26
-0.25
1.12
-2.26
-0.32
3.39
2.16
3.64
-1.04
1.85
-3.73
-3.67
3.53
3.28
2.52
3.66
3.69
2.94
-3.24
1.96
0.09
0.64
2.95
0.61
1.43
-1.17
-3.18
-1.67
-0.81
-0.53
-2.49
1.14
-0.02
-3.37
0.57
-3.3
1.37
-2.51
3.01
-0.67
3.24
-1.75
1.89
-3.13
1.58
-0.2
-3.89
3.05
2.56
-1.93
2.88
1.25
-0.65
2.2
-0.88
1.15
3.73
3.83
2.7
3.54
2.92
2.78
-3.24
1.69
3.8
-3.36
3.73
1.58
1.43
3.77
2.44
0.64
1.41
1.99
3.5
2.97
0.15
-0.81
-3.05
-0.57
-2.66
3.3
3.68
0.99
2.07
2.02
0.86
2.68
2.73
0.35
1.7
-2.94
-3.3
0.86
-0.4
2.4
3.77
-0.29
-1.31
2.18
-1.64
2.45
-0.2
3.47
0.62
0.23
0.56
0.58
1.66
0.13
-2
0.92
-1.14
2.23
-3.04
0.66
3.44
-0.07
2.72
3.03
2.91
1.82
-0.89
-0.23
2.74
1.08
3.43
-2.51
0.46
1.75
1.25
-1.05
0
3.72
2.21
-0.07
-0.03
3.06
0.39
1.4
0.97
-3.29
-1.68
-0.11
-0.92
0.75
3.46
0.4
-3.98
-2.34
-0.14
-1.42
-3.26
-1.25
-0.74
-0.93
-3.03
3.36
0
-1.59
3.05
3.64
2.51
2.81
-2.49
-1.69
-1.69
1.47
3.26
2.26
0.71
-3.12
-1.29
-3.82
3.5
-1.29
-0.64
1.05
2.96
-3.33
-3.19
-2.3
-3.93
1.05
2.99
-2.04
0.51
-0.51
1.81
3.04
2.87
3.73
3.59
0.02
0.57
-0.73
1.08
-1.1
-3.15
-1.64
-0.89
2.64
-0.04
-1.78
3.37
0.27
-3.18
-2.85
-1.44
-2.93
0.43
3.1
0.35
3.76
3.25
-3.35
-1.2
2.75
3.29
0.69
1.17
2.32
-0.27
0.32
3.56
3.73
-2.56
3.95
-2.94
-3.57
1.38
-2.94
2.03
-2.96
3.78
-1.8
0.02
-2.86
1.64
0.32
-0.61
-0.99
1.15
1.18
-0.02
-2.3
-3.55
-3.99
2.54
0.11
-1.66
-0.94
-1.27
-3.4
2.78
2.81
3.21
-2.59
1.25
-3.07
2.91
3.63
-2.88
-2.49
-1.16
-1.57
-3.48
2.77
-0.97
-3.44
1.41
-3.24
0.91
2.46
-0.95
3.5
1.04
0.9
3.55
3.99
1.26
3.45
-0.77
1.65
-3.44
2.08
-2.03
2.75
-0.27
3.62
1.97
-2.64
-3.93
3.24
-2.99
1.58
3.62
2.36
2
2.48
-2.17
1.14
-1.86
0.25
-0.51
-1.23
-0.87
-0.39
0.74
0.38
1.05
-3.75
-1.9
1.59
-1.51
-3.9
-0.87
2.19
-3.05
3.94
3.88
-2.47
3.03
1.39
3.25
1.31
3.98
2.1
2.42
-1.69
3.25
2.62
-2.58
-3.18
-0.68
0.33
-1.9
0.62
1.97
0.53
1.13
-0.5
0.91
1.48
-1.92
-2.71
-1.48
-3.47
-1.96
0.5
-2.15
2.41
3.6
-3.31
-2.92
1.71
-3.35
-1.94
2.82
-3.59
3.53
1.62
2.54
1.68
1.45
-2.79
2.46
-3.29
-1.36
2.57
0.12
-1.38
0.88
-3.55
2.15
3.19
3.6
-0.26
-2.79
1.74
-3.7
-2.45
-3.26
0.57
0.1
-3.06
-0.09
-2
1.06
-0.2
-0.87
-1.8
0.39
0.31
3.75
2.1
-2.88
-3.61
1.27
0.2
0.31
-1.92
-2.15
2.35
-3.44
3.26
-0.82
0.75
2.92
-0.11
0.93
0.41
-3.01
-3.71
-3.99
-3.97
1.44
2.9
1.15
-0.54
-1.66
-1.87
1.39
0.5
2.41
3.05
0.49
0.31
-3.83
-1.46
3.42
-0.15
3.32
-1.82
-2.61
1.15
-2.06
2.12
-2.03
-1.9
-3.14
-3.67
-3.46
1.54
3.23
3.37
1.47
-3.07
-2.42
2.62
0.58
0.25
-2.39
3.97
-1.49
-0.75
3.15
3.53
-1.39
-2.22
0.3
1.64
-1.56
3.46
1.57
-1.71
1.43
-3.72
2.32
0.9
1.04
0.19
-1.81
-0.35
0.3
1.08
1.27
1.1
-0.34
2.17
0.83
-2.47
-1.36
-3.13
-2.47
2.82
3.22
1.79
3.76
-1.99
-2.48
-1.88
2.2
2.41
3.32
-0.44
-1.42
1.13
-1.85
1.44
2.96
1.2
-3.92
-0.4
-2.94
-2.06
1.88
-0.7
-0.55
1.74
-3.91
-1.09
0.68
-3.33
-1.72
-2.36
-3.37
-0.96
1.89
3.91
-1.65
-3.47
1.04
0.18
2.38
-1
-3.76
-1.23
1.23
3.64
3.37
1.14
-2.42
2.7
2.42
2.1
-3.4
-2.28
-3.29
2.64
1.33
1.22
2.42
-0.49
-0.49
-2.73
1.84
-2.11
0.92
3.87
3.73
-1.74
-0.36
1.63
3.1
-1.93
-0.18
1.27
3.17
-1.65
-1.04
-1.78
2.32
3.61
1.97
-2.93
-2.78
-3.9
0.12
-2.11
-3.12
-2.45
-3.35
-1.37
-1.65
-0.49
-1.52
-3.19
-2.61
3.22
-0.31
-1.71
-1.94
-3.13
2.56
-1.64
-3.37
-2.99
-1.13
-3.23
-1.77
3.64
1.06
3.82
0.22
-1
0.21
2.61
-0.65
1.3
-2.54
-2.21
1.72
2.43
0.09
-0.83
-3.24
3.17
0.24
0.9
-3.61
-1.72
-1.63
0.51
-0.33
-0.79
-0.46
3.65
4
-3.09
1.1
-0.62
-2.62
3.02
0.21
2.42
-0.78
0.86
-2.17
-1.69
-1.87
-3.23
-0.59
1.14
1.3
2.62
