-2
-1.36
-3.4
1.15
2.31
-2.6
-0.5
0.09
1.19
0.02
-0.74
0.38
-2.35
3.7
0.97
0
-0.12
-0.82
1.91
1.58
-3.81
-1.02
3.97
-0.37
-3.44
-1.31
-1.67
-2.85
-2.82
-3.38
3.57
-3.71
-2.87
0.95
-2.62
1.51
-1.75
1.66
0.87
1.94
2.9
-1.82
-2.34
-3.38
-0.93
-1.52
1.95
-3.28
2.88
3.19
3.43
2.99
-2.68
-3.28
-2.53
3.64
-0.18
-3.22
0.69
2.99
-1.61
3.32
-1.84
-3.6
-0.9
1.39
-1.06
0.96
-2.45
-3.79
0.26
3.76
-0.45
-3.2
2.62
3.61
2.19
3.13
-1.67
-2.99
3.45
3.33
-2.2
-3.88
-1.28
0.91
2.52
1.29
1.41
1.55
3.39
2.95
-3.2
1.23
3.04
-0.82
2.95
3.14
1.3
3.31
2.77
2.04
2.92
3.27
-1.58
-3.48
-3.79
3.23
-1.18
0.25
-3.57
1.79
-1.46
-2.09
0.68
-0.25
-2.93
2.55
-1.01
0.45
-2.7
-0.36
