-5
-3.44
-1.76
1.8
-0.84
0.18
-3.29
-2.42
-1.95
-0.21
-2.2
0.88
2.22
-3.91
1.68
-0.36
-3.88
3.61
0.48
-0.48
1.39
-3.33
-0.29
2.78
-0.18
2.99
0.47
3.7
0.97
-2.31
2.6
1.36
1.4
2.55
3.56
2.14
0.87
-1.21
1.59
-1.2
-0.07
-3.34
2.25
-0.19
-2.55
-3.76
-2.74
0.53
-2.76
-1.58
-1.76
-3.95
-0.68
-2.73
-1.93
3.38
3.88
-1.28
-2.94
0.01
-1.24
-1.97
-3.99
-2.15
3.92
-1.6
-0.25
3.67
-2.44
3.01
-2.25
-3.26
0.47
3.97
-0.95
3.01
-0.11
2.89
-0.12
-1.25
-3.26
-2.99
0.45
-2.36
-0.43
1.17
2.01
2.52
-0.45
-1.54
1.43
-1.05
-3.74
-1.68
-1.48
-2.1
3.36
1.01
-2.12
-2.75
-0.97
-1.95
1.3
-1.61
-1.68
2.33
-1.84
2.39
-0.94
2.55
-1.77
-0.69
2.85
-3.59
-3.11
-1.01
2.87
-0.79
-1.15
0.28
0.58
2.49
