-2
1.39
0.05
0.22
-2.38
3.93
-0.4
-2.09
3.91
-1.88
3.9
2.3
3.24
-2.72
2.05
2.77
4
-0.74
-0.72
2.2
-1.6
-1.98
-3.55
-3.33
1.06
0.28
1.67
-2.47
-3.93
-3.22
-0.64
0.74
1.74
-2.61
-2.6
-1.17
-3.35
-0.92
-1.23
-1.77
-0.58
1.87
0.6
-3.95
0.16
3.37
-1.72
3.51
0.12
-0.84
-2.4
3.41
0.92
-2.59
-2.5
4
-1.57
-1.92
-2.92
0.42
-2.86
2.76
-3.79
-1.56
-0.72
-3.97
0.38
1.34
2.67
-1.02
-0.49
-1.79
3.75
1.47
2.53
2.32
-1.85
-3.2
1.81
-1.22
2.33
-3.68
1.93
3.02
0.31
1.85
-1.68
-3.75
1.31
-0.21
3.9
-2.9
2.23
0.38
-2.39
2.21
1.15
0.2
0.87
2.71
-3.93
-2.39
-2.81
-3.93
-0.73
0.18
-2.31
-0.17
1.73
-2.67
3.44
-3.67
2.08
2.85
3.3
3.12
-3.18
-1.48
0.98
2.3
-0.22
-0.36
