-10
3.79
1.71
-1.36
-3.89
3.04
3.17
-3.22
-1.6
0.23
-0.92
0.43
2.38
0.37
-2.4
-1.73
-3.97
0.66
1.62
-2.06
-1.6
1.46
2.09
3.33
-2.26
1.18
1.72
-3
-3.36
2.62
-2.56
-2.94
3.18
2.98
-3.11
-3.65
-2.59
0.35
-0.93
-2.26
2.23
3.85
-1.66
2.55
-0.53
0.33
-3.95
0.06
-2.97
-3.31
-0.52
-2.99
-1.59
1.84
1.64
-1.31
-0.65
2.93
1.73
0.29
-1.02
2.82
-1.26
0.69
1.33
3.6
-0.69
1.45
-0.66
-0.28
2.54
-0.96
2.54
-1.59
-0.01
2.43
-0.89
0.17
-3.06
-0.36
2.27
-0.26
-2.36
3.96
2.98
3.03
0.39
1.96
1.37
2.46
-2.97
2.78
-1.64
1.63
3.82
1.65
1.11
-1.43
1.29
0.93
-1.19
0.24
-0.72
2.96
-0.98
3.04
2.36
-3.51
-2.52
1.99
3.94
3.19
-1.35
0.63
0.73
3.44
0.49
1.79
-3.55
2.65
-2.38
3.69
