-5
2.18
-3.86
1.26
0.72
-2.94
-2.1
-1.45
2.68
-1.44
1.77
-1.63
2.47
-1.81
0.69
1.99
3.37
-2.85
-0.63
2.38
-3.97
2.75
2.11
1.14
-0.17
-2.57
0.36
-0.6
0.07
-1.18
3.52
-3.64
-3.76
-2.37
-2.34
-0.53
-1.52
2.65
3.24
-2.58
3.6
-1.67
0.1
-0.88
-2.58
-1.07
-1.39
1.94
-0.76
3.57
2.02
-3.19
2.15
1.89
3.06
2.95
-0.4
1.74
-2.93
-1.98
-0.06
0.21
-2.84
-0.38
0.32
-1.79
1.85
1.68
1.68
-3.72
-1.93
-2.2
-0.82
-2.5
2.29
-1.66
0.78
3.84
-1.24
0.33
1.88
0.46
-3.77
-1.11
-2.52
1.62
-0.42
-2.96
-1.75
-2.45
0.26
0.64
1.11
2.07
3.63
2.66
-1.08
-2.16
-2.4
-0.91
0.81
1.57
-3.68
-1.47
-2.92
0.8
-1.98
2.87
-3.37
2.43
-0.97
-0.93
0.57
0.65
2.96
0.28
0.05
1.98
-1.06
-0.51
2.84
-1.95
