-3
-1.28
-1.16
0.54
2
-1.65
-0.42
-3.04
1.95
-2.2
3.34
0.31
-0.16
2.83
-2.82
-2.63
3.2
-3.59
0.77
1.69
2.52
-2.53
0.36
1.81
-2.55
2.48
-3.13
-3.19
3.62
3.07
-1
-0.46
-3.54
-0.93
-0.95
-0.2
0.37
-0.87
-3.03
-3.58
-1.59
-0.65
-1.31
3.79
-0.38
1.05
-1.37
-3.41
1.59
-0.66
1.15
-0.77
1.75
1.96
-1.94
3.47
-3.91
2.69
-0.76
3.75
0.27
3.28
-2.33
1.03
0.54
-2.08
1.54
3.31
-1.15
1.3
-1.14
-0.99
1.89
0.02
-0.1
-0.37
0.14
-2.72
-2.91
1.68
3.23
-0.17
-3.04
2.8
2.04
-3.78
0.47
0.63
1.38
2.65
1.24
-3.83
1.52
3.02
-3.36
-2.98
-0.87
3.26
3.49
1.35
3.92
-2.01
0.16
-3.95
1.15
0.01
-2.25
-1.73
-0.35
1.04
2.52
2.44
1.78
0.48
0.93
-3.32
0.49
0.49
-3.15
2.05
3.62
2.52
