-8
1.39
0.06
-1.21
-1.37
3.93
3.76
-1.85
3.34
-1.82
0.69
2.3
0.24
-0.33
3.68
2.77
4
-0.74
-0.72
2.2
-1.6
-1.71
0.33
1
1.12
-3.74
1.67
-1.15
0.33
1.67
-3.17
-2.18
1.74
-2.68
-2.6
-1.17
-3.35
-0.92
2.86
1.72
1.18
1.87
-2.78
-1.46
0.03
2.6
0.54
-3.97
-1.21
0.39
0.49
3.41
-3.03
-2.59
-2.5
-0.41
-3.19
-1.92
3.11
1.23
-2.86
-3.03
-0.44
-3.06
-0.72
-3.97
0.01
-3.03
2.67
-0.94
-3.65
-1.79
0.13
-3.92
-0.32
3.58
-0.49
0.2
1.81
1.09
2.27
-3.68
2.83
0.09
1.49
1.76
-1.87
-3.75
0.88
-0.21
3.9
-3.91
-2.05
2.52
-2.39
-1.28
0.08
1.24
0.87
-1.53
2.52
-3.43
1.58
-2.67
-0.27
-1.73
1.91
-0.17
1.11
-2.67
-0.86
-2.35
1.05
0.67
3.3
-0.58
-1.37
1.66
0.98
0.68
-2.45
-0.36
