-5
-1.9
3.64
0.9
-0.46
1.44
1.82
-3.04
2.33
-3.08
3.33
1.11
2.47
0.06
0.69
1.99
1.5
0.87
-1.44
-1.13
1.79
-0.11
-3.78
1.69
2.41
-3.94
3.22
-0.95
2.31
0.65
-1.36
3.7
-3.76
-1.02
-1.91
0.4
-0.08
2.06
3.24
-2.58
-0.41
0.77
2.57
2.62
1.22
-1.07
1.82
-1.24
1.38
1.2
-3.91
-3.19
2.15
1.89
3.08
3.3
-0.4
3.61
2.85
-1.15
0.89
0.93
3.42
-0.38
-0.77
2.29
3.82
-1.9
-3.63
-3.72
-1.04
1.7
-0.72
-1.63
2.29
2.07
3.46
-2.33
-3.95
2.79
-1.89
3.28
2.44
-1.11
-0.99
-3.17
-1.15
-2.51
1.95
1.34
0.56
-0.43
1.11
2.07
0.58
-1.38
2.26
-2.26
0.1
-1.75
0.81
0.71
-3.68
1.33
0.56
0.8
3.97
-3.86
3.71
-1.48
0.12
-0.14
-3.09
3.25
3.28
0.28
0.05
-3.02
1.78
-0.51
-2.84
-3.96
