-10
-1.23
-1.16
-2.79
-2.37
-1.65
-0.42
-3.04
1.95
-2.2
1.22
0.31
-0.16
2.83
-0.75
-1.75
2.52
0.92
0.77
-2.09
-1.69
-2.53
0.36
-2.6
-2.55
2.48
2.36
-3.46
3.74
3.07
-1
-0.85
-3.54
-0.93
-0.95
-0.2
0.37
-1.42
1.11
2.48
-1.59
-3.94
-0.1
3.79
-0.38
1.05
-1.37
-1.41
2.1
-0.66
1.15
-3.97
3.07
1.96
0.58
1.39
0.87
2.69
3.92
1.72
0.27
3.28
1.05
1.03
-0.75
-2.08
2.12
-3.39
-1.15
1.3
-1.14
2.65
-2.6
3.34
1.07
-0.23
-0.23
-2.72
3.45
0.6
-0.73
0.32
-3.04
2.8
2.04
-3.57
0.47
1.49
1.38
0.87
3.34
-3.83
1.41
-1.41
-2.69
-2.98
-3.89
3.26
-2.77
1.35
3.92
-2.01
0.16
-3.95
1.15
-3.48
-0.79
-1.73
-0.35
1.04
2.52
2.44
1.83
0.48
0.93
-3.32
-2.04
1.61
-0.71
2.05
3.62
-0.25
