-5
-1.9
0.78
-1.94
0.72
-2.47
-2.44
-3.04
3.96
-1.44
1.77
-1.34
2.47
0.53
0.69
1.99
3.37
0.87
-0.63
-1.13
0.92
2.75
-3.62
1.69
-0.17
-3.94
-2.56
-0.95
0.07
-3.25
3.52
-3.64
-1.71
-2.37
-2.12
-1.08
-1.52
2.06
3.24
-2.58
1.7
-1.67
0.1
-0.88
-2.58
-1.92
-0.45
1.94
-0.76
-0.68
2.02
3.77
-3.17
1.89
3.08
2.95
-0.4
3.57
0.82
-1.98
-0.06
0.21
-2.84
-2.2
0.32
2.29
1.85
-1.9
-3.63
-3.72
-1.04
-2.2
-0.82
-1.63
2.29
2.07
1.41
3.84
-1.24
-3.27
2.47
-0.44
-3.77
-2.91
2.69
1.62
-0.42
-2.96
-0.79
-2.45
0.56
0.64
-3.05
2.07
3.63
2.66
-1.85
-2.26
-2.4
-0.91
0.81
-1.86
-0.9
-1.47
-2.92
3.05
0.38
2.82
3.61
2.43
-2.05
1.14
0.25
0.65
-1.47
0.28
2.12
1.98
-1.06
-0.51
-2.84
-2.25
