-10
0.84
-3.69
1.8
-0.84
0.18
-3.76
0.95
-1.95
-0.21
-2.2
-2.97
2.22
-3.91
1.68
0.7
-2.68
3.61
1.51
-0.48
1.39
-3.33
-2.05
-2.8
-0.18
-2.98
0.47
3.7
-3.3
0.25
2.6
-3.01
0.6
-1.17
2.6
2.44
0.87
1.42
1.27
-1.2
-0.07
-3.34
-3.71
0.55
-2.55
-1.03
-2.74
3.18
-3.3
-3.51
3.58
-1.71
2.62
-2.73
-1.93
3.38
3.88
-3.86
-3.41
0.01
2.9
-2.98
-3.25
-2.15
3.92
-1.6
-0.25
-2.81
-2.44
2.6
-2.25
-3.26
0.47
3.01
2.94
3.01
-1.37
-2.14
-0.12
-1.25
-3.26
-2.99
0.45
-2.36
-0.43
1.17
-2.52
-0.68
-0.45
-3.82
-3.55
-2.23
-3.49
-1.68
-1.48
0.22
3.43
1.01
3.98
-2.75
-0.97
-2.76
-0.31
-1.61
2.69
-0.82
-1.84
2.39
-0.94
-3.67
-1.77
-0.69
2.85
-3.59
-3.11
-1.01
2.87
-0.79
-1.83
-0.17
3.09
1.01
