-10
3.79
1.71
-1.38
-3.89
3.04
3.17
-0.62
-1.6
-3.54
2.64
-1.84
2.38
0.62
3.62
1.17
-3.97
3.99
1.62
-3.63
-1.45
1.46
2.09
-3.33
-2.26
-3.7
1.72
-3
-3.36
2.14
0.83
0.62
3.18
0.88
3.3
-3.65
-2.93
0.35
-0.93
0.1
-0.83
1.84
2.83
2.55
-0.53
3.79
-0.68
-0.51
-2.97
-2.94
3.17
-2.99
-1.59
-2.38
-2.79
1.39
1.15
2.93
0.83
0.29
0.68
-1.28
-1.26
0.69
1.33
1
0.97
-0.54
-2.48
-1.11
2.63
3.36
2.54
3.99
-0.01
-3.67
0.97
0.8
-3.01
1.48
1.19
-0.26
3.28
2.03
-0.68
2.59
2.15
3.22
2.49
-2.41
-2.97
-2.72
-1.66
1.63
3.82
1.65
0.46
-1.43
1.29
0.93
-1.19
0.24
-0.72
0.45
-0.98
0.02
3.03
-3.51
0.73
1.99
3.94
2.56
-1.35
0.63
0.73
3.2
-3.82
-4
-0.46
2.65
-3.94
3.69
