-5
-1.05
1.06
3.86
0.2
-1.94
2.98
-3.1
3.79
3.08
-0.05
2.95
-3.15
-2.32
1.06
-0.45
-3.31
1.02
-3.45
-1.54
0.47
1.1
-2.35
2.17
0.21
0.16
1.33
1.37
1.46
-1.69
2.03
-0.86
-1.39
0.19
0.16
-1.09
-2.38
-2.12
3.23
3.06
-3.86
-2.97
-3.87
-1.6
-0.47
0.84
2.94
2.82
-1.9
-3.43
0.29
-3.95
-3.06
3.72
1.28
-2.63
-3.7
-0.23
0.96
-3.57
-4
3.22
-0.55
-2
0.38
2.28
1.22
-2.75
-3.7
1.87
-3.57
0.95
0.32
-3.49
3.13
-0.98
-0.51
-3.34
-0.2
1.95
3.45
-3.37
1.29
3.17
-3.22
1.46
0.42
-0.2
3.28
-0.84
-2.83
-2.53
3.14
-0.72
-3.6
1.62
-0.85
2.14
3.84
-2.72
-2.11
1.81
3.96
-0.84
-2.04
-2.78
2.71
-2.42
0.25
3.37
-3.2
-2.34
-2.65
2.09
1.87
-0.43
-0.24
3.21
3.4
-2.06
-2.54
-3
