-8
0.01
1.99
-2.16
1.79
-1.8
-1.29
3.87
-3.98
-3.15
-2.74
-2.65
-2.32
-1.11
-0.55
-1.52
-1.72
3.64
-0.32
-1.48
2.21
1.09
0.7
1.66
-1.59
0.24
-3.17
2.34
-1.3
-0.67
-2.33
-1.33
0.59
3.24
-0.99
-0.32
2.11
-1.87
0.76
2.42
3.8
1.67
-3.81
-3.35
-3.37
-2.24
3.88
2.55
-1.31
0.9
1.9
2.86
2.76
-2.54
0.31
0.85
0.22
2.53
0.78
0.18
-1.16
-0.58
3.52
-0.05
2.93
1.32
-1.01
-0.49
3.86
2.12
1.55
1.13
-3.55
-1.18
2.12
-1.23
0.45
-1.18
-1.27
-1.55
-0.85
0.48
-0.56
3.52
-3.36
-2.55
2.95
3.98
2.87
-3.93
3.14
1.72
-3.12
1.54
-1.81
1.61
-2.42
-2.02
-3.03
0.26
2.39
3.97
0.12
2.3
0.43
2.56
1.87
-1.83
0.39
2.06
-2.33
3.43
-1.62
-1.86
0.81
-2.94
1.86
-4
-3.49
-1.45
3.62
0.24
