-4
0.84
3.09
-0.43
-0.84
-1.11
-3.53
0.33
-1.95
-0.21
-2.2
0.88
1.11
0.48
1.68
2.14
-2.68
2.33
0.06
-0.48
-1.46
-3.33
-2.05
1.33
-0.18
-1.99
0.83
0.56
-2.29
0.25
3.46
-3.01
3.79
-0.11
-1.16
2.14
0.87
-1.21
1.86
2.27
-2.58
-3.34
3.71
-2.74
-2.55
-1.03
-2.74
0.53
-3.3
-1.58
-1.76
-1.71
-0.68
-2.73
2.36
3.38
3.88
-1.28
1.49
0.17
-0.25
-2.84
0.68
-0.72
3.92
-1.75
1.42
2
-2.44
3.01
0.09
-3.26
0.47
1.2
2.94
3.01
-1.37
-2.14
-0.12
-1.25
-3.26
-2.59
0.45
-2.36
2.36
1.17
-3.31
2.52
1.03
-1.54
1.43
-1.05
1.3
-0.09
-2.75
-2
1.46
1.01
-2.12
2.33
-0.97
-1.95
-1.06
1.42
-3.77
1.22
-0.42
2.39
-0.94
2.55
-1.77
-0.69
2.85
-3.59
-1.41
-1.55
-3.73
-1.09
-1.83
0.06
3.09
2.49
