-3
-1.05
1.06
3.3
0.2
-1.94
2.98
-3.1
3.79
3.08
-2.58
2.95
0.47
-2.32
1.06
-0.45
-3.31
1.02
-3.77
-1.54
-3.94
1.1
-2.35
-0.75
0.21
1.61
2.03
1.37
-0.35
-1.69
2.03
-0.86
-0.06
-3.37
-0.32
3.19
3.83
-2.12
-2.68
2.7
-2.98
-2.97
-3.87
3.76
3.57
0.84
2.94
-3.02
-1.9
-1.81
0.29
-1.44
0.83
3.72
-3.18
-2.63
-0.24
-0.23
0.96
-0.96
-4
3.22
-0.55
1.47
0.38
2.28
1.22
1.59
2.98
1.87
-0.24
-0.32
-1.09
-3.49
3.13
-0.98
-0.51
2.72
-0.2
1.95
2.68
0.36
-2.68
0.88
2.88
-1.36
-2.04
0.2
3.28
-0.84
3.21
1.98
1.25
-0.72
-3.6
1.62
1.09
1.22
2.71
-2.72
-1.79
-2.65
1.22
-2.41
-2.04
-2.78
1.87
-0.4
1.69
1.92
0.39
-2.34
3.97
-0.12
1.87
-0.43
1.89
2.57
-3.78
-0.16
-2.54
0.18
