-5
-0.31
3.29
3.75
-1.29
-2.46
-2.1
-1.45
2.68
-1.44
1.77
-1.89
1.86
0.53
0.69
1.99
3.37
-0.69
-0.63
-1.13
3.71
3.09
2.11
1.69
-0.17
1.84
3.22
-0.95
2.31
-3.25
3.52
2.41
-3.76
1.51
-2.12
3.75
-3
-2.46
3.24
-2.58
-0.41
-3.88
1.91
-0.88
-2.58
-1.07
-1.39
1.94
-0.76
3.57
-3.91
-3.19
-3.17
1.89
3.06
-1.85
-0.4
1.74
1.68
2.88
0.89
0.21
-2.84
-2.2
-2.49
2.29
1.85
-1.9
-0.77
-3.72
-1.04
-2.2
-1.29
-0.39
2.29
2.07
0.67
3.84
3.29
2.79
2.47
0.46
-1.16
-1.11
2.69
-3.17
-0.42
-2.96
-0.79
1.08
0.26
1.15
-3.05
-1.82
0.54
2.66
-1.08
-3.89
-3.69
-0.91
-0.88
0.71
-3.68
-1.47
2.8
0.8
-1.98
2.78
-3.37
2.43
-2.05
-3.39
-3.09
3.25
2.96
0.28
-1.25
1.98
-1.06
1.28
2.84
-3.96
