-10
-2.63
-3.13
-0.78
2.31
-2.6
3.7
0.09
2.67
-2.4
-1.75
0.38
1.46
-3.84
2.08
2.25
-0.91
-0.82
0.01
1.58
3.25
-1.02
0.54
1.03
-3.44
-1.31
0.13
2.34
3.6
-1.45
-2.98
1.83
1.21
-3.81
-2.62
1.17
2.5
0.56
0.87
1.94
2.9
-1.69
-2.48
-3.38
-1.65
-1.52
0.1
0.81
1.91
-1.58
3.08
2.53
-1.53
-3.28
-2.82
3.64
-0.18
-3.22
2.42
-3.98
-2.16
2.54
-0.34
3
-0.9
-1.85
-1.83
0.96
-0.8
-3.44
-3.39
1.75
-0.21
-3.2
1.41
0.93
-3.56
3.34
-1.67
-1.66
3.45
0.05
-1.42
-3.88
-1.28
-1.83
3.59
0.98
1.41
-0.73
3.39
1.7
3.32
1.23
2.75
-0.82
-3.86
2.36
3.02
-2.11
-0.74
2.04
-1.73
0.22
-1.58
-3.48
2.51
-2.33
-1.43
0.25
-2.56
1.79
3.1
-2.09
0.68
1.95
-2.93
2.55
0.28
-1.54
3.76
-1.75
