0
1.39
0.06
-0.73
-1.37
3.93
-0.4
-1.14
3.91
-1.88
3.9
-1.62
2.73
3.31
3.68
2.77
4
-0.12
-3.6
2.2
3.31
-1.98
-1.86
-3.33
1.12
-2.96
-1.64
-1.92
4
-3.22
-3.17
1.22
-2.8
0.81
1.8
-0.94
-3.35
-0.92
-1.23
1.87
-2.6
0.98
-2.38
0.47
-0.92
2.6
0.54
-1.04
0.12
3.42
-2.4
3.81
0.92
1.92
-2.73
4
0.83
-1.92
0.88
1.23
-2.86
2.76
-3.79
-1.56
-0.7
-3.97
0.01
1.34
2.67
-0.94
-0.49
-2.53
3.75
1.47
2.53
2.32
-0.49
-3.2
1.81
-3.76
2.33
-2.42
-0.18
1.78
3.5
-0.78
-1.68
0.33
1.31
-0.21
3.9
-2.9
4
-1.78
-2.39
-1.28
1.15
-3.15
-1.59
-3.54
2.52
-1.17
-2.81
1.57
-1.62
3.44
-0.42
-0.17
-0.11
2.13
3.44
-0.6
1.05
3.65
1.09
3.12
-3.18
-1.48
0.28
0.67
-1.47
-2.45
