0
-0.51
0.45
-1.71
3.41
0.68
3.28
-1.06
-0.56
1.05
-1.16
2.58
-0.16
-3.59
-0.75
-1.75
2.52
0.92
2.37
1.69
2.52
2.62
2.77
-3.49
0.56
-3.53
-3.13
-3.19
3.62
2.61
-1
-0.85
0.97
-0.93
-0.95
-2.37
-3.78
2.26
1.41
2.48
-1.29
-1.68
-0.84
1.05
3.58
0.53
-3.97
-3.41
-1.99
-0.66
1.15
-0.21
1.75
1.96
-2.32
3.47
0.87
2.69
-0.76
-3.81
-1.02
-3.63
-0.75
0.84
-3.29
2.94
2.49
-3.39
2.21
-0.84
1.21
-0.99
2.57
2.3
-0.82
-3.4
0.14
2.44
3.45
3.41
3.45
-2.98
1.41
-3.44
-1.68
2.55
-3.53
1.47
3.15
0.87
-1.88
-0.29
1.41
3.02
-3.48
-1.97
-2.95
3.26
-0.76
-1.21
2.62
-2.01
-3.69
-3.95
-2.76
0.01
-1.54
-1.73
-0.35
0.55
0.13
2.44
0.3
-3
-1.77
-3.32
0.49
0.49
1.57
2.84
0.31
2.52
