-5
2.89
3.09
3
1.71
-3.42
-0.94
1.38
1.21
2.13
3.61
-1.98
1.11
-0.29
1.68
-0.96
0.02
2.33
0.48
1.12
-0.57
-3.34
-0.29
1.33
-2.42
2.99
1.93
3.7
-3.3
1.44
3.46
1.36
1.09
2.55
3.56
2.44
2.27
-1.21
-1.73
-1.2
-0.63
3.84
-3.71
2.36
-3.05
-1.03
-1.39
2.86
-2.76
-1.58
2.79
-3.95
2.62
-2.73
-0.93
3.38
-1.37
0.34
1.49
0.17
-2.82
2.51
1.9
-1.85
-1.81
-3.57
1.42
3.67
-2.44
3.01
-3.28
0.18
0.47
3.97
0.97
0.53
0.25
2.89
-0.12
2.86
-3.26
-2.59
-3.45
-2.23
2.36
-0.27
2.01
-0.68
-3.82
-3.82
-3.97
-2.23
-3.74
-0.09
-1.48
0.22
-3.6
1.28
-2.12
-0.77
2.06
-0.82
-3.14
-0.4
3.01
1.22
-0.42
-2.59
2.74
1.07
-3.54
1.61
3.09
0.58
-1.05
-1.01
2.87
-3.08
-1.83
0.06
-0.49
-3.58
