-8
2.99
3.74
-2.4
-3.89
0.99
3.65
0.56
-1.6
-3.74
-0.92
0.43
3.11
-0.29
3.62
3.62
3.01
1.31
3.29
-2.06
-1.6
2.74
2.48
-3.33
-2.86
-1.61
-2
-3
-0.34
-1.54
2.37
-0.08
3.18
0.04
-0.16
-3.65
-2.93
0.35
-0.48
2.35
1.2
3.85
-0.16
-0.72
-0.53
3.79
-3.95
0.06
-1.09
-2.45
3.07
-2.59
1.78
-0.73
2.29
0.5
-0.65
3.77
-1.89
0.36
0.06
0.21
-1.34
-1.09
1.24
3.16
-1.2
3.12
-0.66
1.79
2.54
-0.96
1.21
-3.84
3.42
2.43
0.97
0.17
0.79
-0.36
2.27
-0.1
-2.36
-0.46
2.98
-3.9
0.39
1.96
1.56
0.33
-3.21
-2.05
-1.64
3.61
3.59
-0.95
2.85
-1.43
-2.43
-0.54
3.79
2.84
-0.72
2.96
-1.94
0.02
2.36
-3.51
1.19
-2.61
1.72
-1.13
-0.11
-0.85
0.73
3.2
1.52
-1.21
1.8
-1.78
-3.94
3.69
