-3
0.12
3.14
2.58
0.2
-1.94
1.57
-3.1
3.14
-1.6
-0.05
1.24
0.47
2.67
2.35
0.71
2.75
-2.37
-2.96
-1.54
0.47
1.1
0.58
-0.75
-3.06
1.61
-3.11
3.08
1.46
1.92
-2.66
-3.25
-1.39
2.52
0.16
-2.33
3.83
2.63
3.23
-0.53
-3.86
-3.83
2.89
-3.15
-0.67
-1.88
-1.37
2.82
-3.75
0.93
0.92
-3.95
0.83
-3.02
3.59
3.88
-3.7
-1.18
0.96
-3.53
3.57
3.27
-0.55
1.47
2.48
2.28
-1.38
1.59
2.65
-2.96
1.46
-3.54
-1.04
1.58
-0.06
2.16
-0.51
2.72
-0.2
1.95
3.89
2.82
1.8
0.88
1.42
-1.36
-2.04
-0.2
3.28
-0.84
-2.3
3.71
-1.65
2.59
3.49
-0.45
-0.85
1.13
2.71
-0.03
3.84
1.81
-0.44
-0.84
-3.21
-3.63
-0.55
-2.42
-0.72
1.92
-2.69
-3.32
-0.89
2.09
3.3
-3.94
-0.24
2.57
-3.78
0.69
-3.32
-3
