-9
-2.63
3.44
-1
2.31
-3.57
3.85
0.09
0.48
-2.37
-0.74
0.38
2.92
-3.84
0.11
0
-0.91
-0.94
-4
-3.63
3.25
-0.22
3.97
-1.98
-1.47
-3.49
-3.05
-3.94
-3.57
-1.45
-1.98
0.34
1.7
-0.68
2.53
1.51
0.55
1.66
-2.45
1.46
2.9
-1.82
-1.79
3.27
-0.93
-1.52
1.95
3.68
2.88
3.24
1.87
-2.03
-1.53
0.87
-2.82
-2.93
-0.18
-3.22
-3.91
1.22
0.85
2.63
-1.84
3
-0.9
3.68
-1.94
0.96
-0.8
-3.81
2.63
3.76
0.15
-2.55
2.62
3.61
2.57
-2.83
-1.32
-2.14
3.45
2.51
-2.2
-1.05
-0.76
-1.83
-0.35
0.98
1.41
1.55
3.62
-2
-2.17
-0.42
3.04
-0.18
-3.86
-1.99
1.89
-2.11
2.77
1.62
2.92
-0.43
-1.33
-1.93
1.46
-2.33
-0.68
-3.88
-3.57
1.79
-1.46
0.08
0.68
-0.25
0.47
2.55
-1.01
-1.54
-3.58
1.97
