-5
-1.79
1.25
-1.94
-1.29
-2.46
-2.69
-3.04
2.68
-1.44
0.44
-1.25
2.47
0.53
-0.64
1.99
-3.53
-3.42
-0.63
2.38
-0.14
2.75
2.11
-3.71
-0.17
0.66
-1.74
-0.95
0.07
-3.25
3.52
-3.64
-1.71
-2.37
-2.12
-0.53
-3
2.65
3.24
-2.58
-0.41
-1.67
0.1
-0.88
-2.58
-3.08
-0.45
1.94
-0.76
3.57
2.02
-3.19
-3.17
-2.04
3.06
2.14
-0.4
1.74
1.68
-1.98
-0.38
-0.92
-2.84
-0.38
0.32
2.29
-2.55
1.68
1.68
-3.72
-1.04
-2.2
-0.72
-2.04
2.29
1.34
0.69
3.84
3.92
0.33
2.47
-0.44
-3.77
-1.11
2.25
2.9
-2.38
-2.96
-1.75
-1.61
0.56
0.64
-3.05
3.87
0.54
2.66
2.26
-2.26
-3.69
-1.75
0.81
-1.86
-3.68
-3.07
2.8
3.56
-1.65
-3.04
3.28
-0.76
-3.35
1.14
0.25
0.65
1.78
0.28
0.05
-1.7
-1.06
0.44
2.84
-1.95
