-4
1.43
-3.4
-1
2.31
-0.23
0.96
0.09
-2.54
-3.66
1.22
0.38
-2.35
-3.84
0.97
2.25
-0.12
-0.82
-4
0.81
3.25
3.87
3.97
-1.98
-3.44
-1.31
0.13
-2.85
-2.82
-0.95
3.57
1.94
-2.87
-1.56
2.53
1.51
2.5
1.66
0.37
1.94
2.9
2.97
-2.34
-2.11
-1.65
-3.81
1.95
-3.28
2.88
3.19
3.08
2.53
-2.68
-2.21
-2.53
3.64
-0.18
-1.6
-3.91
2.99
-1.61
-1.12
-1.84
-3.6
-0.9
3.68
-1.06
0.96
-2.45
-3.97
0.26
3.76
-0.21
-2.55
2.62
3.61
2.19
-2.83
-1.67
-3.07
-3
0.05
-1.22
-1.05
-1.28
-0.09
2.52
0.98
3.23
-0.73
0.38
-2
-3.76
-0.42
3.04
-0.82
-3.86
-1.99
1.89
-2.11
3.52
-2.25
2.92
-3.9
-1.58
-3.48
-3.79
-2.33
-0.16
-3.88
3.64
0.22
-1.6
-2.09
0.68
-1.76
0.84
2.55
-1.01
0.45
-3.58
1.97
