-2
3.56
0.06
-1.31
-2.38
2.81
-0.4
-2.09
3.34
-2.7
0.69
-1.06
2.73
-2.72
3.68
2.77
1.26
-0.12
-0.72
2.2
3.31
-3.67
-3.55
-3.33
1.65
-3.74
0.51
-1.92
-3.93
-3.22
2.02
0.74
-1.01
-2.61
-2.6
-1.17
3.85
-0.96
-1.23
3.05
-2.6
3.36
0.6
-1.46
-0.92
2.6
-1.72
3.51
0.12
-0.84
-1.19
3.41
0.92
2.99
-1.31
4
-1.54
-1.92
-2.92
1.23
-2.86
-3.03
-2.16
0.17
-0.7
-3.97
0.01
-3.03
1.5
-1.02
-3.11
-1.79
0.13
-2.96
2.53
0.92
-0.49
0.2
-3.07
-3.76
1.38
-2.42
-1.62
0.46
3.5
-0.78
-1.68
3.36
1.31
-0.21
3.9
2.77
2.68
0.38
-2.39
-1.28
2.25
3.57
0.87
-2.07
-0.9
1.77
-2.81
1.57
-0.27
3.44
-0.42
-0.17
1.73
0.59
3.44
-0.6
2.08
3.58
1.09
3.12
-3.18
-1.48
0.3
0.67
-0.22
-0.36
