-10
3.79
-0.84
-1.36
-3.89
3.04
3.17
0.56
2.2
0.23
3.3
0.43
-3.66
-0.29
3.62
-1.73
-3.97
0.66
3.29
2.52
-1.45
1.46
2.2
-3.33
-2.26
1.18
1.72
-2.96
-0.34
2.14
0.83
-2.94
3.18
0.04
3.3
0.13
-2.93
0.35
-0.93
0.1
-1.47
1.84
-1.66
-0.72
0.84
-0.94
-0.52
-1.92
-2.97
-2.45
-0.52
2.14
0.56
1.84
2.29
1.39
1.15
2.93
1.73
0.36
0.06
0.21
-1.26
-2.88
1.24
3.6
-1.2
-0.54
-0.66
-1.01
2.54
3.68
2.54
-1.59
-0.01
2.43
-0.89
2.79
-3.01
-0.36
3.53
0.99
-2.36
3.96
2.98
2.59
0.72
1.96
2.49
3.31
0.26
-2.05
-1.64
-0.75
3.82
1.65
2.93
-1.43
1.29
2.45
-1.19
-0.79
1.79
2.96
-0.98
0.02
1.47
-3.51
-2.52
1.99
1.72
2.56
-1.93
0.63
3.04
3.44
-3.82
-4
-3.55
-2.5
-0.41
3.69
