-5
-1.9
3.29
-3.73
0.72
1.44
-2.1
1.72
2.68
-2.96
1.3
-1.27
1.86
0.53
0.69
3.93
-1.85
3.39
-0.63
-1.13
3.61
2.75
-3.62
2.28
-0.17
-2.57
-1.48
0.46
-0.1
-3.73
-3.41
0.25
-1.71
-2.37
-2.34
-1.08
-1.96
2.65
3.24
1.36
3.6
-1.39
-1.5
-0.88
0.28
3.52
2.69
0.38
-1.33
-1.88
-1.86
-3.19
-3.17
1.89
3.08
-1.57
-0.4
1.74
-3.11
-1.98
-0.1
0.21
-2.84
-3.65
0.32
-0.19
1.85
-1.9
-1.28
-3.72
-1.04
-2.2
1.84
-0.87
-0.03
-1.66
1.74
-3.55
-1.24
-2.09
2.72
3.01
3.04
-3.18
2.69
-1.97
-0.42
3.94
2.17
-3.34
0.56
-0.31
-3.05
1.85
0.81
2.66
2.26
3.37
-2.4
-1.75
-2.06
1.57
-0.9
-1.47
-0.48
0.8
-0.86
2.87
-3.37
2.43
-2.05
1.14
0.25
-2.75
2.96
-1.19
3.68
-3.86
1.78
0.44
-2.84
-2.25
