-10
3.79
0.99
-1.36
-3.89
3.04
3.17
0.56
-1.6
-3.54
2.64
-1.84
2.38
0.27
3.62
1.17
-3.97
3.99
-2.04
-3.63
-1.6
1.46
2.09
-3.33
-2.26
-3.7
1.72
1.73
-3.36
2.62
0.62
0.62
3.18
2.98
3.3
-3.65
-2.93
0.35
3.77
0.1
-0.83
3.85
-2.7
2.55
-0.53
-0.94
-0.68
2.11
-2.97
-2.94
2.43
2.14
-1.59
1.84
2.29
-1.31
1.15
2.93
0.83
0.29
-0.41
-1.28
-1.26
-2.88
-1.47
3.6
0.97
-0.54
-0.66
-0.28
2.63
3.68
2.54
-2.96
-0.01
2.43
0.97
2.79
-3.06
-3.69
1.19
-0.26
3.28
2.03
-0.68
2.59
0.39
1.96
2.49
-2.41
-2.97
-2.19
-1.66
1.63
3.82
3.44
2.93
-1.43
1.29
0.93
-1.19
0.24
-0.72
0.45
2.94
0.02
2.36
-3.51
0.73
1.99
3.94
2.56
-1.35
-0.85
0.73
3.2
-3.82
-4
-0.46
2.65
-3.94
3.69
