-2
-1.05
-3.62
3.86
0.2
3.78
2.98
0.15
3.79
3.08
-3.07
2.71
-3.15
-2.32
-2.93
-0.45
-3.72
-3.05
-3.45
-1.54
1.71
1.1
0.58
2.17
0.21
3.97
1.33
1.37
1.46
-0.84
2.03
-0.86
-0.06
0.19
0.16
-1.09
-2.38
-2.12
3.23
3.06
-2.98
-2.97
-3.87
-1.6
-0.47
0.84
2.94
-3.02
-2.19
-1.05
0.92
-3.95
-3.06
3.72
1.28
-2.63
-0.24
-2.86
2.42
-0.96
-4
3.22
-0.55
1.47
0.73
2.28
1.22
-2.75
-3.7
1.87
-3.57
-2.43
-1.09
0.56
1.37
3.59
1.17
-3.21
0.13
1.95
3.45
0.36
-2.68
3.17
-3.22
-1.36
0.42
-0.2
3.28
-0.84
-2.3
-2.53
1.25
-3.04
-3.6
1.62
1.19
1.22
3.84
-3.64
3.84
-2.65
3.96
-0.84
-2.04
-3.63
-3.83
-0.4
0.25
3.37
-3.2
-2.34
-2.65
2.09
-3.27
-0.43
-2.15
3.21
-3.78
0.3
-2.54
0.18
