-4
0.84
-3.95
3.33
-0.75
-3.42
-0.94
0.33
-1.95
2.43
-2.2
-0.69
1.11
1.8
-3.19
-2.13
-2.68
2.33
0.06
1.06
-1.46
-3.34
-2.05
1.29
-2.17
-3.55
0.83
0.56
-3.3
1.14
-0.07
1.36
-2.59
3.11
2.6
3.91
-2.38
-1.21
3.61
2.27
-3.49
-1.86
-1.53
3.62
-2.55
-1.03
-2.74
-0.47
2.33
-1.58
-1.76
-1.71
2.62
-2.73
-1.93
0.13
3.88
-1.28
-0.82
-1.21
-0.25
-2.84
0.68
-3.94
-2.78
-1.75
-0.25
2
3.21
3.01
-3.75
-0.97
2.72
1.2
-1.98
3.01
2.21
-2.14
-0.12
2.86
-3.26
1
2.23
-2.36
-1.19
1.17
2.75
-0.68
1.03
-1.81
-3.97
-1.22
1.3
-0.09
1.51
-2
-3.6
-1.6
-2.12
-2.51
1.31
-0.74
0.33
1.42
2.69
-0.82
-0.42
-2.59
0.73
3.52
1.93
2.02
2.85
-3.59
2.93
-1.55
-3.33
2.63
-1.83
0.06
-0.49
1.01
