-10
3.79
0.99
-1.36
-3.89
3.04
3.17
0.56
-1.6
-3.54
2.64
0.43
2.38
0.62
3.62
-1.52
-3.97
3.99
1.62
-2.06
-1.45
1.46
2.2
-3.33
-2.26
-3.7
1.72
1.73
-3.36
2.62
0.83
0.62
0.09
0.88
3.3
-3.65
-0.08
0.35
-0.48
0.1
-0.83
1.84
-1.66
2.55
-0.53
-0.94
-0.68
-0.51
-2.97
-2.94
3.17
-0.13
-1.59
-3.38
2.29
-1.31
1.15
-1.06
0.83
0.29
-1.02
-1.28
-1.26
0.69
1.33
3.6
0.97
3.05
-2.48
3.39
2.63
-2.75
2.54
-1.59
1.2
-3.67
-0.89
0.8
-3.01
-0.36
1.19
-0.26
-2.36
2.03
-0.68
2.59
2.15
2.75
2.49
2.46
-2.97
2.78
-1.66
3.6
3.82
3.44
0.46
2.81
1.37
3.4
-1.19
0.24
1.79
2.96
-0.98
0.02
3.03
0.84
0.73
1.99
3.94
-1.13
3.24
0.63
0.73
3.2
-3.82
-4
1.8
-0.79
-0.41
3.69
