-4
-3.22
0.45
1.45
-2.39
-1.65
-0.42
1.33
-0.56
-2.2
1.22
0.31
3.36
-3.59
3.37
2.47
0.09
0.92
-2.62
1.69
-1.69
-2.53
0.36
-2.54
2.36
2.48
2.36
1.34
3.58
3.07
-1
-2.57
-0.24
-2.69
-0.95
-1.97
2.74
-1.42
-1.99
-0.17
-2.12
-3.94
-0.41
1.05
-0.33
1.05
-0.48
-1.41
2.1
-2.86
-1.83
1.94
3.07
-1.32
-0.58
2.66
0.87
2.69
3.92
1.72
0.27
-1.47
2.17
2.6
-0.75
-2.08
0.71
-3.39
2.59
1.3
0.29
-0.75
1.89
3.34
1.95
-0.23
1.68
1.2
-2.91
-1.24
-1.07
-0.17
-3.04
2.8
0.78
-1.15
2.41
-0.86
1.38
-1.95
3.18
-3.83
1.52
-1.41
1.76
-1.66
-3.89
3.26
3.29
1.35
0.5
1.28
0.16
-1.13
1.66
-3.48
-1.22
-1.73
0.92
0.64
3.94
-0.91
1.78
-2.85
0.93
-3.03
0.49
3.31
-3.15
2.05
1.92
-0.59
