-9
-2.76
1.71
-1.38
-3.89
3.04
3.65
-0.62
2.2
0.23
-0.92
0.43
-3.66
0.62
3.62
1.17
-3.97
0.66
1.62
-2.06
1.36
1.46
2.2
-3.33
-2.26
-3.7
1.72
-3
-3.36
2.62
2.37
-2.94
3.18
0.04
-3.63
-1.32
-2.93
0.35
-0.93
0.1
-0.83
1.84
-1.66
2.55
-0.53
-0.94
-3.95
0.06
-2.97
-3.31
-0.52
2.14
-1.59
-2.38
2.29
-1.31
1.15
2.93
1.73
0.29
-1.02
3.99
-1.26
-1.65
-1.47
3.6
-0.69
3.05
-0.66
2.1
2.54
3.68
2.54
3.99
1.2
2.43
-0.89
0.17
-3.01
-0.36
1.19
-0.26
-2.36
3.96
-0.68
2.59
0.39
2.75
1.37
-2.41
0.26
2.78
-1.64
1.63
3.82
1.65
0.46
-1.43
1.37
3.4
-1.19
0.24
-0.72
0.45
-0.98
0.02
2.36
-3.51
0.73
1.99
1.72
-1.13
3.24
0.63
0.73
3.2
0.49
-2.04
1.8
-2.5
-0.41
3.69
