-3
-1.88
1.48
2.57
0.29
-0.23
2.54
1.67
-2.98
-3.66
1.47
-0.07
-3.41
2.9
-0.68
-2.88
0.59
1.53
-3.57
3.34
2.34
-2.56
1.41
-2
-0.38
-3.55
-2.62
0.15
0.71
-3.38
-3.61
-0.73
-3.45
2.46
-3.58
2.78
1.43
-0.24
1.69
2.39
-1.75
2.71
0.62
3.52
3.5
-0.36
2.75
-1.95
-0.19
3.56
-3.43
-0.75
0.75
-3.09
1.56
0.36
0.72
-0.53
-1.05
-0.16
-1.61
-1.62
-3.05
-3.6
3.96
-1.8
-0.63
-1.87
2.47
0.54
-0.3
-3.17
3.84
-1.95
1.08
3.64
0.83
1.89
-1.49
3.98
-2.29
3.34
-3.66
1.15
-3.96
1.15
2.52
3.65
-3.11
0.07
-1.94
-2.04
-3.2
-2.15
0
3.87
1.75
0.22
3.57
1.29
-3.74
0.61
-0.42
3.27
-0.14
3.75
-0.59
-1.3
-0.16
1.93
3.54
2.83
-3.04
-1.03
-1.88
-0.94
-1.96
-0.19
-3.65
-1.2
-0.31
-0.27
