-5
-2.93
-1.76
2.2
2.32
3.88
-3.88
3.06
1.89
-1.36
-0.89
-3.25
-3.57
2.02
2.33
-2.74
2.17
2.48
-3.56
1.17
-3.35
-1.04
2.18
1.93
-0.08
-3.76
0.52
-0.6
-1.01
1.59
-1.15
-1.27
-1.86
-0.46
2.63
-2.13
3.51
-1.92
-3.62
2.63
-1.89
-2.15
-2.55
-3.76
-2.82
-3.04
-0.87
-3.71
3.37
0.08
2.08
-3.75
-1.39
3.43
0.45
-2.64
-1.1
0.32
-1.72
2.07
-0.65
0.72
0.07
-3.71
3.79
-3.63
2.62
0.9
3.39
0.45
-2.25
0.09
2.1
-2.19
-0.95
2.81
-2.49
1.93
0.74
-1.05
1.12
0.23
0.04
2.91
3.52
-1.4
-3.88
-1.29
3.1
1.26
2.98
-0.81
3.8
-1.68
-0.72
1.39
1.79
-2.84
-3.55
-3.19
-1.65
2.23
-3.1
-1.09
-1.68
-2.02
-1.84
-3.21
0.37
1.65
3.86
0.97
3.58
3.34
-3.06
3.13
-3.32
1.16
-3.23
1.19
-3.75
-0.1
