-10
3.79
-2.08
-1.38
2.42
3.04
1.12
0.56
-1.6
0.23
-0.65
-1.87
2.38
-1.51
2.15
0.34
3.37
-3.94
-2.22
2.52
3.89
1.46
2.2
3.33
0.49
-3.7
0.83
2.13
-3.36
2.14
0.64
-1.52
1.76
2.98
-0.16
-0.49
2.54
-2.1
-2.23
3.63
2.23
1.84
0.09
2.55
-0.53
0.33
-0.68
0.06
-0.48
3.23
2.43
-2.99
1.78
1.48
-2.75
-2.34
-0.65
3.44
1.72
1.44
-2.02
2.82
-1.26
0.69
3.84
3.6
-0.73
-0.54
1.08
2.1
-2.66
3.68
-3.43
0.49
-3.72
-1.94
0.97
0.8
-3.01
0.7
2.27
-0.26
-2.07
-1.01
-0.68
3.03
-2.02
1.96
1.37
2.88
0.26
-2.72
0.26
-0.32
3.82
0.13
3.63
1.49
0.65
-0.29
-1.22
0.24
-0.72
-3.67
3.72
0.02
0.61
1.92
1.19
1.3
-2.55
2.56
-1.35
-1.15
-2.42
-2.87
0.88
-2.29
-3.55
-3.92
-2.38
3.69
