-9
-3.19
-3.11
-1.39
1.61
1.6
0.9
0.15
1.17
-2.55
-3.07
2.95
-0.14
2.67
1.99
1.48
-0.28
3.66
3.86
-1.54
1.71
1.1
-0.94
2.17
-3.3
-1.2
-3.11
3.08
-1.26
-0.84
0.77
-0.86
-0.06
0.19
0.16
-1.09
3.83
2.63
-3.45
3.06
0
1.48
2.44
1.86
-0.67
-1.88
0.17
-3.8
-2.19
-3.43
3.48
-0.41
0.52
1.38
3.59
-2.68
0.17
-2.86
2.42
-3.36
3.57
1.64
-2.02
-2
0.73
-0.69
-3.38
-2.75
-3.7
-0.34
-0.24
0.08
0.32
-1.65
-2.88
-3.39
-3.48
-3.34
-0.2
2.38
3.45
0.36
-0.63
-2.55
1.42
1.46
-0.24
-2.96
-3.96
1.92
-0.98
-2.53
3.14
-0.48
2.69
-2.53
3.53
2.14
2.94
-0.03
3.32
-2.65
3.96
2.38
-2.56
-0.04
1.87
0.03
-2.78
1.92
-3.2
0.1
3.97
3.99
3.3
-3.94
-2.15
-3.08
-0.87
0.69
0.32
2.03
