-8
0.58
-2.83
-1.21
-2.38
1.34
1.7
2.75
3.91
-1.88
-0.55
-1.06
1.74
-2.72
2.05
2.36
-2.36
1.83
-1.22
0.09
-1.88
-3.67
-3.55
3.13
1.65
0.28
-1.64
3.96
1.11
1.91
2.02
2.78
-1.01
-2.61
-2.6
-1.17
-3.35
-0.96
-2.17
1.72
-1.48
0.29
2.19
-3.95
0.03
0.82
0.54
-2.85
-1.21
0.39
-1.19
1.62
1.26
4
-1.54
-0.41
-1.54
-2.63
-2.8
0.56
-0.2
2.76
0.49
0.15
-3.97
-1.39
0.01
-1.92
2.84
-0.94
3.34
-1.79
3.75
1.47
3.42
-1.55
-1.85
-3.2
1.35
-3.95
-0.22
-2.42
1.93
0.09
1.49
3.38
-1.68
0.33
1.31
-0.41
2.79
-3.91
-2.8
0.61
-2.39
-2.47
-0.9
-3.15
0.37
-3.54
2.56
3.25
1.58
1.57
1.18
3.44
2.07
-3.93
1.73
0.59
3.44
-2.35
2.08
1.39
-1.87
2.84
-1.37
1.66
0.98
0.67
0.73
-0.36
