-7
1.1
0.92
3.21
-1.15
1.48
-2.49
3.37
1.69
0.11
1.54
1.24
3.93
-3.84
-3.6
-0.45
2.31
-2.34
1.48
3.62
0.12
-3.44
3.27
0.29
-3.3
1.2
-2.01
3.82
-3.4
-3.75
0.15
-3.64
-1.39
-1.94
3.02
0.86
0.46
-2.12
-3.45
-3.44
-2.69
-2.1
1.11
0.22
-0.77
3.9
-1.37
2.82
-2.04
3.4
3.48
2.8
-3.11
-3.02
-0.14
-2.63
2.18
-2.86
2.42
-0.96
-0.52
-2.3
2.76
0.09
3.97
1.18
-3.42
1.87
-0.75
-3.64
3.1
-3.25
-2.9
3.68
-0.64
-3.42
3.34
-1.92
-0.6
-3.19
1.18
2.82
3.08
3.55
-3.22
3.74
3.48
-2.38
-3.96
-1.97
-2.16
2.39
-3.38
-0.27
-3.6
-1.7
-1.37
3.68
0.87
0.33
3.32
-3.37
-0.44
-3.65
-2.04
-3.97
1.1
-1.45
2.92
-0.44
-3.2
0.1
-2.65
-3.86
1.38
-2.66
-1.38
0.07
0.65
-1.39
1.71
2.03
