-5
-0.68
-3.86
0.84
-2.95
-2.94
-2.1
-0.83
2.33
1.31
2.86
1.11
-0.24
0.06
2.69
1.99
-3.95
2.88
-0.63
-1.72
3.71
-0.11
0.76
-3.47
0.89
-2.57
0.17
-0.19
1.04
-2
3.19
2.41
1.24
-2.15
-1.47
1.98
-0.08
2.13
-0.31
-2.58
-3.38
1.37
0.86
2.42
-2.15
0.6
-2.96
-2.68
1.38
2.63
3.42
1.54
2.53
-2.04
0.1
3.3
3.76
2.82
-3.68
0.52
-0.38
2.39
3.4
-2.32
2.12
-0.85
1.52
-2.1
-0.77
-3.29
-2.26
-2.07
-0.82
-1.63
-1.32
-1.66
-2.12
-2.33
2.69
0.43
2.72
3.28
2.44
-1.45
1.23
0.05
-0.84
-1.24
-0.57
-0.45
3.17
1.1
-2.78
-1.29
0.58
3.53
2.09
0.89
-3.71
2.7
-2.22
-2.09
1.7
1.33
0.56
1.48
-2.78
-3.86
3.28
3.36
1.41
2.08
2.77
0.59
1.81
0.34
-1.34
-0.76
0.45
-1.93
2.84
-1.76
