-10
-3.8
-0.78
2.81
0.02
1.36
1.67
-0.05
-3.15
-0.06
3.98
1.67
0.69
-0.46
2.26
0
-0.12
1.87
-3.82
-1.69
-1.58
-0.5
0.76
3.8
-3.44
-2.01
3.74
2.34
-0.44
0.13
0.72
1.94
3.86
-1.92
2.62
1.17
-2.59
2.53
-1.43
1.46
2.9
2.97
1.69
1.64
-2.44
2.83
2.22
-3.28
-1.94
3.41
3.43
-0.08
-2.68
-0.19
-0.03
-3.48
-0.05
3.33
2.97
-1.98
-2.75
2.63
-0.34
-2.22
3.23
1.39
1.82
-3.89
-2.45
-2.91
-1.33
1.35
-0.21
3.84
3.42
-1.71
-2.73
3.13
-0.9
-3.07
-3.89
3.01
-2.33
0.15
2.8
-2.64
-2.16
1.31
2.12
1.55
-3.67
-2
3.57
-0.42
0.16
-0.42
-0.69
-0.09
-3.69
3.31
-2.99
0.84
-2.41
2.75
-1.2
-1.93
-3.64
-0.89
-1.66
0.09
-0.74
-2.05
-0.12
0.28
0.68
-1.76
0.95
-3.29
2.85
1.86
-0.45
-2.22
