-2
-1.36
-3.13
-1
0.02
-2.6
0.96
0.09
2.67
-2.4
1.22
0.38
2.92
-3.84
0.97
2.25
-0.91
-0.82
-4
0.81
3.25
3.87
3.97
-0.37
-3.44
-1.31
-1.67
-2.85
-2.82
-1.45
-2.98
1.94
3.86
-1.56
-2.62
1.51
-1.75
0.56
0.87
1.94
2.97
2.97
-2.48
-0.11
-1.65
-3.81
0.1
-3.28
2.88
-2.95
-2.51
2.53
-1.53
-3.28
-2.53
0.05
-0.18
-1.6
1.21
-3.98
0.85
-1.12
-1.84
3
0.91
1.39
-1.06
0.96
-2.45
-3.97
0.26
-2.54
-0.21
-3.2
1.41
2.23
-3.56
3.34
-1.67
-1.66
-3
0.05
-1.22
-3.88
-1.28
-1.83
-0.35
0.98
3.23
-0.73
0.38
1.7
3.84
-0.42
2.75
-0.82
-3.86
3.14
3.02
-1.81
-0.74
2.04
-1.73
-3.9
-1.2
-3.48
2.51
-2.51
-1.43
0.25
-3.57
0.22
-1.6
-2.09
0.68
-1.76
-2.93
-3.35
1.46
2.33
3.76
-2.22
