0
-1.28
-1.16
-2.79
-2.37
-1.65
3.28
-2.95
-0.56
1.05
3.34
0.31
1.18
2.83
-2.31
-1.75
0.09
-3.59
0.77
1.69
-1.38
0.07
0.36
-2.6
2.36
-2.7
2.36
-1.28
3.74
3.07
-1
-0.85
-3.54
-0.93
-0.95
-0.2
0.37
-1.42
2.55
-3.96
-1.59
1.03
-1.31
1.05
-0.38
1.05
0.11
2.57
2.1
-1.64
1.15
-0.21
1.5
1.96
-1.94
3.17
-1.44
2.69
3.87
1.72
-1.02
-1.47
1.05
1.03
-0.75
-2.08
2.12
-3.39
2.41
1.3
-1.14
3.04
1.89
0.02
1.07
-0.37
0.14
-2.72
-2.91
1.68
-0.73
-1.04
-3.04
2.8
-2.99
-3.78
0.47
0.63
1.38
2.65
-0.3
-3.83
1.52
-1.41
-2.69
-2.98
-2.95
-0.38
3.49
-1.21
-3.84
-2.01
0.16
-1.13
1.15
2.5
-1.54
-1.73
-0.35
0.96
0.12
-1.68
1.78
0.48
0.93
-3.32
-2.04
1.61
-3.15
2.05
3.34
-0.25
