-5
0.8
3.29
3.75
-1.29
-2.94
-0.1
-1.45
2.68
-1.44
1.77
-1.89
2.47
0.06
0.69
1.99
3.37
-0.69
-0.63
2.38
-3.97
2.75
2.11
-3.71
-0.17
-2.57
0.36
-0.95
2.31
-1.18
3.52
-3.64
-3.76
-1.02
-2.12
-0.53
-3
-2.46
3.24
-2.58
-0.41
-1.67
0.1
2.62
-2.58
1.57
1.96
1.94
-0.76
-2.67
2.02
3.77
-3.17
1.89
3.06
-1.85
-2.28
1.74
-2.93
-1.98
-0.06
-2.91
-2.84
-0.38
0.32
2.29
-2.55
-2.1
1.68
1.28
-1.04
-2.2
-0.72
-2.5
-0.03
2.07
0.67
3.84
-1.24
-3.27
2.47
-0.44
-3.77
2.48
2.69
2.9
-0.42
-2.96
-1.75
-2.45
0.26
1.15
-3.05
2.07
0.54
3.33
-1.08
-2.26
2.2
-0.91
-0.88
0.71
-3.68
-1.47
2.8
3.56
-1.98
2.82
-3.37
-1.48
-2.05
1.14
0.25
0.65
1.78
0.28
2.12
1.98
-1.06
0.44
2.84
-3.96
