-6
3.56
0.05
-1.31
-2.38
3.93
1.7
-2.09
3.91
-0.02
0.69
2.3
2.73
-0.33
3.68
2.77
4
-0.12
-3.11
2.12
-1.6
-1.98
0.33
-3.33
1.12
-2.96
1.67
-2.47
-3.93
-3.22
-3.17
0.74
-1.01
-2.61
2.23
-0.94
3.85
-0.96
-1.23
-1.77
-2.6
1.87
0.6
0.47
-0.92
3.37
-1.72
3.51
0.12
-0.84
-1.19
3.41
0.92
1.92
-2.5
4
-1.57
-1.92
-2.92
1.23
1.56
2.76
-2.16
3.54
4
-3.97
0.01
-3.03
1.5
-1.02
-0.49
0.66
3.75
-1.88
2.53
0.92
-1.85
0.2
-3.07
-3.76
1.38
-3.68
2.83
3.02
1.49
-0.78
-2.49
1.84
1.31
-3.88
3.9
2.77
-2.05
2.52
-2.39
-1.28
2.25
-3.15
3.29
-2.07
2.52
-3.43
-2.81
3.74
-0.27
-1.73
-0.42
-0.17
-0.11
0.59
3.44
-3.67
1.05
0.67
1.09
3.12
1.71
-1.48
0.3
0.67
-0.22
-0.36
