-10
3.79
1.71
-1.36
3.55
3.04
3.17
-0.62
-1.6
0.23
2.64
-1.84
2.38
0.62
-2.4
1.17
3.01
3.99
3.29
-3.63
-1.45
1.46
2.09
-3.33
-2.26
1.18
1.72
0.56
-3.36
2.14
0.83
-2.94
3.18
0.04
-3.63
-3.65
-2.59
0.35
-0.48
-2.26
-0.83
-2.91
-1.66
2.55
-0.53
-0.94
-0.68
-1.92
-2.97
-3.31
-1.55
2.14
3.19
1.84
1.64
1.39
-2.42
2.93
1.73
0.29
-1.02
3.99
-1.26
-2.88
1.33
3.6
-0.69
-1.33
-0.66
2.1
2.54
3.68
2.54
-1.59
1.2
0.89
-0.89
2.79
-3.01
-0.36
3.53
-0.26
-3.02
3.96
2.98
2.59
2.15
1.96
1.37
3.31
-2.97
2.78
-1.66
1.63
3.82
1.65
2.93
-1.43
1.29
2.45
-1.19
-0.79
-0.72
2.96
2.94
2.31
2.36
-3.51
-2.52
1.99
3.94
3.14
-1.35
0.63
0.73
3.2
0.88
-4
-0.46
2.65
-3.94
3.69
