-2
1.39
0.81
-1.31
-2.38
3.93
3.76
-2.09
3.34
-2.7
3.9
2.3
2.73
-2.72
3.68
2.77
4
-0.12
-0.67
2.2
3.31
-1.98
-3.55
-3.33
1.65
-3.74
1.67
3.96
4
-1.7
2.02
0.74
1.74
-2.61
1.8
-1.17
-3.35
-0.92
-1.23
1.87
-2.6
1.87
0.6
-3.95
0.16
3.37
2.75
3.51
-1.21
-0.84
-2.4
3.41
0.92
2.99
-2.5
4
-1.54
3.81
-3.4
1.23
1.56
2.76
-2.16
-1.56
-0.72
-3.97
0.01
-3.03
2.67
-1.02
-0.49
0.66
0.13
1.47
3.42
2.32
-1.85
-3.2
1.81
-1.22
1.38
-2.42
-1.62
3.02
0.31
-0.78
-1.68
-3.75
1.31
3.15
3.9
-2.9
2.23
0.38
2.11
-1.28
1.15
-3.15
0.87
2.71
2.52
-3.43
-2.81
1.57
-0.27
3.44
-2.31
-0.17
1.73
-0.23
1.69
-0.6
1.05
2.85
3.3
-0.58
-3.18
-1.48
0.98
0.67
-0.22
-0.36
