-8
3.93
1.99
-2.16
-2.3
3.63
-2.13
3.87
-3.98
-3.15
2.42
-2.65
-2.32
-1.11
-0.55
-1.52
-1.72
3.64
-0.32
0.97
2.21
1.09
2.21
1.66
-1.59
0.24
-3.17
2.34
-1.3
-0.67
1.08
-0.58
0.59
3.24
1.05
-0.32
2.11
-1.87
0.76
2.42
-3.42
1.58
3.47
-3.35
-1.61
-2.24
3.88
2.55
-1.31
0.9
1.9
2.86
2.99
-2.54
0.31
-1.23
0.22
2.53
0.78
0.85
-1.16
-0.58
3.52
-0.05
-1.7
1.32
-1.01
-0.49
3.86
2.12
1.55
1.13
-0.36
-1.18
2.55
-1.23
0.45
-1.18
-1.27
-1.55
-0.85
3.75
-0.56
3.52
3.43
-2.55
2.95
3.98
-3.19
-3.93
3.14
3.78
-3.12
1.54
-1.81
1.61
2.36
0.68
-3.03
0.26
2.39
2.95
0.12
2.3
0.43
2.56
1.87
-1.83
-3.28
2.06
2.53
3.43
0.55
-0.29
0.81
-1.76
1.86
0.61
-3.49
3
3.62
-0.98
