0
-1.36
2.78
-1
-3.53
-2.6
-0.5
-0.13
0.48
-0.18
-0.74
-3.95
-2.35
1.49
2.44
-3.09
-0.12
-0.82
-4
1.58
3.13
-2.04
3.97
-1.98
3.85
-0.32
-1.81
0.15
3.6
-3.38
2.51
1.94
1.7
1.36
2.53
3.6
2.5
1.66
0.37
1.94
2.54
2.71
-2.34
-3.38
0.7
1.14
1.95
2.66
2.88
3.41
3.83
-2.26
-1.53
2.81
2.3
3.64
-2.88
2.99
-1.05
3.65
-1.61
3.32
1.54
-0.44
-1.94
1.39
-0.86
1.32
-0.8
-3.97
3.51
-2.54
-0.45
-3.2
-0.31
0.93
2.19
3.34
-0.02
-3.58
-2.29
2.51
-1.42
1.17
1.07
0.91
1.32
3.81
3.23
-0.73
-3.67
0.82
-3.2
-1.91
0
3.91
2.95
3.14
3.57
3.31
2.14
0.61
2.92
3.27
-2.28
1.94
-1.71
3.23
-0.16
0.25
3.64
-2.77
-1.13
3.43
-1.67
1.95
1.21
2.55
1.46
-1.54
-2.7
2.7
