-10
-2.76
-2.08
2.48
-3.89
-0.96
1.12
0.56
-1.6
-1.18
-0.43
-0.19
-3.55
-1.51
2.15
0.34
3.37
3.99
-1.34
-3.63
3.89
2.74
-1.37
0
0.49
-3.7
0.83
2.13
-3.36
2.62
-3.57
-1.52
1.76
2.98
-0.16
-0.49
-2.59
-2.1
-0.93
3.63
2.23
1.84
-1.66
2.55
0.84
0.33
-0.68
0.06
-0.48
-3.31
2.43
-2.99
1.78
-3.38
-2.75
-1.13
1.15
3.77
0.83
1.44
1.12
0.21
0.01
0.69
3.84
3.6
-0.73
-0.54
1.08
-1.01
3.41
3.68
-3.43
0.49
-0.01
-1.94
0.57
0.8
-3.01
-3.69
1.19
-0.1
-2.07
-1.01
2.98
3.03
0.72
1.96
1.37
2.88
0.26
-2.72
-1.66
-0.75
-0.64
2.18
3.63
1.49
1.95
1.19
-1.22
0.24
1.79
0.45
2.94
0.02
1.94
1.92
1.19
1.3
1.47
-3.02
-1.35
-0.85
-2.42
1.99
-3.82
1.79
-3.55
-2.5
-2.38
3.69
