-3
3.41
1.99
-2.27
-3.98
-2.53
-1.29
-0.17
-3.98
-3.15
-1.29
1.1
-3.87
1.18
-2.79
1.07
-1.51
1.3
-2.05
2.09
1.24
3.51
-3.68
-0.77
-3.01
-0.76
1.03
2.34
-1.3
-0.23
-0.35
-1.33
-1.11
0.53
0.53
-0.32
1.56
-1.18
-1.56
-1.28
1.69
-2.67
-2.28
-3.35
0.16
-2.24
-0.43
-3.88
1.09
-0.51
1.9
-3.02
2.99
2.78
-2.24
-3.55
0.22
-1.83
3.12
0.18
1.59
-1.25
3.52
0.25
-2.2
3.9
-3.98
-3.24
1.84
2.12
1.55
1.13
3.07
-1.18
3.95
-3.46
-0.34
3.1
-2.5
2.05
-0.85
1.73
-2.76
2.19
1.91
-1.2
0.44
2.94
-2.32
0.6
3.14
3.16
-0.2
1.54
-0.32
0.83
1.29
0.11
2.95
-2.32
2.8
-3.93
-3.73
0.74
3
-3.23
3.47
0.77
-3.28
-2.78
-2.33
3.43
-1.62
-1.86
3.3
-0.46
-2.5
1.77
-3.01
-1.45
1.89
-0.2
