-3
-0.31
0.58
-4
-3.62
1.44
-0.1
-1.45
-1.45
-1.44
0.44
-1.89
2.47
-0.3
-0.64
1.99
-3.53
-3.13
-1.68
-1.13
-1.76
2.92
-3.81
2.6
-0.17
-2.57
-2.5
0.12
0.07
-1.18
3.52
-3.01
-1.71
-0.24
-2.34
3.37
-0.08
1.36
-1.28
-0.76
1.7
1.48
1.91
-0.07
-2.36
-3.08
-3.6
-1.24
-0.76
2.4
-3.84
-3.19
0.12
-1.77
3.08
2.14
0.54
3.57
3.66
-1.98
-0.38
-0.92
-2.96
-2.2
2.28
0.74
-2.55
1.68
-2.52
-3.96
0.83
-2.2
1.84
-3.33
-0.12
1.34
-0.88
-2.33
3.29
0.33
1.22
0.46
2.44
-1.11
2.25
1.62
3.47
1.75
-2.92
-1.61
3.17
-0.43
-3.05
-1.16
3.63
2.66
-1.08
-0.33
-2.4
-0.91
-0.05
-3.58
-0.9
3.86
2.8
3.05
-1.65
2.81
3.61
-0.76
-0.97
-3.39
0.57
2.51
2.96
0.34
-0.76
1.98
1.15
-0.51
-0.63
-2.75
