-7
-2.93
-1.76
-2.81
-0.84
-3.42
-3.29
-2.42
0.97
-0.21
3.22
-3.25
2.22
-3.91
0.87
3.64
-3.88
3.61
-3.8
-0.48
1.39
3.2
3.7
-2.8
0.73
-0.28
-2.8
-0.36
-2.3
1.14
-0.7
-2.67
-1.86
3.98
3.56
-2.13
0.87
-1.21
-3.62
3.9
1.29
3.84
3.71
-3.08
-3.05
-3.76
-2.28
-3.71
2.79
-1.58
-3.32
-1.02
-0.68
1.67
2.36
3.38
3.88
-3.86
-0.82
0.17
-0.65
-2.98
-3.99
1.97
3.79
-1.75
2.62
-2.81
3.39
-0.42
-2.25
0.18
2.1
-1.2
-0.95
-1.79
0.61
-3.13
-0.36
2.86
-3.26
-1.29
0.45
0.81
3.52
1.08
-1.13
2.93
2.15
2.22
2.95
-2.23
1.3
-1.68
-3.89
1.39
3.43
1.86
-2.38
-2.75
-1.65
-1.95
1.3
-1.61
-1.68
1.22
3.18
-3.58
3.61
1.07
3.75
1.1
-3.27
-3.59
0.91
-1.15
-3.32
-0.79
-1.83
0.41
0.58
1.01
