0
-1.23
-2
-1.71
3.41
0.68
3.28
-3.04
-3.63
-2.47
-1.02
2.58
1.35
1.12
-0.75
3.24
2.52
0.92
0.77
2.36
3.5
2.62
0.51
-2.6
0.56
-2.7
-3.13
-0.14
3.62
3.07
0.99
-0.85
-3.54
2.05
3.94
-0.2
0.37
2.26
-3.03
-3.58
-1.29
-0.65
-2.2
3.96
0.72
1.1
0.11
2.57
1.59
-0.66
-1.11
0.46
3.07
-1.7
-1.94
-3.74
-1.44
-3.2
-0.76
1.72
0.27
-1.47
1.05
0.84
0.54
2.94
2.12
-3.09
2.21
-0.23
-1.14
3.04
1.89
3.34
1.07
-0.37
0.14
0.82
-0.94
3.41
3.23
-0.17
1.41
-3.98
-1.68
-3.57
-3.53
0.63
1.38
0.87
-0.04
-0.29
1.52
3.02
-2.69
-1.97
-2.95
-1.89
3.49
-1.21
1.07
-0.09
2.19
-1.89
1.78
0.01
-2.25
-1.73
-1.78
0.96
0.12
-1.68
-0.89
-2.77
-1.17
3.23
0.49
0.49
3.43
2.05
-3.5
-2.3
