-8
3.41
-1.02
2.93
1.79
-3.8
-1.29
-2.79
2.23
3.05
-1.43
1.1
-2.32
-1.11
3.83
1.54
1.71
2.27
2.4
2.09
0.1
-1.97
-2.51
2.32
-1.59
2.72
2.64
2.34
-1.3
-0.67
-0.35
-1.33
0.59
3.24
1.05
-0.83
2.11
-3.42
2.18
2.42
1.87
1.67
2.37
-0.56
1.71
-2.24
3.51
-0.45
1.09
0.9
1.9
-3.02
3.44
-2.54
-1.81
-3.55
-2.29
-1.12
3.12
1.31
-1.16
-2.34
-2.85
-0.05
-2.25
0.8
-3.98
-3.24
2.6
0.66
-2.22
0.36
2.15
-1.18
3.64
-1.23
1.84
0.88
-2.5
3.26
0.59
1.73
3.37
3.52
1.91
-2.55
0.44
3.98
-3.64
0.17
-3.21
3.16
-0.2
-3.9
1.62
1.61
-2.95
0.68
-3.64
-2.32
2.8
3.97
-2.4
2.3
0.43
-3.23
-3.39
-1.83
0.39
-1.06
-0.08
-2.54
-1.62
-1.86
0.81
-2.94
1.86
-4
3.75
-1.91
3.62
-0.98
