-5
-3.44
-0.91
-2.81
0.92
1.66
-3.29
0.95
0.97
3.59
2.73
-1.98
2.22
-0.29
0.87
-3.05
-3.88
-3.28
0.48
1.12
1.39
-0.56
-0.29
-2.8
-2.42
-2.98
1.93
0.56
-2.3
-2.31
2.6
2.96
-0.14
-0.46
3.56
2.44
2.27
3.33
1.27
2.27
-0.63
3.84
2.25
-0.19
1.77
-1.19
-1.39
-3.82
-3.3
-3.51
-3.32
-3.95
2.36
0.58
-2.36
3.38
1.98
-2.61
-2.94
0.17
-1.24
-1.97
1.9
-0.72
-1.81
-1.6
3.79
1.6
-2.44
2.6
-3.28
-3.26
1.33
3.01
3.83
3.83
0.81
-2.14
1.64
-1.33
1.27
-2.99
0.79
2.65
2.36
2.99
0.23
2.93
-3.82
-1.54
-3.55
-2.23
1.11
0.89
-2.57
0.22
-0.96
-1.69
2.92
2.33
3.6
-1.95
1.3
-3.78
2.69
1.22
3.91
-3.58
-0.94
-3.67
-0.88
-0.69
0.31
2.26
1.6
-1.01
-3.69
-1.09
-2.29
2.62
2.12
2.49
