-10
-1.36
-3.13
-1
0.02
1.36
1.97
0.92
0.48
-2.37
-0.74
0.43
2.92
-0.89
2.08
-1.6
-0.12
-0.94
1.91
-3.63
-3.81
-0.22
1.06
3.8
-1.09
2.85
-1.67
1.13
-2.82
3.08
-1.98
2.5
3.86
1.36
-1.43
1.51
-2.59
0.56
0.37
1.94
2.9
2.97
-2.48
-0.11
-1.65
-1.52
1.95
2.66
2.88
-1.67
0.91
-2.03
-0.73
2.81
-2.53
3.64
-0.05
-1.6
0.17
-1.4
0.85
3.32
-0.34
-1.47
0.91
1.74
-0.86
-0.85
3.74
-3.44
-3.54
3.76
0.15
-3.2
-0.25
3.61
-3.56
-2.83
-1.67
-2.94
1.69
2.51
-2.2
0.15
1.07
-1.91
-0.35
0.04
1.41
-1.45
-3.67
-2
-2.17
-3.72
2.75
3.91
2.95
0.52
-1.32
-2.11
-0.74
-2.25
-2.41
2.75
-1.58
1.94
-2.46
-2.51
-0.68
-3.88
-2.56
-2.05
-1.6
-2.09
0.68
-0.25
-2.93
0.25
1.46
0.45
-3.58
-2.22
