-10
0.84
-3.69
1.8
-0.48
-3.19
-3.76
0.76
-0.84
2.13
-2.2
0.88
2.22
-1.66
1.68
-1.37
-2.68
3.61
1.51
-0.48
1.39
-3.33
-2.05
1.33
-0.18
-2.98
0.47
3.7
-3.3
0.25
3.46
-3.01
0.6
-1.17
2.6
-2.86
0.87
-2.71
-0.71
3.18
-0.07
3.37
-3.71
0.55
-3.05
-1.03
-2.74
3.18
-3.3
-3.51
-1.76
-1.71
2.7
-2.73
-1.93
-2.13
3.88
-3.86
-0.14
0.17
-1.24
-1.97
-3.99
-2.15
-2.95
-3.3
2.86
-2.81
-2.44
2.6
-2.25
1.39
-3.19
3.01
-0.95
1.33
-1.37
-2.14
-1.84
-1.25
-3.26
3.19
0.79
-2.36
0.97
1.08
-2.52
-0.68
-0.45
-3.82
-3.55
-2.23
-3.49
-1.68
-1.48
-2
-3.6
1.01
-2.38
-2.75
-0.97
3.01
-0.34
-1.61
-1.68
-0.82
-3.29
2.39
-0.94
-3.67
1.2
-0.69
-2.29
-3.59
-3.11
-2.58
-3.32
-1.09
-1.83
2.62
3.09
-1.74
