-2
-1.05
3.14
2.58
-1.98
1.48
2.35
3.98
1.17
-2.55
-0.05
2.95
-0.14
-2.32
2.35
0.71
2.75
-3.05
3.21
-1.54
-3.94
-3.94
-0.94
2.17
-3.3
3.5
1.33
1.37
-0.42
-0.84
0.77
-3.64
0.36
0.19
0.16
0.94
3.83
2.63
3.23
3.06
-3.86
-3.83
2.44
-1.6
-0.67
3.9
-1.37
2.3
-3.75
0.93
0.92
-0.41
0.52
-2.24
1.28
-2.68
-0.24
-3.74
3.06
-3.53
3.57
-0.31
-0.55
1.47
0.73
-0.69
1.22
0.64
1.08
-2.96
-3.57
0.08
-1.04
1.58
-2.88
2.16
1.28
-3.34
-3.36
1.95
3.89
-3.37
1.8
3.17
2.88
1.46
-2.29
-0.2
3.28
0.15
-2.3
-2.53
-1.65
-3.08
0.97
-0.45
-0.85
1.13
2.94
-2.86
3.32
1.81
3.96
-0.84
-2.04
-3.63
-2.53
-2.42
1.69
3.37
-2.69
0.1
2
2.09
3.3
-3.94
3.87
3.21
-3.78
-2.06
-1.25
-3
