-5
2.89
-1.76
-2.81
-0.84
1.07
-3.29
-2.42
0.97
3.71
2.73
-1.98
2.22
-0.29
1.68
-0.22
-3.88
2.49
-3.8
-0.48
1.39
-1.06
-0.29
1.33
-2.42
-0.28
0.47
-3.94
-2.3
1.14
-0.7
-2.67
1.09
2.55
3.56
2.44
3.51
-1.21
1.66
3.9
1.29
3.37
-3.71
-0.19
-3.05
-1.19
-3.72
2.86
3.37
-1.58
-3.32
-1.02
2.62
-2.73
2.36
3.54
-1.1
-2.61
1.49
-1.35
-2.82
-2.98
1.9
-1.85
3.79
-1.6
2.62
3.67
3.39
2.6
-2.25
-1.07
1.33
3.97
-0.95
-1.79
1.35
2.89
-0.12
2.86
-2.89
-2.59
-3.45
-2.23
2.36
1.08
3.79
-0.68
-3.82
-3.82
-3.97
-2.23
1.3
-1.68
-1.48
0.22
3.43
1.28
-2.38
-0.77
-1.65
-1.95
1.3
-1.61
-1.68
1.22
3.18
-2.59
3.61
-3.67
3.75
-0.69
-3.27
-3.59
0.91
-1.08
2.87
-0.79
-1.83
0.28
0.58
-2.57
