-3
3.41
1.99
-0.2
1.79
-1.26
-0.38
-3.57
2.23
-2.1
-1.43
1.1
-2.32
-1.11
-2.87
1.07
-1.51
2.61
-0.32
2.09
0.1
1.09
-1.71
-0.77
-3.01
1.9
2.64
2.34
-1.3
-0.67
-0.35
1.34
0.59
3.24
1.05
-0.32
2.11
-1.87
-3.44
-1.28
1.69
-2.67
-2.28
-3.35
0.16
0.55
-0.43
-3.09
-1.31
-0.51
1.9
-2.94
2.99
2.78
-1.81
-3.55
-2.86
2.53
3.12
0.18
0.06
-1.25
3.52
0.39
1.37
0.8
-3.98
-0.49
1.84
2.12
1.55
1.13
3.07
-1.55
3.64
-2.17
1.84
0.88
-1.27
2.05
0.59
1.73
-2.76
-1.44
1.91
0.19
0.44
3.98
2.87
0.17
-3.21
3.16
-3.12
1.54
-0.32
0.83
-2.95
0.11
2.95
-2.32
1.3
-3.93
-2.4
0.74
-0.56
2.56
1.87
-1.83
-3.28
-1.25
-1.63
3.43
-1.62
-1.86
0.81
-0.46
-3.11
1.77
-3.01
-1.45
1.89
-0.2
