-4
-1.9
3.29
-3.73
0.72
1.44
-2.1
1.72
2.68
-2.96
1.3
-1.25
1.86
0.53
0.69
3.93
3.37
3.39
-0.63
-1.13
1.58
0.52
-3.62
-3.15
-0.17
-2.57
0.36
-2.05
-0.1
-3.73
-3.41
-3.64
-1.71
-3.21
-2.34
-1.08
-1.96
-1.69
3.24
-0.76
3.6
-0.24
0.1
-0.88
0.28
-1.92
2.69
0.38
-1.33
-1.88
3.53
-3.19
-3.17
1.89
3.08
2.95
-0.4
0.16
-2.93
-1.98
-0.1
0.21
-2.84
-0.38
0.32
-0.19
1.85
-1.9
-1.28
-3.72
-1.04
-2.38
1.84
-1.63
-0.03
-1.66
1.74
3.84
-1.24
-2.09
2.72
3.01
-2.49
3.38
2.69
-1.97
-0.42
3.94
-0.79
-3.34
0.56
-3.07
-0.63
3.18
0.81
2.66
0.96
3.37
-2.4
-1.75
3.4
1.57
-0.9
-1.47
-2.92
0.8
-1.65
2.87
-3.37
2.43
-2.05
1.14
1.22
-2.75
2.96
-1.19
3.68
1.98
1.78
-1.88
-2.84
-2.25
