-9
-2.63
-3.13
-1
-0.33
-3.57
3.85
0.92
-2.56
-0.2
3.98
-3.36
2.92
3.7
0.11
1.82
-0.91
-0.94
-2.42
-1.78
-3.09
2.49
1.06
1.03
-3.95
-0.36
-3.38
-3.94
-2.27
-1.45
-3.31
1.83
-1.84
-1.56
-1.71
-0.08
0.55
1.34
0.87
-3.23
2.54
-1.32
-2.48
-0.11
2.04
-1.52
1.95
0.57
1.48
-2.95
0.6
2.53
-2.51
-3.28
2.35
3.16
0.31
2.86
-3.91
3.65
-2.16
-1.28
-3.19
3
1.22
0.76
-1.06
-0.85
-0.08
1.38
2.63
1.75
2.32
-2.55
-0.32
2.23
-1.14
-1.59
-1.32
-2.14
3.45
0.05
2.25
-3.88
-1.28
-1.83
1.01
0.98
1.41
-0.73
3.62
0.79
0.05
1.23
2.94
-1.03
2.95
-1.99
2.68
-0.11
-0.74
-1.21
-1.73
-3.9
-0.8
-1.93
2.41
-3.97
-2.81
-3.88
0.3
-0.87
3.72
3.43
-3.8
-0.25
0.47
2.55
2.37
-3.07
2.8
3.49
