-3
3.93
-3.42
2.57
-2.91
4
-2.13
-1.57
3.29
1.92
-1.5
-3.92
2.6
1.18
-2.79
3.57
3.07
-3.35
-0.32
0.97
0.1
1.29
-3.68
-2.4
1.07
1.9
1.03
-3.43
-2.87
-0.67
-0.35
-0.45
1.09
-0.66
0.53
-1.65
-1.89
0.64
-3.63
2.42
3.8
-2.67
-3.17
-3.35
-1.61
-1.21
-3.18
-0.98
1.14
0.9
1.9
-2.94
3.44
1.12
0.31
-3.55
-0.78
0.1
0.78
-0.8
0.06
-2.71
-3.49
-0.59
1.21
2.95
3.28
-2.7
-3.36
2.87
-3.64
-1.58
-3.72
1.26
-2.12
-3.23
0.45
0.88
-0.16
-3.97
2.4
3.75
-1.37
-1.56
1.43
-1.42
3.1
-0.96
-1.48
0.6
-1.64
-2
-3.12
-0.71
1.62
2.5
-3.19
0.89
2.24
1.08
3.8
-1.32
-1.62
2.3
-0.56
-3.23
-0.66
-1.83
-0.85
-0.47
-1.99
-1.9
1.19
-1.68
-2.72
-1.94
1.86
3.53
2.52
-1.38
2.22
0.24
