-5
0.56
-3.95
3.33
1.71
0.66
-0.94
-3.68
0.97
-3.32
2.66
0.88
1.11
-2.88
1.57
-2.13
2.4
3.61
0.48
1.06
-3.13
-3.33
-0.29
2.59
-2.17
-0.28
0.83
0.56
-3.3
1.14
3.46
-0.42
3.79
3.11
3.56
-0.51
-2.38
-1.21
-1.73
0.52
-3.49
-1.86
-3.71
-3.54
-3.05
-1.03
-2.74
-0.47
2.33
2.94
-2.6
-1.71
-1.11
-2.73
3.28
3.38
-3.15
-1.28
1.49
1.38
0.4
-0.68
1.9
-0.72
-3.52
3.7
-0.48
-2.81
-2.44
-3.1
0.78
-0.39
1.33
3.01
0.55
3.01
2.21
-2.14
-0.12
2.86
-3.26
-2.57
2.23
-2.23
2.36
2.99
-3.31
2.52
-0.45
-3.82
-1.36
2.91
1.3
-0.09
-1.48
-3.95
1.46
-1.6
-2.12
-2.75
-0.97
-0.74
0.33
1.42
-3.34
-0.82
-0.42
2.39
3.61
1.07
-0.88
2.02
2.85
2.64
0.27
-1.55
-3.73
-1.09
-1.01
-2.51
3.09
1.01
