-2
3.17
3.87
-2.79
2.01
-2.16
-2.69
-3.04
-0.56
3.35
-0.76
2.58
-0.16
1.32
-2.82
-1.89
0.09
0.43
0.77
1.69
3.5
2.62
3.15
-3.5
-2.87
2.48
-0.38
-3.19
-0.67
2.61
0.09
-0.85
0.97
-2.83
-0.95
2.85
3.35
1.06
-1.21
2.48
-1.59
-1.25
-1.52
1.05
1.44
1.45
-3.97
-3.41
-1.61
-0.66
3.34
-0.21
3.07
-1.01
-2.32
-3.74
-1.44
3.37
3.65
3.54
-0.23
-3.63
1.05
-3.18
0.54
-3.92
2.12
-3.03
2.21
-0.23
-1.23
3.04
-2.6
-3.6
-0.05
1.18
2.32
0.82
-0.94
2.64
-0.73
-3.72
1.41
-3.06
3.27
-2.81
0.47
1.47
-1.24
2.65
3.72
3.99
1.41
-1.41
-3.36
-3.19
-0.87
1.64
-0.76
1.35
2.42
-2.01
-3.69
2.24
-3.43
0.01
1.91
-1.73
-2
0.51
2.52
1.75
1.83
-0.51
-2.91
-3.32
0.49
0.49
-2.51
-0.98
3.62
-3.35
