-2
3.56
-3.8
2.2
-2.38
2.81
-0.4
-2.09
-3.37
2.5
3.93
1.13
2.19
-2.95
1.9
2.36
3.7
-0.12
-0.72
2.2
1.44
2.22
-1.48
-2.03
-0.32
0.4
1.67
3.96
-3.93
-3.22
-3.17
2.78
-1.01
1.77
-0.22
0.25
3.85
1.78
-2.17
-0.35
-1.48
1.87
-0.09
1.62
-0.92
2.6
-1.72
-0.36
-1.97
-0.39
2.98
-1.69
1.26
-0.37
-2.5
-3.83
0.36
-2.92
3.11
1.23
-3.06
-0.36
-2.16
3.13
2.44
-2.31
-1.86
-3.58
1.5
0.46
1
-1.79
-1.96
-1.88
-3.45
3.58
2.4
0.91
1.81
1.09
1.38
-1.98
1.17
0.46
1.49
-0.78
-2.49
0.33
-1.45
-1.96
3.9
-3.91
2.68
0.38
-1.49
-2.47
-3.96
3.74
3.4
-1.53
2.56
0.95
2.15
3.74
-3.69
-1.73
1.91
1.68
1.73
0.59
-2.22
-3.88
1.05
0.67
1.09
3.12
-1.37
1.38
-1.17
-3.32
3.64
-0.36
