-7
-2.76
3.74
3.47
-2.47
0.99
3.76
-0.62
-2.04
0.23
2.64
-1.87
-3.77
-0.29
-3.93
1.17
-1.22
2.27
-2.04
-2.06
3.89
0.46
2.48
3.97
-3.47
1.18
-2
0.56
-3.36
-1.26
-2.1
-0.08
2.86
3.11
3.2
0.13
2.6
0.35
3.46
-2.2
-1.47
3.85
0.09
0.43
0.09
2.1
-0.79
1.01
-1.56
-3.31
0.74
-2.14
1.78
-3.11
2.29
1.84
3.78
3.77
-1.89
3.85
-1.02
-0.91
-2.51
3.22
-1.68
-0.98
-0.69
-4
-0.66
1.79
2.63
2.44
1.21
-3.07
2.55
2.77
-0.89
2.79
-0.12
1.48
2.27
0.99
2.57
3.79
-0.68
0.51
2.15
-0.41
-1.24
0.33
3.72
3.17
-1.76
3.61
3.82
3.44
1.11
-2.79
1.37
0.93
3.79
-0.79
3.94
2.96
-1
2.31
0.65
-3.51
-2.52
1.58
1.47
0.47
-1.35
-1.92
-1.34
2.24
-3.82
-2.29
1.8
0.69
-3.94
3.69
