-10
-1.05
3.14
3.86
0.2
-1.94
2.98
-3.1
1.17
3.08
-3.07
2.71
-3.15
0.47
1.06
-0.45
2.29
1.02
-3.45
-1.54
-3.94
-3.94
-0.94
-0.75
0.21
1.61
-2.87
1.37
-0.42
-0.84
2.03
-0.86
-0.06
0.19
-0.96
-1.09
-2.38
-2.12
3.23
-0.53
-2.98
-2.97
-3.87
1.86
3.29
0.84
2.94
2.82
-2.19
-1.81
0.92
-0.41
-3.06
3.72
1.28
-1.25
-0.24
-2.86
3.06
-3.53
-3.84
-0.31
-0.55
1.47
0.38
-0.69
1.22
1.87
-3.7
1.87
-3.57
0.08
-1.09
-3.49
3.13
-0.98
-0.51
2.72
-1.73
1.95
2.68
0.36
-2.68
3.17
2.88
-1.36
-2.04
2.57
3.28
-0.84
-2.3
-2.53
1.25
-0.72
2.69
1.62
-0.85
2.14
3.84
-0.03
-1.79
-2.65
3.96
-2.41
-2.04
-2.78
1.87
-0.4
0.25
1.92
-3.2
-0.37
2
-0.12
-3.27
-0.43
3.98
2.57
-0.65
-2.06
-2.54
-3
