-4
2.89
-1.76
1.8
-0.84
-1.11
-3.53
-2.42
-1.95
2.43
-0.26
0.88
1.11
0.48
1.68
2.14
-2.68
2.33
0.06
-0.48
-1.46
-3.33
-2.05
1.33
0.73
2.99
0.47
3.7
-2.29
0.25
3.46
-3.01
0.6
-1.17
2.6
2.14
0.58
-1.21
1.59
-1.2
-0.07
-3.34
3.71
-0.19
-2.55
-1.03
-2.74
0.53
-3.3
-1.58
3.58
-3.95
-0.68
-2.73
2.36
3.38
3.88
-1.28
1.49
0.17
-0.25
-2.98
0.68
-2.15
3.92
-1.6
2.62
3.67
0.93
3.01
-2.25
-3.26
0.47
3.01
2.94
3.01
-1.37
-2.14
-0.12
-1.25
-3.26
-2.59
0.45
0.81
-1.19
1.17
2.01
2.93
1.03
-1.54
1.43
-1.05
-3.49
-1.68
-1.48
-2.1
1.46
1.01
-2.12
2.33
-1.65
-1.95
-1.06
1.42
-1.68
3.95
-0.41
-2.59
3.61
-3.67
-1.77
-0.69
2.85
-3.59
-3.11
3.44
2.87
-0.79
-1.15
0.28
3.09
2.49
