-2
1.39
0.06
0.22
-2.38
3.93
-2.89
-2.09
3.91
-3.59
3.9
2.3
3.24
-2.72
2.05
1.36
4
-0.12
-0.67
2.2
3.31
-1.98
-1.86
-3.33
1.12
-2.96
1.67
-1.92
4
-3.22
-3.17
3.89
-1.01
-2.61
-2.6
-0.94
-3.35
0.48
-1.23
1.87
-2.6
1.87
0.6
0.47
-0.92
3.37
-1.72
3.51
0.12
-0.84
-2.4
3.41
0.92
1.92
-2.5
4
-1.57
-1.92
-3.4
1.23
-2.86
2.76
-3.79
-1.56
-0.7
-3.97
0.01
-3.03
2.67
-1.02
-0.49
-1.79
3.75
1.47
2.53
2.32
-1.85
1.41
-3.07
-3.76
1.38
-3.68
1.93
3.02
1.49
-0.78
-1.68
-3.75
1.31
-0.21
3.9
-2.9
-2.05
0.38
-2.39
-1.28
2.25
-3.15
0.87
2.71
2.52
-2.39
-2.81
3.35
-1.62
0.18
-2.09
-0.17
1.11
0.59
3.44
-0.6
1.05
0.67
1.09
3.12
-3.18
-1.48
0.3
0.67
-0.22
-0.36
