-2
-0.22
2.24
1.15
2.31
-0.23
-0.5
0.09
2.67
-3.66
1.22
0.38
-2.35
-3.84
0.97
0
-0.12
-0.82
-4
-2.68
3.25
3.87
3.97
-0.37
-3.44
-3.49
-1.67
-2.85
-2.82
-3.38
3.59
-3.71
-2.87
1.36
-2.62
1.51
-1.75
1.66
0.87
1.94
2.9
-1.82
-2.48
-3.38
-1.65
-3.81
0.1
-3.28
2.88
3.19
3.08
2.53
-1.53
-2.21
-2.53
0.05
-0.05
0.98
-3.91
2.99
-1.61
-1.12
-1.84
3
-0.9
-1.85
1.06
3.11
-2.45
-3.97
0.26
3.76
-0.45
-2.55
1.41
3.61
2.19
3.13
-1.67
-3.07
3.45
2.51
-1.22
-3.88
-1.28
-2.64
1.32
1.29
1.41
-0.73
3.62
1.7
-3.76
-1.91
2.75
-0.82
-3.86
3.14
1.3
-2.11
3.52
2.04
2.92
-3.9
-1.58
2.47
2.51
-2.51
-1.18
0.25
-3.57
1.79
-1.46
1.87
0.68
-0.25
-2.93
2.55
1.46
1.16
3.76
-2.22
