-4
-1.05
-2.33
3.86
-1.98
0.9
-0.2
0.15
1.17
3.08
0.53
2.95
-3.15
-2.32
-3.74
-0.45
-3.72
-3.05
3.98
-1.54
0.47
-1.74
-3.02
2.17
0.21
-1.88
1.33
1.37
-1.88
-0.85
2.03
1.34
-0.06
-2.14
-1.24
-1.1
-2.38
-1.66
3.23
-3.73
-1.11
2.35
-3.87
-3.42
-0.47
0.84
2.94
-3.02
-3.65
-1.05
3.37
-3.88
-3.06
3.72
1.69
-2.63
-0.24
-1.83
0.96
2.18
-4
3.22
-1.7
-2
0.38
-3.21
-1.84
-0.54
-3.7
1.61
-3.57
-2.43
-1.09
0.56
3.13
-2.82
-0.51
1.26
2.92
1.95
3.77
0.36
3.57
-3.11
-3.22
1.55
-2.04
0.2
3.28
-0.84
-2.3
-2.53
1.25
0.14
0.82
1.62
-1.37
1.22
0.12
3.25
3.86
-2.65
3.43
-3.16
-2.98
0.37
-3.83
3.96
0.25
3.37
0.69
-3.7
3.08
-2.6
-3.27
-0.43
-3.67
-2.82
1.73
-0.87
1.71
-3
