-2
-3.19
-3.11
3.13
1.33
1.48
2.35
0.15
2.94
-2.55
-3.07
2.71
-0.14
0.47
1.99
-0.45
-0.28
3.66
3.21
-1.54
0.47
-3.94
-0.94
2.17
-3.06
-1.2
-3.11
3.08
-0.42
-0.84
0.77
-3.64
-1.39
0.19
0.16
-1.09
-1.5
3.65
-2.57
3.06
-2.98
-3.83
-3.87
0.83
3.29
-1.43
-3.04
-3.8
3.63
0.42
0.92
-0.41
2.88
-2.24
-0.14
-3.99
-0.24
2.64
2.36
0.82
-3.84
-0.31
2.76
-2
0.03
-1.53
-3.55
0.64
-3.7
-2.96
-0.24
0.08
-2.9
-1.65
-2.88
-2.7
1.56
-3.34
-3.36
-0.36
3.77
-3.37
-0.63
-2.94
2.88
1.35
-0.24
-1.22
0.07
0.15
-2.3
2.38
3.14
-3.08
0.97
-0.45
-1.37
2.14
2.94
-0.03
3.84
1.81
3.96
-0.84
-2.04
-3.97
-3.83
0.01
0.25
1.92
-3.2
-0.37
-2.65
-0.12
3.3
3.79
3.87
2.49
-0.36
-2.06
-1.25
0.95
