-8
3.41
0.18
-2.27
1.79
-1.26
-1.29
1.21
-3.98
-3.15
-1.29
1.1
3.72
1.1
-0.25
1.54
1.71
2.61
-0.32
2.09
-0.2
1.09
-3.68
-0.77
-3.01
1.9
2.37
2.34
-0.99
-0.23
-0.35
1.91
-1.15
0.53
3.77
-0.32
0.79
-3.42
3.73
-1.28
1.69
1.67
-2.28
-2.65
0.16
-1.02
-0.43
-1.41
1.09
-0.51
4
0.22
2.76
0.82
-2.24
-3.55
1.87
2.53
2.54
0.18
1.75
-1.25
3.52
0.25
1.37
3.9
0.36
-0.49
2.6
2.12
1.55
0.36
0.17
1.14
3.95
1.18
0.16
1.61
-2.5
2.05
-0.85
1.73
-1.05
3.52
3.43
-2.55
0.44
2.94
1.09
0.17
-3.21
3.16
0.53
1.54
-1.81
0.58
-0.76
0.68
-0.63
0.26
-3.89
-3.93
0.12
0.74
-0.56
-3.23
3.47
0.77
0.39
-2.78
-2.33
-3.71
-2.64
-1.86
0.81
1.12
-2.5
-1.48
3.75
-1.91
-0.01
-0.2
