0
1.43
-3.4
1.78
-3.53
-0.23
-2.54
-0.13
3.69
-3.66
-0.67
-0.07
-3.41
-3.84
-0.68
1.75
-0.12
-0.38
-4
1.58
3.13
3.87
0.3
-0.37
-0.38
-3.49
-1.81
2.58
2.33
3.08
3.57
1.94
-3.45
-0.68
2.53
1.51
1.43
-1.51
3.47
2.41
2.97
-1.46
-2.34
-2.11
-1.65
1.14
1.95
2.66
0.78
-1.67
3.08
-0.08
-2.68
-2.21
2.3
3.64
0.31
2.99
1.21
-0.16
-1.61
3.32
-0.26
-2.22
-1.94
1.39
-0.86
1.32
2.47
-3.97
3.51
-2.54
3.84
3.98
-0.25
3.64
2.19
-2.83
-1.43
-3.58
-1.7
2.51
-2.07
0.15
1.07
0.91
1.32
2.41
-2.15
-1.06
0.38
3.63
3.84
-1.33
0.16
0.09
2.95
-1.99
3.73
-2.11
2.77
0.61
2.92
2.75
-1.58
-1.93
2.51
3.23
-3.81
3.18
3.64
-2.77
-1.6
1.87
-2.09
-0.94
1.21
-3.29
1.46
1.16
-3.58
-0.36
