-3
-1.23
0.45
-2.79
-2.37
-1.65
-0.42
-2.95
-1.36
-2.2
3.34
0.31
1.35
2.83
-2.82
-1.75
0.09
-3.59
2.37
1.69
2.52
-2.53
0.36
-2.6
-2.55
2.48
2.36
-1.28
3.74
3.07
-1
-0.46
0.42
-0.93
-0.95
-0.2
0.37
-1.42
1.11
-3.58
-1.59
-3.94
-0.1
3.79
2.12
1.05
-1.37
-3.41
2.1
-0.66
1.15
-0.21
3.07
1.96
-1.94
3.17
-1.44
2.69
-3.8
-2.51
3.83
-1.47
1.05
0.84
-0.75
-2.08
1.54
3.31
2.21
1.3
-1.14
2.65
-2.6
3.34
1.07
-0.37
0.14
2.44
-2.91
1.68
-0.73
-0.17
-3.04
2.8
2.04
0.26
-3.53
1.49
1.38
2.65
3.34
-3.83
1.52
-1.41
-2.69
-1.97
-0.87
-0.38
3.49
1.35
3.92
-0.89
2.19
-1.13
1.15
-3.48
-0.79
-1.73
-0.35
1.04
0.12
2.44
1.78
-3
0.93
-3.32
-2.04
1.61
-3.15
-3.3
3.34
3.76
