-2
-0.22
-3.4
1.15
2.31
-0.23
0.96
-0.13
1.19
-0.2
-0.37
0.38
-2.35
-3.84
0.97
0
-0.91
-0.82
-4
0.81
3.25
3.87
3.97
-0.37
-3.44
-3.49
-1.67
-2.85
-2.82
-3.38
3.57
-3.71
-2.87
1.36
-2.62
1.51
-1.75
1.66
0.87
1.94
2.9
-1.82
-2.48
-2.22
-1.65
-3.81
0.1
3.43
2.88
-2.95
3.08
2.53
-1.53
-3.28
-2.53
0.05
-0.05
0.98
1.21
2.99
-1.61
3.11
-1.84
-3.6
-0.9
0.42
-1.06
0.96
-2.45
-3.79
0.26
-3.62
-0.21
-3.2
2.62
2.23
2.19
3.34
-1.67
-3.07
3.45
2.51
-1.22
-3.88
-1.28
-0.09
2.52
1.29
3.23
-0.73
3.39
0.82
-3.76
-0.42
3.04
-0.82
2.95
3.14
1.3
-2.11
-0.74
0.45
-0.95
-3.9
-1.58
-3.48
-3.79
-2.51
-1.43
0.25
-3.57
-2.77
-1.6
-2.09
0.68
-0.25
-2.93
2.55
1.46
1.16
3.76
-2.22
