-5
3.81
1.99
-1.32
-2.3
-1.8
-2.13
3.87
1.02
-0.17
2.42
-2.65
-2.32
-1.11
0.61
-1.52
-1.72
2.27
-0.32
0.97
2.21
1.09
0.7
-0.73
1.84
-3.06
-3.17
3.07
3.61
-0.67
-1.35
-3.94
0.59
3.24
-1.79
-0.32
2.11
-1.87
0.76
-2.38
1.35
-2.96
-0.49
-3.35
-0.76
-2.24
1.9
-0.59
-1.31
0.9
-0.94
2.98
2.76
-2.54
3.78
-0.3
-2.68
-2.48
-2.26
-3.73
-1.91
0.58
-2.56
-0.05
1.37
0.73
-1.01
-0.49
3.86
1.2
1.55
1.13
1.33
-1.18
3.35
-1.23
0.45
3.1
-1.54
-3.03
-0.38
3.75
2.47
-2.92
-3.36
-2.55
2.92
1.85
-2.32
-3.1
2.69
-2.18
-3.12
-0.57
-1.81
1.62
-2.42
-0.33
-3.03
0.26
2.39
2.95
0.12
3.59
0.57
-2.27
-1.02
-1.83
0.39
2.06
-0.12
3.5
0.55
-1.86
3.3
0.19
-3.53
-3.83
-3.01
3
-1.54
-1.47
