-2
-0.22
-3.4
-1
2.31
-2.6
3.7
0.09
1.19
-2.4
1.22
0.38
0.69
-3.84
0.97
2.25
-0.91
-0.82
-4
1.58
3.25
-1.02
3.97
-0.37
-3.44
-1.31
-1.81
-2.85
-2.82
-3.38
-2.98
1.94
-2.87
-0.68
-2.62
1.51
2.5
0.56
0.87
1.46
2.9
-1.69
-2.34
-3.38
-1.65
-3.81
1.95
-3.28
1.91
-2.95
3.08
2.53
-2.68
-3.28
2.3
3.64
-0.05
0.98
1.21
2.99
-1.61
2.54
-1.84
3
-0.9
-1.8
-1.06
0.96
-2.45
-3.97
0.26
1.75
0.15
-3.2
2.62
0.93
2.19
3.34
-1.67
-1.66
3.45
0.05
-2.2
-3.88
-1.28
-1.83
3.59
0.98
3.23
-1.06
0.38
2.95
3.84
-0.42
2.75
-0.82
2.95
3.14
1.3
-1.81
2.77
0.61
-0.95
3.27
-1.58
-3.48
-3.79
-2.51
-1.43
0.25
-3.57
1.79
-1.6
-2.09
0.68
-1.76
-2.93
2.55
0.28
0.45
3.76
-2.22
