-5
-1.9
3.29
3.75
-1.29
-2.46
-0.1
-1.45
2.68
-1.44
0.44
-1.25
2.47
-1.81
0.69
1.99
3.37
-2.85
-0.63
2.38
0.92
2.75
2.11
1.69
-0.17
-2.57
3.22
-0.95
0.07
-3.25
3.52
-3.64
-1.71
-1.02
-2.34
-1.08
-3
2.65
3.24
-2.58
1.7
-1.67
2.57
-0.88
-2.58
-1.07
-1.39
1.94
-0.76
3.57
-3.91
-3.19
-3.17
1.89
3.08
-1.85
-0.62
1.74
1.68
1.43
0.59
0.21
-2.84
-0.38
0.32
2.29
1.85
-1.9
1.68
-3.72
-1.93
1.7
-1.29
-2.5
2.29
1.46
-0.88
3.84
-1.24
2.79
1.88
-0.44
-3.77
2.48
2.69
1.53
-0.42
-2.96
-0.79
1.08
0.26
0.64
1.11
2.07
3.63
2.66
-1.08
-0.33
2.2
-0.91
-0.88
1.57
-3.68
-1.47
2.8
0.8
-1.98
2.87
-3.37
2.43
-2.05
1.14
0.57
0.65
1.78
0.28
0.05
1.98
-1.06
-0.51
2.84
-2.39
