-2
1.39
0.06
0.22
-2.38
3.93
-2.89
-2.09
3.91
-1.88
3.9
2.3
3.24
-2.72
2.05
1.36
1.26
-0.12
-0.72
2.2
-1.6
-1.98
-1.86
-3.33
1.12
0.28
0.51
-1.92
-3.93
-3.22
2.02
0.74
-1.01
-2.61
-2.6
-1.17
-3.35
-0.92
-1.23
-1.77
-2.6
1.87
0.6
0.47
-0.92
2.6
-1.72
3.51
0.12
-0.84
-2.4
3.41
0.92
1.92
-2.5
4
-1.57
-2.63
-2.92
1.23
-2.86
2.76
-2.16
-1.56
-0.7
-3.97
0.01
1.34
2.67
-1.02
-0.49
-1.79
3.75
1.47
2.53
3.58
-1.85
1.41
1.81
-3.76
2.33
-3.68
1.93
3.02
0.31
-0.78
-1.68
3.59
-0.05
-0.21
3.9
-2.9
-2.05
0.38
2.11
-1.28
2.25
0.2
0.87
-3.54
2.52
-2.39
-2.81
1.57
-0.73
0.18
-0.42
-0.17
1.11
0.59
3.44
-0.6
1.05
0.67
1.09
3.12
-3.18
-1.48
0.98
0.67
-0.22
-0.36
