-10
0.84
-3.69
1.8
-0.84
1.07
-3.76
1.38
-3.78
2.13
-2.2
0.88
2.22
0.48
1.68
2.14
-2.68
3.61
0.48
-0.48
-1.46
-3.34
-2.05
1.33
0.73
2.99
0.47
3.7
0.97
0.25
3.46
-3.01
0.6
-1.17
2.6
2.44
0.87
-1.21
1.27
-1.2
-0.07
-3.34
3.71
-0.19
-2.55
-1.19
-2.74
0.53
-3.3
-3.51
-1.76
-1.71
-0.68
-2.73
-1.93
3.38
3.88
-1.28
2.82
0.01
-1.24
-2.84
-3.99
-2.15
3.92
-1.6
2.62
2
-2.44
2.6
-2.25
-3.26
0.47
-1.2
2.94
3.83
-1.37
2.89
-0.12
-1.25
-3.26
-2.99
0.45
-2.36
3.52
1.17
2.01
2.93
1.03
-1.54
1.43
-1.05
-3.49
-1.68
-1.48
-2.1
-3.6
1.01
-2.12
-2.75
-0.97
-1.95
1.3
-1.61
2.69
2.33
-1.84
2.39
-0.94
2.55
-1.77
-0.69
2.85
-3.59
-1.05
-1.55
2.87
-1.09
-1.15
2.62
3.09
1.01
