-8
-1.23
-1.16
-2.79
-2.37
-1.65
-0.42
-2.95
1.95
-2.2
1.22
0.31
-0.16
-3.59
-0.75
-2.63
0.09
0.92
-0.01
-2.09
-1.69
-2.53
-2.77
-2.6
2.36
2.48
2.36
-3.46
3.74
3.07
-1
-0.46
-3.54
-2.9
-0.95
-0.2
0.37
-1.42
1.11
2.48
-1.59
-0.65
-0.1
3.79
2.12
1.05
-1.37
-1.41
2.1
0.11
1.15
-3.97
3.07
1.96
-1.94
1.39
-1.44
2.69
3.92
1.72
0.27
3.28
-2.33
0.84
-0.75
-2.08
1.54
-3.39
-1.15
-0.84
-1.14
-0.99
1.89
3.34
1.07
-0.23
-0.23
-2.72
3.45
1.68
-0.73
-0.17
-3.04
2.8
2.04
-3.57
0.47
1.49
1.38
1.7
1.8
-3.83
1.41
-1.28
-2.69
-1.97
-3.89
3.26
-0.76
1.35
3.92
-2.01
0.16
-3.95
1.15
-3.48
-0.79
-0.38
-0.35
1.04
2.52
-1.68
1.83
-3
0.93
-3.32
0.49
1.61
-3.15
2.05
3.62
-0.25
