-10
2.89
-3.69
1.8
-0.84
1.07
-3.53
0.76
-1.95
-0.21
-2.2
0.88
2.22
-3.91
1.68
2.14
-2.68
3.61
0.06
-0.48
1.39
-3.33
-2.05
-2.8
-0.18
-2.98
0.47
3.7
-3.3
0.25
3.46
-3.01
0.6
-1.17
2.6
-0.88
0.87
1.42
1.27
-1.2
-0.07
-3.34
-3.71
-0.19
-2.55
-1.03
-2.74
3.18
-3.3
-3.51
3.58
-3.95
2.62
-0.15
-1.93
-2.13
3.88
-1.28
1.49
0.17
-1.24
-2.98
-3.99
-2.15
3.92
-1.6
-0.25
-2.81
-2.44
2.6
-2.25
-3.26
0.47
3.01
-0.95
3.01
-1.37
-2.14
-0.12
-1.33
-3.26
3.99
0.79
-2.36
3.52
1.17
2.01
-0.68
-0.45
-3.82
-2.09
-2.23
-3.49
-1.68
-1.48
-2
1.6
1.01
3.98
-2.75
-0.97
-1.95
3.25
-1.61
2.69
-0.82
-0.42
2.39
-0.94
-3.67
-0.24
-0.69
2.85
-3.59
-3.11
-1.55
2.62
-0.79
-1.83
2.62
3.09
1.01
