-2
1.43
-3.4
-1
2.31
-1.18
0.96
0.09
2.34
-3.66
1.22
0.38
0.69
-3.28
0.97
0
-0.91
1.87
-4
-3.63
-3.81
3.87
3.97
-0.37
-3.44
-1.31
-1.67
2.58
-2.82
-3.38
-2.98
-3.71
-2.87
1.36
2.53
-1.66
-1.75
1.68
0.87
0
2.9
-1.09
-2.48
-3.38
-0.93
-3.81
0.1
-3.28
1.91
-2.95
3.08
2.53
-1.53
-3.28
2.3
0.4
-0.18
0.98
0.69
1.14
-1.61
-1.12
-1.84
3
0.77
-1.85
1.06
3.11
-2.45
-3.97
0.26
3.76
-0.21
-3.2
1.41
3.61
-0.42
3.34
-0.47
-3.07
-0.49
2.51
-1.22
-3.88
-1.28
-2.64
2.52
0.98
1.41
-0.73
3.39
2.95
-3.2
-1.07
3.04
-0.18
2.95
-0.37
1.3
-2.11
3.52
-2.61
-0.95
3.27
-1.58
-1.81
2.51
-2.51
-1.18
0.25
-3.57
-2.77
-1.6
-2.09
0.68
-1.76
-2.93
0.25
1.46
1.16
3.76
-2.22
