-5
-1.9
0.78
-1.94
0.72
-2.47
-2.1
1.72
3.96
-1.44
1.77
-1.89
2.47
0.53
0.69
1.99
3.37
-0.69
2.32
-1.13
-3.97
2.75
-3.62
1.69
-0.17
-3.94
3.22
-0.95
0.07
-3.25
-3.41
-3.64
-1.71
-2.37
-2.34
-1.08
-1.52
2.06
3.24
-2.58
-3.45
-1.67
0.1
-2.78
1.06
-1.92
-0.45
2.95
-0.76
3.57
2.02
3.77
-3.17
1.89
3.08
2.95
-3.44
3.57
-2.93
-1.98
-0.06
0.21
-2.84
-0.38
0.32
2.29
-2.55
-1.9
1.68
-3.49
-1.04
-2.2
-0.72
-1.63
2.29
2.07
0.67
3.84
-1.24
0.33
2.72
-0.44
-3.77
-3.18
2.69
1.62
-0.42
2.38
-0.79
-2.45
0.56
0.64
-3.05
2.07
3.63
2.66
2.26
-2.26
0.1
-1.75
-0.88
1.57
-0.9
-1.47
-2.92
3.05
-1.98
2.82
3.61
2.43
-2.05
1.14
0.25
0.65
-1.47
0.28
2.12
1.98
-1.06
0.44
2.84
-2.25
