-2
-0.22
-3.4
1.15
2.31
-2.6
0.96
0.09
2.67
-3.66
1.22
0.38
0.69
-3.28
-0.68
0
-3.64
1.87
-4
-3.63
3.25
3.87
3.97
-0.37
-3.44
-1.31
-1.67
-2.85
-2.82
-3.38
-2.98
1.94
-2.87
1.36
-2.62
1.51
2.5
0.56
0.87
1.46
2.97
-1.82
-1.79
-0.11
-1.65
-3.81
0.1
-0.72
2.88
3.19
3.08
2.53
-1.53
-3.28
2.3
3.64
-0.05
0.98
1.21
-2.19
-1.61
3.11
-1.84
3
-0.9
-1.85
-1.83
0.96
3.74
-3.97
0.26
3.76
-0.21
-2.55
1.41
3.61
-3.56
3.34
-1.32
-2.99
3.45
2.51
-2.2
-3.88
-1.28
-0.09
2.52
0.98
3.23
-1.06
-3.67
1.7
-3.76
0.2
2.75
-0.18
2.95
3.14
1.3
-2.11
2.77
2.04
-0.95
3.27
-1.58
-1.81
2.51
-2.51
-1.18
0.25
3.64
-2.77
-1.6
-2.09
0.68
-1.76
-2.93
2.55
-3.56
1.16
3.76
-2.22
