-2
-1.05
1.06
3.86
0.2
-1.94
2.98
0.15
1.17
3.08
-0.05
2.95
-3.15
-2.32
-3.6
-0.45
-3.31
-3.05
-3.45
-1.54
1.71
1.1
-2.35
2.17
0.21
0.16
1.33
1.37
-0.42
-0.84
2.03
-3.64
-1.39
0.19
-0.96
0.87
-2.38
-2.12
3.23
-3.73
-2.98
-2.97
-3.87
3.76
-0.47
0.84
2.94
-1.61
-0.75
-1.05
0.92
-3.95
-3.06
-2.24
1.28
-2.63
-0.24
-0.23
0.96
-0.96
-4
3.27
-0.55
-2
0.38
-0.69
1.22
-2.75
-3.7
1.87
-3.57
0.08
-1.09
-3.49
-2.88
-0.98
-0.51
-3.34
-0.2
1.95
3.77
-3.37
1.29
3.17
-3.22
-1.36
-2.04
-0.2
3.28
-0.84
-2.3
-2.53
1.25
-0.72
-3.6
1.62
-1.37
1.22
3.84
-2.72
0.56
-2.65
3.96
-0.84
-2.04
1.01
1.1
-0.4
0.25
3.37
-3.2
-2.34
-2.65
2.58
1.87
-0.43
-0.24
2.57
3.4
-2.06
-2.54
-3
