-8
1.44
1.02
3.94
-1.15
2.31
-1.46
1.09
-0.43
3.43
1.97
2.8
3.07
-3.06
-3.98
-3.73
-2.55
2.28
-3.23
2.21
-1.12
0.95
1.76
3.08
-1.29
0.73
3.58
2.9
0.13
3.59
-2.17
-3.1
-0.89
2.39
2.81
-0.56
-3.81
1.76
1.07
2.01
-1.69
2.08
0.9
-0.91
-2.86
3.45
0.18
1.29
-1.58
-3.08
3.56
-3.68
1.4
3.24
0.29
0.66
3.69
1.94
1.23
2.13
2.73
-0.35
-3.04
-0.01
1.6
1.07
-0.31
-3.33
-1.87
0.58
-3.93
-0.3
-2.79
-1.24
-0.1
0.81
-3.95
-1.34
1.93
-0.73
-3.45
-1.71
0.47
-0.79
-3.98
-2.5
-0.49
-0.12
-1.9
-1.86
-0.24
-1.75
-3.47
2.95
3.29
2.66
1.11
-3.09
1.5
0.08
-0.25
-0.5
-0.85
1.85
-3.16
-0.14
3.12
-1.37
-0.67
3.48
0.61
1.02
-3.99
-2.05
1.58
0.44
3.18
1.76
-0.04
0.1
-2.45
3.82
