-5
2.64
3.18
-1.06
1.89
-3.35
2.38
-1.4
-3.82
-1.62
-1.12
-2.89
3.05
-0.19
-3.69
-2.42
-3.43
-2.67
1.64
3.44
-2.16
-3.09
3.89
-0.96
1.6
0.36
3.28
0.35
-0.65
2.95
-3.03
3.94
-0.07
3.39
1.81
0.53
3.21
2.75
-4
1.23
1.78
1.66
-3.32
2.5
-1.44
-3.17
-2.18
-0.13
-3.65
-2.48
3.64
-3.13
-3.03
-3.68
3.23
-0.67
2.75
0.13
1.35
-2.48
-2.63
-1.98
3.26
-2.76
-2.6
-1.06
1.19
3.67
2
-0.21
-1.63
-2.18
-2.67
-3.59
-2.35
0.19
-3.78
-2.61
-3.53
0.77
-1.46
-0.59
0
-2.18
3.32
-3.9
2.96
-0.4
-3.85
-1.53
1.78
-0.93
-2.6
2.49
-0.15
-0.24
2.4
3.45
1.09
3.62
-0.35
-1.84
1.87
0.56
3.15
1.81
3.54
-3.45
2.67
-0.96
-0.89
1.36
-0.35
-3.43
2.98
1.96
2.02
1.43
-2.07
-2.7
-0.01
-2.42
