0
0.31
2.09
2.59
3.06
-1.1
1.23
3.17
-0.46
-3.31
0.8
3.26
-0.54
2.3
-3.33
2.04
-0.89
-3.7
-0.45
2.45
-2.89
2.08
-2.99
2.09
-0.79
3.41
2.52
2.58
-0.36
1.8
0.68
-0.2
-1.51
-1.63
3.44
0.68
1.28
-2.52
2.89
3.44
-1.92
1.49
-3.66
-0.73
-3.75
3.97
-3.07
3.19
0.89
-2.16
-2.35
0.77
2.68
2.94
-2.1
-2.47
-0.71
4
-0.62
3.66
0.39
2.66
-0.47
1.75
0.01
-3.01
0.76
-2.91
2.87
-0.01
-3.25
-2.38
-2.58
0.11
0.36
-0.38
1.73
1.75
1.83
-0.76
2.47
3.34
-2.32
-2.2
0.14
3.91
1.13
-0.44
-3.54
1.9
-2.61
1.28
2.11
3.24
-0.95
-0.57
-2.04
-1.4
3.26
3.27
-0.8
3.85
-3.69
-3.11
-2.92
-3.98
-0.65
-1.44
-1.43
2.28
-0.2
1.54
-1.83
-3.87
-2.82
1.06
0.97
-2.28
-2.4
0.11
-0.13
-2.8
