-7
-0.2
1.74
2.64
-2.87
-0.07
-2.65
-0.1
2.29
-3.67
3.95
-0.74
-2.47
-3.91
3.98
-3.84
-0.74
1.84
1.77
-3.69
3.93
3.7
-2.2
3.96
0.45
0.21
-0.96
-0.51
1.92
-2.04
3.75
1.64
-2.64
0.61
-3.04
-3.26
-3.17
2.32
3.81
3.71
0.98
-2.24
-1.6
0.4
2.2
-3.59
2.24
-1.03
-3.53
0.66
0.59
0.54
-1.88
-1.95
1.62
-1.35
-2.01
1.79
-1.82
0.92
-3.11
1.87
1.99
0.33
-3.42
-1.69
-2.11
0.92
3.14
3.24
3.33
0.94
2.04
2.07
-0.67
2.16
1.3
1.4
-2.25
0.04
1.98
-3.93
-0.99
-2.75
1.37
-0.79
-0.48
3.32
2.99
2.31
2.75
-0.95
0.13
-1.12
2.81
3.12
-0.22
2.08
-0.18
-0.11
2.52
-2.69
-0.16
-2.76
1.34
3.65
2.51
0.05
2.72
3.47
1.36
0.6
0.03
2.15
2.95
-3.18
-1.15
0.73
2.96
1.38
2.8
-1.43
