-10
-3.04
-1.4
-0.52
-0.48
-1.81
-2.95
-3.07
-2.34
-0.87
2.5
2.56
-3.96
2.62
3.02
-3.22
-3.28
0.12
0.56
-1.44
-3.02
-1.82
-1.91
-0.15
-0.89
1.97
2.05
2
2.46
-3.77
-3
-0.86
-0.6
-2
3.22
3.36
2.3
1.6
0.51
-2.84
-2.49
-2.36
0.62
-3.33
3.05
-0.39
-3.91
-1.43
2.04
0.18
-3
1.49
3.56
-2.7
-3.79
2.45
2.87
2.75
-3.64
1.55
0.14
-0.94
-1.52
-2.57
-1.87
-0.65
-0.84
2.04
3.41
3.67
-1.51
-0.88
3.61
-0.61
-2.95
3.35
1.57
-2.58
0.8
3.5
1.87
-0.52
3.96
-1.73
3.23
-0.48
-0.41
-1.91
-2.22
-3.24
-3.52
3.55
1.23
2.96
1.02
2.45
3.16
-0.82
2.55
-0.31
-3.55
-1.94
-0.84
2.38
-2.31
1.89
1.88
0.16
-3.75
-3.13
-3.12
1.44
-2.05
-3.13
3.68
-3.34
-0.9
-3.79
-1.8
2.62
3.77
-2.94
