-10
3.79
0.99
-1.38
-3.89
3.04
3.65
0.56
-1.6
0.23
3.98
0.43
2.38
0.27
3.62
-1.73
-3.97
3.99
1.62
-2.06
-1.6
1.46
2.09
-3.33
-2.26
1.18
1.72
-3
-3.36
2.62
0.83
0.62
3.18
-0.57
3.3
-3.65
-2.93
0.35
-0.48
0.1
-0.83
3.85
-1.66
2.55
-0.53
-0.94
-0.68
-0.51
-2.97
-2.94
-0.52
-0.13
-1.59
-3.38
2.29
-1.31
1.15
-1.06
0.83
0.29
-1.02
-1.28
-1.26
0.69
1.33
1
0.97
3.05
-2.48
-0.28
2.63
-2.75
2.54
-1.59
-0.01
2.43
0.97
2.79
-3.01
-3.69
1.19
-0.26
-2.36
2.03
-0.68
2.59
0.39
2.75
2.49
2.46
-2.97
2.78
-1.66
3.6
3.82
3.44
0.46
2.81
1.37
0.93
-1.19
0.24
1.79
2.96
-0.98
0.02
3.03
0.42
0.73
1.99
1.72
2.56
-1.35
1.68
0.73
3.2
-3.82
-2.04
-0.46
-2.5
-0.41
3.69
