-8
-1.28
-1.16
-2.79
-2.37
-1.65
-0.42
-3.04
1.95
-2.2
3.34
0.31
-0.16
-3.59
-0.75
0.23
0.09
0.92
-0.01
1.69
-1.69
-2.53
-2.77
1.81
2.36
2.48
2.36
1.14
3.74
-2.19
-1
-0.85
-3.54
-2.9
-0.95
-0.2
0.37
-1.42
-3.03
2.48
-1.59
-3.94
-0.41
1.05
-0.38
1.05
-1.37
-1.41
2.1
-0.66
1.15
-0.21
1.75
3.61
-1.94
3.17
0.87
2.69
3.92
1.72
0.27
-1.47
1.05
0.84
-0.75
-2.08
2.12
-3.39
-1.15
1.3
-1.14
2.65
-2.6
3.34
1.07
-0.37
-0.23
-2.72
-2.91
1.68
-0.73
-0.17
-3.04
2.8
2.04
-3.57
0.47
-0.86
1.38
0.87
1.8
-3.83
1.41
-1.28
-1.39
-1.97
-0.87
3.26
-0.76
1.35
3.92
-2.01
0.16
-1.13
1.15
0.01
-3.14
-1.73
1.5
1.04
2.52
2.44
1.78
0.48
0.08
-3.32
0.49
1.61
-3.15
2.05
3.62
3.76
