-3
-1.05
-3.11
3.86
0.2
-1.94
2.98
-3.1
2.94
-1.6
0.22
2.71
0.47
0.47
1.99
-0.45
2.29
-3.05
-3.45
-1.54
-3.94
0.24
-2.35
2.17
0.21
1.61
-3.11
1.37
2.57
1.92
0.77
-3.64
-1.39
0.19
-0.96
0.94
3.53
2.63
3.23
3.84
-2.98
-3.83
2.44
1.86
-2.5
0.84
-3.04
2.82
-3.75
1.83
0.92
-0.41
-3.06
3.72
-3.18
-2.63
-0.24
-2.86
0.96
-3.53
-3.15
3.27
-2.02
1.47
0.38
-1.53
-3.38
-2.75
-3.7
1.87
-3.57
0.08
0.32
-3.49
3.13
-0.98
-0.51
-3.21
-0.6
2.38
3.77
0.36
1.55
0.88
-3.55
-1.36
-2.04
2.57
3.28
-0.84
-2.3
3.71
3.14
-0.72
-3.6
1.62
-0.85
2.14
3.84
-0.03
3.84
1.81
3.96
-2.41
-2.04
-3.63
3.3
-2.42
0.25
0.98
-3.2
-3.32
-3.93
-0.12
3.3
-0.43
-0.24
2.57
-3.78
-2.06
1.71
0.18
