-2
-1.36
2.78
-1
0.02
-2.6
1.97
0.09
-2.54
-3.66
1.22
0.38
-2.35
1.49
0.97
0
-0.91
-0.82
-2.98
-3.63
3.13
-1.02
3.97
3.8
-3.44
-3.49
-1.67
-2.85
-3.57
3.08
2.51
-3.71
3.86
0.95
-2.62
1.51
2.5
0.56
0.87
1.94
2.97
-1.69
-2.34
-0.11
-2.95
-3.81
1.95
3.68
2.88
3.41
3.08
2.53
-1.53
-2.21
2.35
0.05
-0.05
0.98
0.69
2.99
-1.61
3.32
-3.79
3
-0.9
0.42
-0.86
3.11
-2.45
-3.97
0.26
1.75
0.15
-3.2
2.62
2.23
2.19
-1.01
-1.32
-1.66
1.69
3.33
-2.2
-1.05
-1.28
-2.64
2.52
0.98
3.23
-1.06
0.38
2.95
3.84
1.23
2.75
-0.18
2.95
3.14
1.89
-1.81
2.77
0.61
2.92
3.27
-1.58
-3.48
-3.79
-2.51
-1.43
0.25
-2.56
1.79
-1.6
-2.09
0.68
-0.25
-2.93
0.25
1.46
1.16
3.76
-0.36
