-8
3.41
1.99
-0.2
1.79
-2.53
-1.29
-1.38
-3.98
-3.15
-1.43
1.1
-2.32
-1.11
-0.55
-1.52
1.71
3.64
-0.32
2.09
3.48
-0.39
0.7
-0.77
-3.01
1.9
2.64
-2.04
-1.3
-0.67
0.77
-0.58
-1.11
3.24
1.05
-0.83
2.11
-3.42
-3.89
2.42
3.8
-2.67
-3.81
-3.35
0.16
-0.84
-2.33
-1.41
-1.31
0.9
1.9
0.22
2.99
-2.54
0.31
0.85
2.72
2.53
3.12
1.31
-1.16
-2.34
3.52
-0.05
1.37
3.9
-1.01
-0.49
1.84
2.12
1.55
1.13
0.17
-1.18
3.95
-1.23
0.45
3.1
3.45
-1.55
-0.21
3.75
-2.76
-1.44
1.91
-2.55
0.44
3.98
-2.32
0.17
3.14
-1.79
-3.12
1.54
-0.32
1.61
-2.42
0.68
2.95
0.26
1.3
3.52
0.12
2.3
0.43
2.56
2.58
-1.83
0.39
2.06
-1.81
-3.71
-1.62
-1.86
0.81
-2.94
1.86
-4
-1.65
3
1.89
-0.98
