-10
-2.76
0.99
-1.38
2.76
0.99
3.17
0.56
2.2
-3.74
-0.92
-2.67
-3.66
0.27
2.15
-1.73
-3.97
3.99
-2.04
-3.63
-1.45
1.46
2.09
3.33
-2.26
-3.27
3.14
1.73
-0.34
2.62
2.37
0.86
3.18
0.04
-2.49
-3.65
-2.59
0.35
-0.48
0.1
-1.47
3.85
-2.7
-0.72
-0.53
-3.97
-3.95
-0.51
-2.97
-2.45
-0.52
2.14
-1.59
1.84
2.29
-1.31
1.15
2.93
0.83
0.29
0.74
3.99
0.01
-2.88
1.24
3.6
0.97
-4
1.08
-1.01
2.54
-0.96
2.54
0.49
-3.72
2.43
0.97
2.79
-3.01
1.48
1.19
-0.26
-2.36
3.96
-0.68
2.59
2.15
3.22
1.56
2.46
0.26
2.78
-1.66
1.63
3.82
1.65
3.63
1.49
1.29
0.93
-1.22
2.84
1.79
0.45
-0.98
0.02
2.36
0.84
-2.52
1.99
-2.55
-1.13
-1.35
0.63
1.84
3.2
0.49
1.79
-3.55
-1.78
-0.41
3.69
