-7
-1.9
3.29
-3.73
0.72
1.44
-2.1
-3.04
2.68
-1.44
1.77
-1.89
1.86
0.53
0.69
3.93
3.37
-0.69
2.32
2.38
0.92
2.75
-3.62
1.69
-0.17
-3.94
0.36
-0.95
0.07
-1.18
-3.41
1.42
-1.71
2.53
-2.12
-1.08
-1.52
2.65
3.24
-0.76
3.6
-1.67
0.1
-0.88
1.06
-1.92
-0.45
1.94
2.35
3.57
3.53
-3.19
2.15
1.89
3.08
2.95
-2.28
1.74
0.82
-1.98
-0.06
0.21
-2.84
1.85
0.32
2.29
-3.07
-1.9
-3.63
-3.72
-1.04
-2.2
1.33
-1.63
2.29
2.07
1.41
3.84
-1.24
0.33
-0.4
-0.44
-1.78
-3.18
2.69
1.62
-0.42
2.38
-0.79
-3.59
0.56
0.64
-3.05
2.07
3.63
2.66
3.15
-3.35
0.1
-1.75
0.81
1.57
-0.9
-1.47
-2.92
0.8
-1.65
2.87
-3.37
1.44
-2.05
1.14
0.25
-2.75
-1.47
2.05
2.12
1.98
-1.06
-0.51
-2.84
-2.25
