-8
-1.23
0.45
-2.79
-2.37
-0.17
-0.42
1.33
1.95
-2.2
3.34
0.31
-0.16
-3.59
2.28
-1.75
0.09
0.92
-2.62
1.69
-1.69
-2.53
-2.77
-2.6
2.36
2.48
2.36
-3.46
3.62
3.07
-1
-0.46
-3.54
-2.9
-0.95
-0.2
0.37
-1.42
-3.03
2.48
-1.59
-3.94
-0.41
3.79
2.12
1.16
-1.37
-1.41
2.1
0.11
1.15
-0.21
1.75
1.96
-1.94
1.39
2.73
2.69
3.92
1.72
0.27
3.28
-2.33
0.84
-0.75
-2.08
1.54
-3.39
-1.15
-0.84
-1.14
-0.99
1.89
3.34
-0.1
-0.23
-0.23
-2.72
3.45
1.68
-0.73
-0.17
-3.04
2.8
2.04
-3.57
0.47
1.49
1.38
1.7
1.8
-3.83
1.41
-1.41
-2.69
-1.97
-0.87
3.26
-0.76
1.35
3.92
-2.01
0.16
-3.95
1.15
0.01
-0.79
-0.38
-0.35
1.04
2.52
-1.68
1.83
-3
0.93
-3.32
0.49
1.61
-3.15
2.05
3.62
-0.25
