-5
-1.9
3.29
1.26
-1.29
1.44
-1.32
-3.04
3.96
-1.44
1.77
-1.89
1.86
0.53
0.69
1.99
3.37
-0.69
-0.63
2.38
0.92
3.09
-3.62
1.69
-0.17
-2.57
-1.74
-0.95
0.07
-3.25
-3.41
-3.64
-1.71
-2.37
-2.12
0.75
-1.52
2.65
3.24
-0.76
3.6
-1.67
0.1
-2.78
1.06
-1.92
-0.45
1.94
-0.76
2.63
3.53
3.77
-3.17
1.89
3.08
2.95
-0.4
1.74
-2.93
3.11
-0.06
0.21
-2.84
3.71
0.32
-1.79
-2.55
-1.9
-3.63
-3.72
-1.93
-2.2
-3.14
-1.63
2.29
-1.66
0.67
3.84
-1.24
0.33
2.72
-0.44
-3.77
-3.18
2.25
1.62
-0.42
-2.96
-0.79
-1.61
0.56
0.64
-3.05
2.07
3.63
2.66
2.26
-2.26
-2.4
-0.91
0.81
1.57
-0.9
-1.47
-2.92
3.56
-1.98
2.82
3.71
2.43
-2.05
1.14
0.25
-2.75
-1.47
0.28
2.12
1.98
1.15
0.44
-2.84
-2.25
