-5
2.89
-3.69
-2.81
-0.84
-3.42
-3.76
1.38
0.97
2.13
0.8
-1.98
1.11
-0.29
1.68
-0.22
-3.88
3.61
0.48
-0.48
1.39
-3.34
-0.29
1.33
-2.42
2.99
0.47
-3.94
-3.3
0.31
2.6
1.36
1.4
2.55
3.56
2.44
2.27
-1.21
-3.62
-1.2
1.29
3.37
-3.71
2.36
-3.05
-3.76
-1.39
-0.15
-3.3
-3.51
-3.32
3.34
2.62
-2.73
2.36
3.38
-1.1
-1.28
2.82
-1.35
-1.24
2.51
0.68
-1.85
-2.99
-1.6
3.79
-2.81
-2.44
2.6
-3.75
0.18
2.1
3.97
3.83
0.53
-0.11
2.89
1.64
-1.33
-3.26
-2.59
0.79
-2.23
-0.43
1.08
2.01
1.03
-3.82
-1.39
-2.09
-2.23
-3.74
0.89
-2.57
0.22
3.36
1.28
2.92
-0.77
-0.97
-1.95
1.3
-1.61
3.01
2.33
-0.42
2.39
2.74
1.07
-0.47
-0.69
3.09
2.26
-3.11
-1.08
2.87
-0.79
-1.15
0.06
3.09
1.01
