-6
1.39
0.06
-1.31
-1.37
3.93
3.76
-2.09
3.91
-1.88
3.9
-1.06
3.24
-0.33
-3.29
2.77
2.19
-0.74
-1.22
2.2
3.31
-1.98
0.33
1
1.65
-3.74
0.51
3.96
4
0.8
3.38
3.89
-1.01
0.76
1.8
-1.17
-3.35
-0.96
2.86
3.05
-0.58
1.87
0.6
1.62
-0.92
3.37
0.54
3.51
-1.21
-0.84
-2.4
3.41
0.92
-2.59
3.46
-0.41
-3.19
-2.6
-2.92
3.66
1.56
2.76
-2.16
0.17
-0.72
-2.31
0.01
-3.58
2.67
-0.94
-0.49
-1.79
0.13
0.24
3.42
2.32
-0.49
0.2
1.81
-3.95
2.33
-3.68
2.83
0.46
3.5
3.38
-1.68
0.33
-3.51
-0.21
-2.05
-3.15
2.23
0.38
-2.39
2.21
2.25
3.57
0.87
2.83
-0.9
3.25
-2.81
1.57
1.1
-1.73
-0.42
-0.17
3.21
-2.67
1.69
-0.6
1.05
0.67
1.09
-0.58
-3.18
-3.72
0.98
0.67
-0.22
-0.36
