-3
3.41
-1.02
-3.33
1.79
-2.92
-1.29
-1.38
2.23
-3.15
-1.43
1.1
-3.87
-1.11
-0.55
1.07
-1.72
1.3
-2.05
0.97
-2.31
-1.97
-2.51
1.66
-1.59
1.9
-3.17
-2.04
-1.3
-0.67
-2.33
-0.58
-1.11
-0.12
1.05
-0.32
2.11
-3.42
0.76
2.42
3.8
-2.67
-2.28
-3.35
0.16
0.55
3.51
-1.41
-1.31
3.36
1.9
2.86
2.99
-2.54
-1.81
-1.23
2.72
2.53
3.12
1.27
-1.16
-0.58
-2.85
-0.05
-2.2
3.9
0.36
-2.7
1.84
2.12
1.55
1.13
2.15
-1.55
3.95
-1.23
1.84
3.1
-2.5
3.26
0.59
1.73
-2.76
-1.44
3.43
-2.55
0.44
3.98
2.87
0.17
3.14
-1.79
-0.2
-0.71
-0.32
1.61
-2.95
0.68
2.95
0.26
2.8
-3.93
-2.4
0.74
3
2.56
1.87
0.77
0.39
-1.25
-2.33
-2.54
-1.62
-1.86
0.81
-2.94
-2.5
-4
-3.49
-1.45
-1.17
0.24
