-10
-2.76
0.99
-1.38
-3.89
3.04
3.65
0.56
-1.6
-3.74
-0.92
0.43
2.38
-0.29
3.62
-1.73
3.37
3.99
3.29
-3.63
-1.45
-0.2
2.09
-3.33
0.49
-3.7
3.14
-3
-2.3
-1.26
2.37
0.86
3.18
2.98
-2.49
-3.65
-2.59
-2.1
-0.48
0.1
2.23
3.85
-2.7
-0.72
-0.53
3.79
-3.95
0.06
-2.97
-2.45
2.43
-2.99
0.56
-0.73
1.64
1.39
1.15
0.2
-1.89
0.36
1.12
2.82
0.01
0.69
1.24
3.6
0.97
1.45
1.08
-1.01
-3.72
-0.96
2.54
-3.84
-3.72
2.43
0.69
0.8
-3.01
-3.69
2.27
-0.26
-2.36
-0.46
2.98
3.03
0.39
-1.2
1.56
2.46
0.26
-2.05
-1.64
1.63
3.82
3.15
2.93
-1.43
-2.43
2.45
-1.66
2.84
-0.72
0.45
2.94
0.02
2.36
0.84
-2.89
1.99
-2.55
-1.13
-1.35
-0.85
0.73
3.2
-3.82
1.79
-3.55
-1.78
-3.94
3.69
