-4
-1.23
0.45
-1.71
-1.21
-0.17
3.28
-2.95
1.95
-2.2
-1.16
2.58
1.35
-3.59
-0.75
-1.75
2.52
0.92
2.37
1.69
2.52
0.07
-2.77
1.81
0.56
-2.7
-3.13
-0.14
3.62
-2.19
-1
0.99
0.42
-1.44
3.94
-2.37
2.86
2.26
-3.03
2.48
-1.29
-0.65
-0.84
3.79
0.72
1.45
0.11
-3.53
1.59
-0.66
0.29
0.46
1.75
1.96
-1.61
1.39
0.87
2.69
-0.76
3.75
-0.99
3.28
1.05
1.03
0.54
2.94
2.12
-3.09
0.31
1.3
-1.14
3.04
-2.6
3.34
1.07
-3.4
-0.23
-2.72
-0.94
3.41
3.23
-2.98
2.28
-3.44
2.04
-3.78
-3.53
1.47
-0.39
0.87
-0.3
-3.83
1.41
3.02
-2.69
-2.98
-2.95
3.26
-0.76
1.35
0.77
-0.89
2.19
-1.13
-0.31
0.01
-2.25
-0.38
-3.39
1.04
0.12
2.44
1.83
0.48
-1.17
-3.32
0.49
2.68
0.74
2.05
-3.5
3.76
