0
-1.36
2.78
-1
0.02
-3.57
-0.5
0.09
0.48
-3.66
-0.74
0.38
-2.35
1.49
0.11
0
-0.12
1.87
-2.98
-3.63
-3.81
3.87
3.97
-1.98
-3.44
-3.49
-1.67
2.58
-2.82
3.08
2.51
1.94
-2.87
1.36
2.53
1.51
2.5
1.66
0.37
1.94
2.97
-1.09
-2.48
-0.11
-2.95
-1.52
1.95
2.66
2.88
3.19
3.43
-2.03
-1.53
-2.21
2.3
0.05
-0.18
-1.6
0.22
3.65
-2.72
3.32
-3.79
-3.6
-0.9
3.68
-0.86
3.11
-2.45
-3.97
2.56
3.76
-0.45
-2.55
2.62
2.23
2.57
3.13
-1.32
2.48
1.69
3.33
-2.2
-1.05
1.07
0.91
1.32
0.98
1.41
1.55
3.62
-2
3.84
-0.42
3.04
3.91
1.32
3.14
1.89
-2.11
3.52
-2.25
2.92
-0.43
-1.58
2.47
1.46
3.23
-1.18
-3.05
-2.56
0.22
-1.46
1.87
-1.67
-0.25
1.21
0.25
1.46
1.16
-2.7
-0.36
