-8
-2.3
1.64
3.27
-0.77
1.95
-2.97
3.24
0.34
-1.44
3.43
0.04
1.32
2.23
-1.38
-2.51
3.6
2.65
-1.17
2.21
3.58
1.51
-2.63
-2.97
3.28
-3.69
-2.51
-1.96
0.22
3.28
-2.91
1.58
-3.79
1.5
0.68
2.64
-1.11
3.41
-3.52
1.92
-0.22
-3.11
-3.66
-2.97
-1.3
-0.63
3.7
-1.88
-1.74
3
3.79
1.55
-3.43
-3.1
2.14
-1.46
-2.1
-3.52
2.04
2.29
0.63
-0.75
-3.59
1.12
-0.99
-0.44
3.07
-2.43
-1.11
0.16
3.79
0.14
1.49
-3.77
3.1
0.72
3.52
-3.41
-1.42
-2.37
-2.61
-3.72
0.53
-0.49
-3.29
1.6
2.44
-2.85
2.2
2.39
0.19
-2.61
-0.51
-0.23
0.7
3.29
-3.55
-0.8
-1
0.23
-3.74
-0.17
2.43
3.07
0.52
-3.84
3.62
2.97
1.35
-3.97
-2.72
-3.99
3.24
1.61
-3.48
-0.97
3.63
1.94
-3.13
0.57
-3.56
3.77
-2.33
-2.46
3.53
-3.61
-1.84
0.85
1.6
0.16
1.39
0.49
2.92
0.29
2.86
3.44
-0.59
-3.78
0.65
2.05
-2.83
-0.53
-0.3
-0.04
0.49
-3.04
-3.74
-3.58
1.48
1.27
3.02
-0.65
-2.79
-1.27
-1.96
3.69
0.58
3.16
3.02
-2.35
-2.67
-0.45
-1.66
1.17
1.3
2.35
-0.13
-1.17
-2.56
0.95
1.72
2.96
1.21
1.11
-3.26
-1.27
-1.77
-1.29
1.31
-1.71
1.37
1.74
3.28
1.68
-0.75
-0.79
3.18
0.79
1.89
1.8
1.51
3.92
2.13
-1.2
0.97
1
1.53
1.62
-3.45
0.44
2.27
3.06
-2.77
1.62
-3.01
2.74
-3.12
3.01
3.13
1.42
2.28
-0.15
0.77
-1.66
-0.24
-0.88
-1.85
0.82
3.25
2.51
2.81
-2.7
-1.13
3.59
2.97
-1.37
2.66
0.56
-1.25
1.23
1.87
1.12
3.45
0.69
2.66
3.82
-0.27
2.52
-2.81
3.16
-2.93
1.5
-2.09
2.79
-1.75
1.79
3.39
-1.96
2.86
2.02
3.73
-0.91
0.84
-3.95
3.16
-2.75
0.03
-1.52
2.71
-3.47
-3.08
-0.06
3.61
2.36
-0.49
2.89
-1.81
1.48
-0.05
-0.73
2.89
-3.42
-3.36
2.34
3.46
3.7
-3.1
3.71
-2.12
0.89
3.63
3.34
-1.43
-0.87
3.24
-2.83
-3.22
3.32
-0.99
0.66
-1.12
2.44
2.72
1.53
-3.43
2.89
2.41
2.18
-2.96
2.84
-0.05
-0.79
3.47
-3.28
2.53
-3.9
1.46
-1.25
-1.34
-0.39
-0.58
-3.92
0.87
2.91
1.57
-2.85
-0.52
1.94
-0.64
-1.76
-0.86
2
3.03
2.15
0.05
-2.1
0.28
-2.9
-2.61
0.76
-2.56
-0.14
2.12
0.79
3.95
1.19
-0.15
-3.86
2.06
0
-2.74
1.35
-0.41
-2.49
-3.93
-2.63
3.71
-2.22
-0.42
0.09
-2.16
3.74
-0.74
2.95
3.83
2.08
-1.13
3.02
0.4
-0.35
1.96
-1.37
-0.62
2.97
-3.76
-3.91
1.74
-1.45
-1.6
-3.31
-1.52
-3.72
-3.1
0.84
-1.51
0.72
2.59
-2.5
0.17
-3.48
-0.13
1.75
3.22
3.32
-0.2
0.66
1.2
2.74
1.14
-3.96
-1.05
2.52
0.83
-3.86
0.72
0.26
-3.47
2.3
1.57
-3.79
-1.74
-3.47
-0.14
1.39
2.36
1.64
-1.62
1.95
0.23
-4
1.96
-1.72
1.36
1.06
-3.29
-1.74
-3.43
0.62
2.78
-1.33
2.46
1.33
2.17
2.93
1.06
1.36
-0.22
1.19
2.04
3.44
-3.85
-2.68
-3.79
3.37
0.26
2.38
2.2
-1.2
2.93
-2.54
2.41
-3.22
-0.73
-0.35
2.85
-3.3
-3.49
-0.03
1.53
0.97
2.63
-0.36
1.21
-3.16
-2.2
-2.13
3.38
-3.64
0.54
-1.31
3.89
-1.4
1.31
3.43
3.87
-3.86
-0.21
3.25
2.96
-3.42
-3.64
2.28
-1.61
-3.76
2.45
1.46
1.01
-3.33
1.37
3.59
-2.77
-1.62
-1.82
1.13
2.6
3.51
-1.75
1.58
-3.97
0.96
-3.61
-3.25
-2.55
1.99
1.16
0.91
-2.29
-0.58
3.08
-2.12
1.43
-3.61
-0.53
2.92
-2.51
-1.9
1.98
3.88
-3.82
-3.98
-0.98
1.84
1.48
3.36
1.8
-0.39
-1.08
-2.54
-3.22
-3.96
1.31
1.78
-0.24
-2.22
-0.48
-0.08
-0.01
-1.21
2.69
-3.28
-1.51
3.84
3.73
3.39
-0.92
1.66
2.12
3.24
-1.6
-1.98
-2.42
-1.2
2.08
-3.95
3.15
-0.42
-1.74
0.63
-1.04
1.95
0.94
-3.43
-2.12
3.04
3.66
-0.09
0.94
0.66
1.23
-0.3
-0.09
-2.99
-1.1
2.51
1.49
-1.63
3.72
-3.11
-0.85
-2.21
3.86
3.14
3.4
-0.21
0.55
0.43
-1.05
-2.41
2.81
0.57
0.1
-0.07
-2.95
-3.03
-1.6
0.16
-2.86
2.97
3.55
-3.16
-0.71
2.8
0.8
3.11
-3.26
-2.2
-1.52
1.64
3
-3.33
-2.32
2.13
-3.66
-1.35
2.65
-3.7
-1.28
-3.8
-0.16
1.9
2.38
3.06
-3.36
0.23
2.84
-0.2
-0.19
-3.4
-0.24
3.85
-1.92
-0.36
0.76
3.96
3.75
2.09
0.2
-1.53
-2.59
0.47
-3.38
-2.34
-3.75
-1.99
-2.95
2.06
0.65
-2.37
-1.26
2.01
3.93
-0.77
0.06
0.58
-3.8
-2.86
0.62
3.99
-3.32
2.79
0.67
-1.5
2.88
-1.65
-0.48
3.6
1.72
0.01
0.37
3.63
-2.24
-3.76
0.28
0.42
1.13
-3.18
3.13
-3.81
-0.38
-2.51
-2.38
1.05
-1.95
-1.19
-2.22
1.9
-3.71
2.39
-0.94
-0.01
3.61
1.83
-0.8
-2.7
3.32
-0.14
3.57
3.65
0.08
0.65
-1.4
-3.53
1.37
2.7
-0.67
0.71
-1.25
-3.62
3.5
1.81
-2.79
1.84
-0.45
-0.49
0.2
-1.88
2.14
-1.04
-0.75
3.06
-0.98
2.1
1.9
-1.13
2.58
3.17
2.6
-0.19
-1.93
2.58
-3.9
2.61
2.36
-2.07
-1.22
3.6
-2.88
-1.75
3.53
2.5
-0.86
3.71
-2.43
-3.73
-0.36
0.97
2.27
-1.49
-1.18
-1.74
-1.63
2.66
1.93
2.89
-1.99
1.37
-0.52
3.27
-3.12
-2.3
1.47
-2.46
-0.6
-1.73
-1.19
-3.31
-3.61
-3.87
1.72
1.9
-3.53
-0.34
-1.77
3.65
-2.94
1.29
0.07
-2.39
-1.92
3.85
-3.46
3.06
0.29
2.23
-3.04
-0.87
-2.24
-2.27
-0.01
0
-2.91
-0.76
-2.31
-1.98
-1.29
0.18
-2.86
-3.27
-2.21
-3.7
-3.22
0.32
-3.33
-0.91
-0.8
0
3.7
2.48
-1.47
0.04
1.43
-2.55
2.19
1.32
3.72
3.19
-3.62
2.95
0.18
0.14
-1.6
-2.88
3.09
-1.05
3.82
-2.88
-2.88
1.42
2.65
1.06
-3.63
-1.04
-1.12
3.53
-2.97
1.73
-2.14
-0.57
3.4
2.13
-2.8
3.19
3.17
-0.18
-0.95
3.59
-2.04
-3
2.62
0.41
-2.63
1.05
-3.21
1.49
0.61
3.41
-2.23
-0.29
-2.48
3.35
-0.81
-0.61
2.21
-3.16
-2.01
-2.95
3.75
-0.74
3.82
2.32
-0.27
0.91
1.91
-2.94
0.34
1.08
2.08
1.65
3.08
3.11
3.16
-3.97
3.49
3.02
0.9
0.63
-1.4
0.14
-3.47
2.33
2.8
0.86
3.31
3.61
2.93
1.13
0.62
-0.62
-3.21
3.65
1.5
-2.11
3.99
1.21
1.16
-1.91
-2.08
3.5
3.53
2.59
-0.54
1.33
-0.43
2.56
3.81
-2.71
1.15
-0.88
-0.33
-3.78
3.26
-1.78
1.88
-3.89
-0.51
2.43
2.83
1.56
1.63
-1.22
-3.2
1.5
-0.91
-0.69
3.7
-2.41
3.42
-2.43
-1.16
-1.68
-0.41
0.39
2.49
1
0.38
2.96
3.91
0.3
3.26
-3.74
-0.78
-0.54
0.7
-3.12
-2.71
-2.65
-0.73
-0.78
-2.92
0.97
1.2
1.57
-3.43
3.65
-3.09
0.34
0.21
3.01
-0.09
-0.49
2.2
0.42
3
-0.4
-2.43
2.12
-1.45
-2.8
3.85
-3.32
-2.36
-3.4
3.07
-0.88
-3.39
-0.38
1.13
-0.67
-0.68
3.64
-2.14
1.12
1.08
1.99
1.66
0.19
2.4
3.01
-2.12
-0.27
2.98
-1.55
-3.37
1.78
-1.34
-0.37
1.18
3.56
0.72
2.9
2.3
3.75
2.09
2.78
-2.84
3.94
3.29
-1.78
1.01
-3.97
-1
-2.57
-2.48
-3.21
3.71
2.57
3.44
-2.85
-3.92
-2.15
2.36
1.76
-0.21
2.92
-3.87
1.18
-1.05
1.8
-3.49
1.12
-3.39
-3.17
1.44
0.93
1.3
1.24
3.87
3.4
-1.1
-1.33
1.72
-2
-0.8
-1.29
1.12
-2.16
3.98
-1.42
-2.53
-0.16
-2.04
-0.62
-1.05
0.24
1.34
3.56
3.89
2.67
-1.07
-3.22
-2.99
-0.97
-3.02
-0.43
-3.46
-3.98
1.27
-1.24
-3.27
-3.31
-1.47
1.01
3.82
-3.57
-3.98
1.16
-1.91
-0.44
-2.77
3.88
2.81
1.77
0.46
2.02
2.85
-2.2
-0.92
1.66
0.04
2
0.38
1.42
-1.2
-3.77
-1.4
-1.08
0.97
-0.58
3.87
-3.42
3.72
3.61
1.05
1.22
1.14
-3.96
0.7
-0.91
-3.38
1.07
-0.84
-1.12
-2.48
-3.27
0.68
1.54
-0.02
-1.89
-1.75
1.69
1.39
1.5
3.85
-0.51
3.94
-2.08
3.52
-1.4
2.64
-3.58
2.8
-3.12
0.57
1.75
1.66
0.49
-0.46
-0.11
-0.54
1.19
-3.27
2.85
2.51
2.01
0.34
-3.52
1.16
1.25
-0.01
-1.51
-1.94
1.95
-3.41
1.71
-1.81
0.29
1.07
-1.95
1.19
1.42
-0.46
3.5
3.12
0.69
-1.79
-3.57
0.6
0.93
0.12
2.83
0.35
-3.37
1.6
-1.55
-3.67
3.29
-3.19
0.48
-0.96
-2.97
-0.62
-3.24
-2.27
-0.53
-0.96
-0.56
3.94
0.53
0.21
-3.43
-0.02
-1.3
3.6
-2.31
-3.9
1.31
1.3
1
2.64
2.54
3.46
0.08
1.3
3.34
-2.65
-1.46
-1.53
1.92
2.71
-2.49
-1.94
-3.84
0.92
-2.07
0.68
-1.03
-0.16
3.12
3.37
0.81
-0.61
2.24
1.62
1.11
-0.1
-3.4
2.48
0.85
2.11
1.57
1.12
-2.74
1.82
1.23
0.19
-1.71
2.17
-2.49
-1.77
-0.78
3.92
-2.3
1.65
1.68
1.62
0.05
-0.07
-3.21
0.47
1.03
2.87
0.3
3.42
3.1
-1.69
0.68
-2.99
-0.65
1.99
-2.84
-0.63
-2.39
2.28
-2.77
0.67
0.66
0.39
-0.47
2.1
-1.79
-0.95
-0.43
-1.64
-3.38
-3.25
0.57
3.33
-2.37
-3.72
2.53
-2.58
-3.85
0.87
-0.85
1.61
2.5
-4
-3.41
2.55
-1.23
2
3.98
-0.61
-0.19
3.9
3.68
2.73
-1.18
-1.47
0.36
3.04
-3.06
-3.64
0.29
2.67
-2.37
0.78
-3.14
2.42
-3.37
2.37
2.28
2.63
-3.5
2.48
0.98
-3.88
-3.61
-3.23
-1.48
-1.43
3.29
0.12
1.33
0.75
1.26
1.73
0.67
1.7
-1.63
-1.87
0.82
3.08
2.76
1.18
-2.62
-1.8
1.74
-0.3
-0.13
-2.86
2.21
0.95
0.14
-0.28
1.35
1.75
2.72
1.51
-2.05
3.76
-1.46
3.77
-3.65
1.93
1.6
3.19
3.33
2.88
3.94
-2.49
3.09
-3.3
2.54
-1.14
3.58
1.17
0.17
1.06
-1.37
-1.22
-1.1
3.05
-2.7
-2.65
2.57
-1.84
2.56
2.44
-2.99
-0.96
3.25
-3.79
-0.56
1.46
-3.35
0.03
0.54
2.99
1.14
-3.86
1.06
0.12
0.41
0.14
-2.55
-1.8
-0.07
1.38
-2.64
2.73
2.44
1.43
3.37
3.54
0.27
3.52
-2.5
-1.41
-1.24
3.98
3.48
-2.95
3.6
-2.84
1.43
-0.26
-1.46
-2.99
2.84
-1.7
0.71
-0.04
-3.67
-1.91
2.57
0.98
1.09
-3.8
-2.44
-3.82
-2.85
2.09
-0.31
3.04
-0.54
2.63
2.22
-2.44
3.21
-2.53
2.96
-3.77
0.6
-2.67
1.69
1.67
-2.52
2.73
2.41
-2.14
-2.86
2.87
3.75
1.78
-0.91
-0.26
-0.66
-0.42
-1.15
-3.26
-0.98
-1.52
2.26
2.15
-0.08
-3.97
1.53
-3.87
3.76
-3.08
-1.93
-2.78
-0.46
2.67
3.9
-1.99
0.66
3.93
-1.55
0.65
-3.9
-1.33
-3.71
3.18
-0.65
0.21
3.75
-2.22
-3.43
-1.03
0.32
2.47
-0.39
-3.84
0.82
-2.75
3.21
2.58
-2.09
1.71
2.56
-3.85
2.6
1.48
2.18
1.64
-2.88
-2.52
-0.75
-3.25
0.96
0.87
1.52
2.31
1.54
-0.77
-3.71
-0.9
0.16
-1.22
1.97
1.14
0.73
-1.3
0.67
1.52
1.76
-3.53
-0.12
-3.69
0.95
-1.16
3.49
-1.03
1.3
-1.58
-3.27
-2.02
0.33
-1.25
-1
-0.13
-2.15
-3.09
1.78
0.96
2.34
-2.33
3.76
2.38
-2
-2.84
-1.07
-3.76
3.18
-2.24
-3.24
3.34
-3.07
2.32
0.96
1.93
-1.06
-0.62
3.55
-0.67
2.81
3.28
3.31
-1.18
3.76
0.93
0.54
2.5
3.66
-2.6
-1.73
-0.52
0.5
-2.23
2.03
-0.31
-0.79
2.88
1.83
1.35
-0.31
0.1
-2.56
-3.32
0.79
-0.74
1.84
1.92
2.51
1.71
1.27
2.04
2.6
0.78
-1.2
3.19
1.41
1.75
-1.76
-1.87
3.23
0.93
1.49
-2.89
-1.01
1.45
-0.94
3.17
0.5
3.67
-0.44
0.46
-1.96
0.43
-2.14
2.64
-1.19
-0.97
0.58
1.01
3.6
-3.02
-1.03
2.93
-2.58
1.06
-1.06
1.4
1.62
-0.5
0.57
3.82
3.33
3.35
3.77
0.56
-0.52
1.94
-1.07
1.92
1.99
-2.91
2.85
-1.93
3.18
-3
2.85
2.01
3.89
-0.93
1.03
2.26
1.97
-2.95
0.44
-2.78
-2.23
-3.93
-1.83
-3.39
-1.66
-3.57
3.26
3.04
-1.69
-3.99
-0.14
-3.07
0.25
1.29
2.47
0.33
-1.56
-0.25
1.01
