-5
-1.9
3.29
1.26
0.72
1.44
-2.1
1.72
2.68
-1.44
1.77
-1.25
1.86
0.53
0.69
3.93
3.37
-0.69
-0.63
-0.63
2.78
2.75
-3.62
1.69
-0.17
-2.57
0.36
0.46
0.07
-1.18
-3.15
-3.64
-1.71
-2.37
-2.12
-1.08
-1.52
2.65
3.24
-0.76
1.7
-1.67
0.1
2.21
1.06
-3.08
-0.45
1.94
-0.76
2.63
3.53
3.77
-3.17
1.89
3.08
2.95
-2.28
1.74
-2.93
-1.98
-0.38
0.21
-2.84
-0.38
0.32
-1.79
-2.55
-1.9
1.68
-3.72
-1.04
1.7
1.84
-1.63
-0.03
2.07
0.67
3.84
-1.24
0.33
-0.4
-0.44
-1.78
-3.18
2.69
1.62
-0.42
-2.96
1.95
-1.61
0.56
0.64
-3.05
2.07
3.63
2.66
2.26
-2.26
-3.69
-1.75
0.81
1.57
-0.9
-1.47
-2.92
3.56
-1.65
2.87
3.61
2.43
-2.05
-0.93
0.25
0.65
-1.47
0.28
2.12
1.98
-1.06
0.44
-2.84
-2.25
