-10
-1.9
3.29
-3.73
0.72
1.44
-2.1
1.72
2.68
-2.96
2.62
-1.25
2.32
0.53
0.69
3.93
3.37
-0.69
3.03
-1.13
3.61
2.75
-3.62
-3.15
-0.17
-2.57
0.36
0.46
-0.1
0.85
-3.41
0.25
-1.71
-2.37
-2.34
-1.08
-1.96
2.65
0.12
-0.76
3.6
-1.67
0.1
-0.88
3.1
-1.92
-0.45
0.38
-1.33
-1.88
3.53
1.81
0.57
1.89
3.08
2.95
-0.4
1.74
-2.93
-1.98
-0.1
0.21
-2.84
-1.55
0.32
-1.79
1.85
-1.9
-3.63
-3.72
-1.04
-2.2
1.84
-1.63
-0.03
-1.04
1.74
3.84
-1.24
0.33
2.72
-0.44
-2.49
-3.18
2.69
-3.17
-0.42
3.94
2.17
-3.34
0.56
-3.07
-3.05
2.07
0.54
2.66
2.26
-2.26
-3.05
-1.75
2.89
1.57
-0.48
-1.47
-1.85
0.8
-1.65
2.87
-3.37
2.43
-2.05
-0.93
0.25
-2.75
2.96
0.28
2.12
1.98
1.78
0.44
-2.84
-2.25
