-2
-1.05
-0.62
3.3
0.2
-1.94
2.98
-3.1
3.79
3.08
-2.58
2.71
-1.87
0.47
1.06
-0.45
1.17
1.02
3.86
-1.54
1.71
1.1
0.58
-0.75
0.21
1.61
1.33
1.37
-0.42
-0.84
2.03
-2.38
-0.06
0.19
-0.96
-1.09
-2.38
2.63
3.23
2.7
-2.98
-2.97
-3.87
3.76
-0.67
0.84
-3.04
2.82
-1.9
-1.81
0.92
-0.12
-3.06
3.72
-3.18
-2.68
2.18
-2.86
0.96
-0.96
-4
3.22
-0.55
-2
0.73
2.28
-3.38
0.64
-3.7
1.87
-3.57
-0.32
-1.04
-3.49
3.13
-0.98
-0.51
-3.21
-0.6
1.95
3.45
-3.37
-2.68
0.88
2.88
-1.36
0.42
0.2
0.07
1.92
-2.3
-2.53
1.25
-3.08
-3.6
1.62
1.19
1.22
3.84
-2.72
3.84
1.81
3.96
-0.84
-2.04
-3.63
1.1
-0.4
0.25
3.37
-3.2
-2.34
-2.65
2.09
3.3
1.78
1.89
2.57
-3.78
0.3
1.71
-3
