-5
-1.9
3.29
1.26
0.72
1.44
0.82
1.72
2.68
-3.08
0.44
-1.89
2.47
0.06
0.69
1.99
-3.53
-2.85
-1.44
2.38
0.92
3.09
2.11
1.14
-0.17
-2.57
3.22
-0.95
0.07
-3.25
-3.41
-3.64
-1.71
-2.84
-2.12
3.27
-3
-2.46
3.24
-2.58
1.7
-1.67
2.57
-0.88
-2.58
-1.92
2.81
1.94
-0.76
3.57
2.02
3.77
-3.17
1.89
3.06
-1.85
-0.4
1.74
2.17
-1.98
-0.06
0.21
-2.84
-2.2
0.32
2.29
-2.55
-2.1
-3.63
-3.72
-3.97
-2.2
1.84
-2.5
2.29
-1.66
3.46
-2.33
-1.24
-3.27
2.47
-0.44
-3.77
-1.11
2.69
-3.17
3.47
-2.51
-0.79
-1.61
0.26
0.64
-3.05
3.87
0.54
2.66
3.87
1.6
-3.69
-1.75
0.81
-1.86
3.7
-1.47
-3.8
1.48
-1.98
2.82
3.28
2.43
-2.05
1.14
0.57
0.65
-1.47
0.28
2.12
1.98
-1.06
-0.51
-2.84
-3.96
