-5
2.89
-3.69
1.8
-0.84
0.18
-3.76
0.95
-3.78
2.43
-2.2
0.88
1.11
-2.66
1.68
2.14
-3.88
-3.76
0.48
-0.48
-3.13
-0.56
-0.29
1.33
-2.42
2.99
0.47
3.7
-2.29
-2.31
3.46
-2.67
0.6
2.55
2.6
2.44
0.87
-1.21
1.27
2.27
-0.07
3.37
2.25
2.36
-3.05
-1.03
-2.74
3.18
-3.3
-3.51
3.58
-2.49
-0.68
-2.73
3.05
3.38
3.88
-3.86
2.82
0.17
-1.24
-1.97
0.68
-2.15
3.92
-1.6
-0.25
2.7
-2.44
3.01
0.78
-3.26
0.47
3.01
-0.95
3.83
-1.37
-2.14
-0.12
-1.25
-3.26
-2.59
0.79
-2.36
-1.19
1.17
2.01
2.93
-0.45
-3.82
1.43
-1.05
-3.49
-1.68
-2.57
0.22
3.36
1.01
-2.12
2.33
-1.65
-1.95
3.25
1.42
2.69
-0.82
-1.84
2.39
-0.94
-3.67
-0.47
-0.69
-3.27
-3.59
-1.05
-1.01
2.87
-1.09
-1.15
2.62
0.58
1.01
