-2
-1.09
0.05
-1.31
-2.38
3.93
-0.4
-2.09
3.34
-3.59
3.9
2.3
2.73
-2.72
3.68
1.36
-3.21
-0.12
-0.72
2.2
-1.6
-1.98
-1.86
-3.33
1.65
0.93
0.51
-1.92
-3.93
-3.22
-3.94
0.74
-1.01
-2.61
1.8
-0.94
-3.35
-0.92
-1.23
3.05
-2.6
1.87
0.6
-1.46
-0.92
2.6
-1.72
3.51
0.12
-0.84
-2.4
3.41
0.92
1.92
-2.5
4
-1.57
-1.92
-2.92
1.23
-1.34
2.76
-2.16
-1.56
-0.7
-3.97
0.01
1.34
2.84
-1.02
-0.49
-1.79
3.75
0.24
3.42
3.58
-1.85
-3.2
1.81
-3.76
1.38
-3.68
1.93
3.02
1.49
-0.78
-2.49
-3.75
-0.05
-0.21
3.9
-3.91
-2.05
0.38
2.11
-1.28
2.25
-3.15
0.87
2.71
2.52
-3.43
-2.81
-2.67
-0.27
3.44
-2.31
-0.17
1.11
-2.67
1.69
-0.6
1.05
3.58
1.09
3.12
-3.18
-1.48
0.3
0.67
-0.22
-0.36
