0
3.79
0.99
-1.36
-3.89
1.57
3.17
-0.62
-1.06
-3.54
2.64
0.43
2.38
0.62
1.78
-1.52
1.4
3.99
-2.03
2.92
2.36
1.46
2.2
3.89
-3.57
0.29
1.72
-3
-3.36
-2.38
0.83
1.51
2.69
2.9
-3.98
3.96
-0.08
0.35
-2.49
0.1
-0.83
-1.27
-1.19
2.55
-0.53
-0.94
-0.68
-3.58
-2.97
-3.31
3.17
3.99
0.91
-1.37
0.16
-1.31
1.15
3.51
2.61
-3.38
-3.54
-1.28
-1.26
0.69
1.33
3.6
0.97
3.05
2
2.1
2.54
-0.96
2.54
1.13
-0.01
-0.99
-0.46
2.79
3.42
-0.36
1.19
-0.26
3.28
2.03
-0.68
2.59
0.72
3.22
2.49
2.46
2.03
2.78
1.71
3.6
3.82
3.44
0.46
-1.39
1.37
0
-1.19
-2.25
-0.72
-3.82
3.8
0.02
0.42
1.5
0.73
-2.5
3.94
2.97
-1.19
1.48
0.73
3.2
1.59
1.83
3.79
2.07
-0.41
3.69
