-2
-1.05
-0.62
2.58
-1.98
-0.44
2.35
0.15
2.94
-1.6
-0.68
0.34
-0.14
2.67
2.35
0.71
2.75
-3.05
3.86
3.36
0.47
3.58
-0.94
2.17
-3.3
0.16
-3.11
3.43
2.57
-0.84
2.03
-3.25
-3.62
0.19
0.16
0.94
3.53
3.65
3.23
3.06
-3.86
-3.83
-3.87
-1.6
-0.67
3.9
-1.37
2.82
-2.19
0.93
0.92
-0.12
0.52
-2.24
1.28
-2.68
2.18
-2.86
-2.75
-3.36
3.57
3.27
-2.02
-2.78
0.73
-1.53
-3.42
0.64
1.08
-2.96
-3.57
-2.66
-1.04
-3.49
-2.88
2.16
-3.48
-3.34
-0.6
2.38
3.89
2.82
-1.54
3.55
-3.55
1.46
-2.29
2.57
-3.96
0.15
-2.3
-0.77
-1.65
-3.08
0.97
-0.45
-0.85
1.13
1.68
-2.86
3.84
1.81
0.36
-0.84
-2.04
2.73
1.69
0.03
0.25
1.92
-3.2
0.1
-0.89
-0.12
3.3
-3.94
-2.15
3.21
-3.78
-2.06
1.71
-3
