-5
-3.24
-3.69
-2.81
-0.84
1.07
-3.29
-3.68
0.97
2.13
2.73
-1.98
2.22
-0.29
0.87
-0.22
-3.88
-3.28
0.48
1.12
1.39
-1.06
-0.29
0.56
-2.42
2.99
0.47
3.7
-2.58
1.44
2.6
-2.67
1.4
2.55
3.56
2.44
0.87
-2.92
1.66
-1.2
-0.63
3.37
2.25
-0.19
-3.05
-1.19
-1.39
-3.82
-3.3
-3.51
-3.32
-2.49
2.36
-3.41
-2.36
3.38
1.58
-2.61
-2.94
0.17
-1.24
-2.59
1.9
-1.85
-2.99
-1.6
3.79
-2.81
-2.44
2.6
0.78
-1.07
1.33
-1.2
3.83
3.83
0.61
-3.13
1.64
2.21
-2.89
-2.99
0.79
0.81
-0.43
2.99
3.79
-3.49
-3.82
-3.82
-3.55
-2.23
-3.74
0.89
-3.89
0.22
3.36
1.28
-2.38
-2.75
2.06
-1.95
1.3
-1.61
3.01
2.33
3.91
-2.88
2.74
1.07
-0.47
-0.69
0.31
2.26
1.6
-1.08
2.87
-3.08
-2.22
0.28
0.58
2.39
