-4
-2.75
3.09
3
1.71
-1.11
-0.94
0.33
2.1
2.13
3.22
1.17
1.11
-3.91
1.68
2.14
-2.68
3.61
2.03
-0.48
-1.46
-3.34
-2.05
1.33
0.73
-2.98
-2.8
2.73
0.06
1.14
3.46
-2.42
3.79
-0.11
2.6
1.9
0.58
-1.21
1.86
3.9
1.29
3.37
2.03
-0.89
-2.55
1.13
-2.2
-3.82
-2.76
-3.51
-3.32
-2.49
-0.68
1.67
2.36
-1.17
1.58
-3.86
1.49
0.17
-0.25
-2.84
-3.99
1.97
-1.65
-1.75
-0.25
2
3.21
-3.36
-0.85
-0.97
0.47
2.22
0.55
3.83
-1.37
-2.14
-0.12
-1.24
-3.26
1
-3.45
-2.36
-1.19
1.17
-3.31
-0.68
2.15
2.22
1.43
0.34
-3.74
-2.91
-2.57
-2.1
-3.6
-1.69
-2.12
-2.4
-3.53
-0.74
0.33
-1.61
2.69
2.33
3.18
-3.58
0.73
3.52
-1.77
-3.71
-3.27
-3.59
2.93
-1.55
-3.73
-0.79
-1.83
0.28
-0.49
2.39
