-2
3.44
-1.16
0.54
-1.21
-0.08
3.28
1.58
0.1
1.05
1.22
-1.09
2.9
2.83
3.61
3.24
-2.1
0.19
0.77
3.76
-1.38
-2.53
0.36
1.81
0.33
3.18
2.36
-1.28
3.68
-2.19
0.6
-0.46
0.97
-0.93
-1.48
-3.34
0.37
-0.87
-2.07
-3.68
1.34
-1.25
-0.84
3.83
0.72
1.1
-1.04
2.57
2.1
-2.32
1.15
0.46
1.75
3.8
-1.61
0.83
-3.91
2.69
-3.8
-2.51
3.02
-3.63
-3.05
0.97
1.82
-0.83
2.49
-3.39
0.31
0.88
-1.14
-0.99
-2.6
-3.34
1.07
-0.23
2.87
1.78
1.97
0.36
3.23
-2.98
-3.04
-0.23
-2.99
-1.76
0.47
3.02
3.18
-2.6
-0.3
-1.06
-1.08
-0.09
-1.39
1.16
-0.87
-0.38
-1.87
-1.68
1.07
-0.09
-0.68
-2.17
1.78
-1.27
1.65
1.08
0.92
0.55
0.13
2.44
-0.89
0.48
0.93
-2.93
-2.04
2.68
-0.04
1.39
3.34
2.52
