-2
3.79
1.71
-1.36
2.42
3.04
3.76
1.57
-1.6
0.23
-3.44
0.43
-0.76
0.27
-2.4
3.62
-3.97
3.99
-3.87
2.52
-1.45
1.46
2.09
0
0.49
0.2
-1.03
-3
-3.36
2.62
0.83
0.86
1.93
2.98
2.1
0.13
-2.93
-1.17
-1.01
3.63
-0.67
3.85
2.83
2.55
1.78
-0.94
-0.52
-0.51
0.9
-3.31
-1.55
2.14
3.99
1.48
-2.75
-1.13
-0.68
-2.86
3.56
0.36
-3.64
2.82
-1.34
0.69
-3.54
3.16
0.97
1.45
1.08
-0.28
2.54
3.68
1.75
-1.59
0.57
-1.76
0.57
2.79
-3.06
0.7
-3.3
-0.1
-2.07
-1.01
-0.68
-3.9
0.87
-2.67
1.37
3.86
-2.97
-3.01
-1.76
1.63
3.59
1.65
1.11
-1.43
2.74
-0.78
-1.19
-3.22
1.79
-2.83
-0.98
0.35
-0.74
1.92
0.73
-2.61
3.94
-3.02
-3.96
-1.85
3.04
3.44
0.88
1.79
1.8
-2.5
-2.99
3.69
