-9
-1.28
0.97
1.26
0.72
-2.94
-2.69
1.72
2.68
-1.44
1.77
-1.25
2.47
0.53
0.69
1.99
3.37
-0.69
-0.63
-1.13
3.71
2.75
-3.62
1.69
-0.17
1.84
1.57
-0.6
0.07
-3.25
3.52
-3.64
-1.71
-2.37
-2.12
-1.08
-1.52
2.65
3.24
-2.58
1.7
-1.67
0.1
-0.88
1.06
-3.08
1.96
1.94
0.55
3.57
2.02
-3.19
-3.17
1.89
3.08
-1.85
-0.4
3.57
-2.93
-1.98
-0.06
0.21
-2.84
-2.2
0.32
2.29
1.85
1.68
1.68
-3.72
-1.04
-2.2
-0.72
-1.63
-0.03
2.22
0.67
3.84
-1.24
2.79
1.88
0.46
-3.77
-3.18
2.69
1.62
-0.42
-2.96
-0.79
-2.45
0.56
0.64
1.11
2.07
3.63
2.66
2.26
1.6
-2.4
-1.75
-0.88
1.57
-0.9
-1.47
-2.92
0.8
-1.98
0.65
-3.37
2.43
-2.05
-0.93
0.25
-2.75
-1.47
0.28
0.05
1.98
-1.06
-0.51
2.84
-2.25
