-10
-1.05
3.2
2.91
-1.98
0.9
-0.2
0.15
1.17
3.08
0.53
2.95
-3.15
-2.32
-3.74
-3.49
-3.72
-3.05
-1.04
-1.54
0.47
-1.74
-2.42
2.17
0.21
-1.88
1.33
1.37
-1.88
-0.85
2.03
1.34
-0.06
-0.22
-1.24
3.19
-2.38
-1.66
3.23
-3.73
-1.11
2.35
0.43
-3.42
-0.47
0.84
2.94
-3.02
-3.65
-1.05
0.29
-3.95
-3.06
3.72
1.28
-2.63
-0.24
-1.83
0.96
2.18
-4
3.22
-0.55
-2
0.38
2.28
-1.84
-2.75
-3.7
1.61
-3.57
-2.43
-1.09
0.56
3.13
-2.82
-0.51
-3.21
2.92
1.95
3.77
0.36
3.57
3.17
-3.22
2.6
-2.04
0.2
3.28
-0.84
-2.3
-2.53
1.25
0.14
0.82
1.62
-1.37
1.22
-0.87
-0.03
3.86
-2.65
3.43
-3.16
0.48
0.37
-3.83
2.77
0.25
3.37
0.69
-2.34
3.08
-2.6
-3.27
-0.43
-3.67
-2.82
-3.78
-0.87
1.71
-3
