-2
-1.36
1.47
-1
2.31
-1.18
0.96
0.09
2.67
-3.66
1.22
0.38
2.92
-3.28
-0.68
2.25
0.71
1.87
-4
0.81
-3.81
3.87
3.97
-1.98
-3.44
-1.31
-3.05
2.58
-2.82
-3.38
-2.98
-3.71
-2.87
-0.68
-2.62
1.51
-1.75
1.66
0.87
-0.45
2.9
-1.82
-1.79
-0.11
-0.93
-3.81
0.1
-3.28
1.91
3.19
3.08
2.53
-1.53
-2.21
2.3
3.64
-0.18
0.98
0.69
-2.19
-1.61
0.29
-1.84
3
-0.9
3.68
1.06
0.96
-2.45
-3.97
0.26
-3.62
-0.21
-3.2
1.41
1.34
2.19
3.34
-0.47
-1.66
3.45
2.51
-2.2
-3.88
-1.28
-0.09
2.52
0.98
3.23
-1.06
3.39
1.7
-3.2
-1.07
2.75
-0.18
2.95
3.14
1.3
-1.81
2.77
0.61
-0.95
3.27
-1.58
-3.48
-3.79
-2.51
-1.43
-3.88
3.64
-2.77
-1.6
-2.09
0.68
-1.76
-2.93
2.55
1.46
0.45
3.76
-2.22
