-5
-1.9
3.64
1.26
0.72
-1.17
-0.14
0.43
2.33
1.31
-2.45
-1.25
-0.24
0.53
2.97
-1.1
1.5
0.87
-0.63
-1.13
3.71
2.75
-0.44
-3.47
2.41
-2.57
3.22
-0.48
2.31
0.65
-3.41
3.7
-3.76
1.12
-1.47
-0.53
-0.08
-2.46
3.24
-0.76
3.6
-1.67
2.57
-2.11
-2.15
-1.92
1.96
-1.24
2.68
2.63
-3.48
3.77
0.12
-2.14
-3.62
-3.86
-2.28
-1.5
-2.62
0.65
0.89
0.93
3.4
-0.38
-2.31
0.74
2.67
-2.1
-1.37
-3.29
-2.26
1.7
-2.08
-1.63
-0.03
-1.66
0.67
-2.33
-3.95
0.33
2.72
3.28
-3.75
-3.18
2.25
2.9
-0.42
2.38
-1.75
-1.61
3.17
1.1
-3.05
2.07
0.54
2.66
-1.08
-0.33
2.2
-3.53
-2.05
-2.09
-3.68
-1.47
-2.92
1.48
-1.65
2.81
-1.42
-0.76
-1.18
-0.14
-3.09
1.74
-2.37
3.16
0.68
2.59
1.78
-0.51
-2.84
-0.09
