-4
-1.23
-2
-1.71
-1.21
-0.08
3.28
1.58
0.1
-1.79
1.22
-1.09
1.35
2.83
-0.75
3.24
-2.1
2.67
2.37
3.76
-1.69
0.07
0.06
1.81
2.36
-3.53
2.36
3.31
3.68
3.07
-1
-0.1
2.63
2.05
-1.48
-3.07
0.37
2.36
1.11
-3.68
-1.83
1.86
-0.1
3.83
0.72
1.05
0.11
2.57
2.1
-2.32
-2.38
-0.77
-0.31
3.8
-1.61
-2.89
-2.46
2.69
-2.97
-2.51
0.27
-1.47
-3.05
-3.14
1.82
2.94
2.49
1.69
-0.68
1.3
-1.14
-0.99
0.95
2.22
1.07
1.79
2.87
1.78
-2.91
0.36
3.23
-1.04
-3.41
-0.23
-2.56
-3.57
-1.77
0.63
1.38
-2.6
-0.3
-0.29
-2.19
-0.09
-2.69
-2.98
0.78
2.87
-1.87
-1.21
2.62
-0.67
0.16
-2.17
1.78
2.62
1.65
3.46
-1.78
1.04
-2.28
-1.68
-0.89
0.48
-1.17
-2.7
3.26
1.61
3.43
1.39
-3.5
-2.14
