-10
-1.05
0.92
3.13
-1.98
1.48
0.9
0.15
-0.61
-0.18
-0.05
2.71
-2.11
0.47
-3.6
1.48
-3.31
-3.05
3.21
3.36
-3.94
-3.94
3.27
2.17
1.95
3.5
-3.11
3.43
-1.26
-0.84
2.03
-3.64
-0.06
-3.37
0.16
0.86
0.46
-2.12
-3.45
3.14
-2.69
-2.97
-3.87
0.83
-2.5
-1.43
-3.04
-3.74
-2.19
0.42
2.85
-3.95
2.42
1.38
-0.14
-2.63
2.18
-2.86
2.42
0.82
-3.84
1.48
-3.1
-2
0.03
0.15
-3.42
-2.75
-3.7
-0.56
-0.24
0.08
-2.9
-3.49
-2.88
2.16
-3.48
1.85
-1.73
3.04
3.45
-3.37
3.08
3.17
-3.22
-1.57
-0.24
2.57
0.07
0.15
-2.83
3.71
3.14
2.28
2.69
-0.45
-1.37
2.14
2.94
-0.03
3.32
-3.37
3.96
2.38
-2.04
2.73
1.69
2.74
-1.32
4
-1.97
-0.37
-2.65
3.99
3.3
3.79
1.89
3.21
-0.87
0.3
1.71
-3
