-2
-0.22
-3.4
1.15
2.31
-2.6
0.96
0.09
2.67
-0.2
1.22
0.38
1.87
-3.28
0.97
0
-0.91
1.87
-4
-2.39
-3.81
3.87
3.97
-1.98
-3.44
-1.31
3.29
-2.85
-1.75
-3.38
3.57
1.94
-2.87
1.36
2.53
1.51
-1.75
1.66
-0.33
1.46
2.9
-1.82
-1.79
2.11
-0.93
-3.81
0.1
-3.28
2.88
-2.95
3.08
2.53
-1.53
-3.28
-2.53
0.4
1.18
0.98
1.21
2.99
-1.61
-1.12
-1.84
3
-0.9
3.68
-1.83
0.96
-2.45
-3.97
0.26
-3.62
-0.21
-3.2
1.41
3.61
2.19
3.34
-1.32
-3.07
3.45
0.05
-2.2
-3.88
-1.28
0.91
2.52
0.98
-3.5
-1.06
3.62
1.51
-3.2
-1.07
2.75
0.62
2.95
3.14
1.3
-2.11
2.77
-1.69
-0.95
3.27
-1.58
-1.81
2.51
-2.51
-1.43
-3.88
-3.57
-2.77
-1.6
-2.09
0.68
-1.76
-2.93
2.55
1.46
0.45
3.76
-2.22
