0
0.84
2.01
2.53
-0.84
-3.19
-1.02
0.76
-1.95
2.13
-2.2
0.88
2.22
-1.66
-3.43
-0.22
-2.68
3.13
1.51
-0.48
1.39
-1.88
-2.05
1.91
-0.18
2.37
3.61
-2.88
-3.3
0.25
3.94
0.97
0.6
-1.17
1.81
-0.88
0.87
-2.71
1.27
3.18
-0.07
3.37
-3.71
0.55
-0.37
-1.03
-2.74
3.18
-3.3
0.58
3.01
-1.71
2.7
-0.25
-1.93
-2.13
3.88
-3.86
1.49
0.17
-1.24
-1.97
1.39
-3.36
3.46
1.43
-3.68
3.59
-2.44
2.6
-2.25
1.39
3.71
3.01
-0.95
3.83
-1.37
-2.14
-1.06
-1.25
-3.26
3.19
0.79
-2.36
3.52
-0.64
-3.11
-0.68
-0.45
-3.82
-3.55
-1.03
-3.49
-1.68
-1.48
-2
0.17
-2.66
-2.38
0.24
-0.97
3.01
-0.34
-1.61
-1.68
0.27
-1.99
-1.92
-3.88
-3.67
1.2
-0.69
2.85
-3.59
-3.11
-2.94
1.98
0.18
-1.83
2.62
-2.85
-3.63
