-8
-1.9
3.29
-3.73
0.72
1.44
-2.1
1.72
2.68
2.9
1.3
-1.27
1.86
0.53
0.69
3.93
3.37
3.39
-0.63
-1.13
3.61
0.52
-3.62
1.69
-0.17
-2.57
0.36
0.46
-0.1
0.85
-3.41
0.25
-1.71
1.53
-2.34
-1.08
-1.96
-3.91
3.24
-0.76
3.6
-1.67
0.1
-0.88
0.28
-1.92
2.69
0.38
2.16
-1.88
2.71
-3.19
-3.17
1.89
3.08
-1.57
-0.4
1.74
-2.93
-1.98
-0.1
0.21
-2.84
-0.38
0.32
-0.19
1.85
-1.9
-1.28
-3.72
-1.04
-2.2
1.84
-0.87
-0.03
-1.04
1.74
3.84
-1.24
-2.09
2.72
-0.44
-2.49
-3.18
2.69
-1.97
-0.42
3.94
-0.79
-3.34
0.56
0.64
-3.05
2.07
3.67
2.66
2.26
3.37
-2.4
-1.75
-2.06
1.57
-0.9
-1.47
-0.48
0.8
-1.65
2.87
-3.37
2.43
-2.05
1.14
0.25
-0.49
2.96
0.28
3.68
1.98
-3.67
0.44
-2.84
-2.25
