-8
-3.22
0.45
-2.79
-2.39
-1.65
-0.42
1.33
-0.56
-2.2
1.22
0.31
3.36
-3.51
3.37
2.47
0.09
0.92
-2.62
1.69
-1.69
-2.53
0.36
-2.54
2.36
2.48
2.36
3.28
3.62
3.07
0.26
-2.77
-0.24
-2.69
-1.92
-0.2
2.74
-1.42
-1.99
0.49
-1.59
-3.94
-0.41
1.05
-0.38
1.05
-0.48
-1.41
2.1
-2.86
1.15
-1.05
3.07
1.96
-0.58
2.03
0.87
2.69
3.92
1.72
0.27
-1.47
-2.33
2.6
-0.75
-2.08
1.54
-3.39
2.59
1.3
-1.14
2.65
1.89
3.34
1.07
-0.23
-0.23
1.2
-2.85
-0.85
3.42
-0.17
-3.04
2.8
-3.17
-3.57
0.2
-0.86
1.38
2.65
2.93
-3.83
1.52
-1.41
1.76
-1.66
-3.89
3.26
-2.77
1.35
0.5
-3.22
0.16
-1.13
1.66
-3.48
-3.14
-1.73
-0.62
0.64
0.16
-0.91
1.78
3.11
0.93
-3.32
0.49
1.64
-3.15
2.05
1.92
-0.59
