-2
-0.22
-3.4
-1
2.31
3.96
0.96
0.09
2.67
-0.2
1.22
0.38
0.69
-3.28
0.97
2.25
-0.12
1.87
-4
-3.63
3.25
3.87
3.97
-0.37
-3.44
-1.31
-1.67
-2.85
-1.75
-3.38
-2.98
-3.71
-2.87
1.36
-2.62
1.51
2.5
1.66
0.87
1.94
2.97
-1.09
-1.79
-2.22
-1.65
-3.81
0.1
-3.28
1.91
-2.95
3.08
2.53
-1.53
-3.28
-2.53
3.64
-0.18
0.98
1.21
2.99
-1.61
1.64
-1.84
3
-0.9
0.42
-1.83
0.96
3.74
-3.79
0.26
3.76
-0.21
-2.55
1.41
3.61
2.19
3.34
-0.47
-2.99
3.45
0.05
-1.22
-3.88
-1.28
-0.09
2.52
0.98
3.23
-1.06
-3.67
1.51
-3.76
-1.07
2.75
0.62
2.95
3.14
1.3
-2.11
2.77
2.04
-0.95
3.27
-1.58
-1.81
2.51
-2.51
-1.43
-3.88
-3.57
-2.77
-1.6
-2.09
0.68
-1.76
-2.93
2.55
1.46
1.16
3.76
-2.22
