0
3.79
0.99
-1.36
-3.89
-3.45
3.17
-0.62
1.28
-3.54
1.91
0.43
2.38
0.62
2.16
-1.52
1.39
3.99
-2.03
-1.53
2.36
1.46
2.2
3.89
-3.57
0.29
1.72
-3
-3.36
-2.38
1.91
1.51
2.69
2.9
-3.98
3.96
3.34
0.35
-2.49
0.1
-0.83
1.84
3.27
2.55
-0.53
-0.94
-0.68
-3.58
-2.7
-3.31
3.17
3.99
0.91
-2.41
0.16
-2.78
1.15
3.51
2.61
-3.38
-1.02
-1.28
-1.26
0.69
1.33
3.6
0.97
3.05
2
-1.55
2.54
-0.96
2.54
1.13
-0.01
-0.99
-0.46
2.79
3.42
-0.36
-0.52
-0.26
3.28
2.03
-0.68
0.44
0.72
3.22
2.49
2.46
2.03
-0.85
0.55
-2.98
3.82
3.44
0.46
-1.39
1.37
0
-1.19
0.24
0.12
-3.82
3.8
0.02
0.42
1.5
0.73
-2.5
3.94
3.9
-1.19
1.48
0.73
3.2
1.59
1.83
-0.46
2.07
-0.41
3.69
