-5
-2.13
-2.51
-1.16
2.42
-0.37
-3.22
0.27
0.43
-2.9
3.23
1.42
-1.59
3.92
1.01
3.38
-2.64
0.17
3.26
-0.73
2.96
-3.69
-0.44
2.28
-1.01
-0.49
-3.66
-2.43
-0.36
-1.78
-2.91
-3.79
-0.53
-1.74
-1.38
-0.37
-1.06
-0.87
2.23
3.64
-0.05
-1.35
3.81
0.61
0.23
3.48
0.58
-3.7
-1.88
2.39
-2.07
3.77
1.65
3.9
1.09
-0.53
2.31
-0.78
3.85
-1.09
-0.72
3.21
-3.37
-1.79
-3.99
3.02
-2.05
-3.86
1.3
-2.62
0.44
2.24
1.94
3.63
3.33
0.3
-3.49
2.96
-1.96
-0.49
2.93
-3.97
3.45
1.26
-3.71
-2.68
-1.43
-0.43
1.18
3.16
1.32
3.72
-0.72
-0.69
0.35
0.74
-1.98
1.59
0.6
1.22
1.53
0.44
-0.99
-3.26
-2.06
-0.3
-2.17
2.03
-3.44
-3.22
-1.05
3.36
-2.82
0.33
-0.01
-0.76
3.76
-0.63
-2.08
2.69
0.45
2.38
