0
-0.1
-1.43
2.22
0.53
-0.06
-1.93
1.89
0.13
-3.97
-0.39
-0.23
0.34
-1.66
1.81
0.71
-2.68
3.01
-3.82
-1.38
3.91
-0.26
3.01
-2.21
2.3
-1.51
-3.41
-1.35
3.2
-0.71
-1
1.68
2.6
-0.18
-1.12
1.96
2.41
2.82
2.13
-0.76
-0.3
1.74
1.59
1.32
1.66
-3.82
-2.64
-2.35
3.48
-2.82
1.24
-3.98
0.99
-2.29
3.05
0.08
0.9
-3.22
3.93
-1.96
-0.65
3.43
2.69
-3.17
1.03
1.94
1.17
-3.49
3.47
3.86
2.3
-1.5
-3.12
0.95
2.93
-1.84
2.15
-2.32
0.13
2.11
-2.88
2.94
-0.82
2.01
2.06
-1.02
-3.31
0.89
0.78
2.8
-2.94
1.62
2.89
0.08
3.89
0.27
3.06
0.76
-3.72
3.73
-0.98
-3.15
-1.81
3.63
-1.11
-1.27
3.15
-3.97
-1.21
0.88
1.93
-0.79
0.65
-2.18
-3.08
0.41
0.25
-3.32
-1.22
-1.95
1.25
-3.72
