-4
1.39
0.06
-0.73
-1.37
3.93
-0.4
-1.14
3.91
-1.88
3.9
-1.62
2.73
3.31
3.68
0.05
-2.68
-0.12
-0.67
2.2
3.31
-1.98
-1.86
-3.33
1.12
-3.74
-1.64
0.26
4
-3.22
-3.17
1.41
-3.62
0.81
1.8
-0.94
-3.35
-0.92
-1.23
1.87
-2.6
3.92
0.6
0.47
-0.92
2.6
0.54
-1.04
3.21
3.42
-2.4
3.81
0.92
1.92
-2.73
4
-1.57
-1.92
0.88
1.23
-2.86
-0.4
-3.79
-1.56
-0.7
-3.97
0.01
1.34
2.67
-1.02
-0.49
-2.53
2.45
-1.88
2.53
2.32
-0.49
-3.2
1.81
1.57
2.23
-2.42
0.08
3.02
3.5
-0.78
-1.68
-3.59
-0.05
-0.21
3.9
-2.9
2.23
0.38
-2.39
-2.92
1.15
-3.15
-1.59
-3.54
2.52
-1.17
-2.81
3.35
3.44
3.44
-0.42
2.67
-2.68
2.13
3.44
-1.66
1.05
3.65
3.07
2.57
-3.18
-1.48
-1.8
0.67
-0.22
2.17
