-10
0.84
-3.47
0.13
-0.84
1.07
-3.76
0.76
-1.95
2.13
0.37
0.88
2.22
-1.66
1.68
-0.22
-2.68
-2.45
1.51
-0.48
1.39
-3.33
-2.05
1.33
0.73
-2.98
0.47
3.7
-3.3
3.6
3.46
-2.67
0.6
-1.17
2.6
-0.88
0.87
1.42
1.27
3.18
-0.07
-3.34
3.71
0.55
-2.55
-1.03
-2.74
3.18
-2.27
-3.51
-1.76
-1.71
-0.68
-2.73
-1.93
-2.13
3.88
-3.86
1.49
0.17
-1.24
-1.97
-3.99
-2.15
3.46
-1.6
-0.25
-2.81
0.93
2.6
-2.25
1.39
-3.19
1.99
-0.95
3.83
-1.37
-2.14
2.01
-1.25
-3.26
-2.99
2.28
-2.36
3.52
1.08
-2.52
-0.68
0.66
-3.82
-3.55
-2.23
-3.49
-1.68
-1.48
-2
0.17
1.01
-2.38
-0.95
-0.97
3.01
3.25
-1.61
2.69
-0.82
-3.29
2.39
-0.94
-3.67
-1.77
-0.69
2.85
-3.59
-3.11
3
-3.32
-1.09
-1.83
2.62
3.09
2.49
