-5
-1.9
0.78
1.26
-1.29
1.44
-1.32
-3.04
2.68
-1.44
1.77
-1.25
1.86
2.57
0.69
1.99
3.37
-0.69
-0.63
-0.63
0.92
2.75
-3.62
1.69
-0.17
1.87
0.36
1.33
0.07
-3.25
-3.41
-3.64
-1.71
-2.37
-2.34
-1.08
-1.52
2.65
3.24
-0.76
3.6
-1.67
0.1
-0.88
1.06
-3.08
-0.45
1.94
2.35
-0.68
3.53
-3.19
2.15
1.89
3.08
2.95
-2.28
1.74
-2.93
-1.98
-0.06
0.21
-3.33
-0.38
0.32
-1.79
-2.55
-1.9
1.68
-3.72
-1.04
1.7
-3.14
-1.63
2.29
2.07
0.67
3.84
-1.24
0.33
2.72
-0.44
-3.77
-3.18
2.69
1.62
-0.42
2.38
-0.79
-1.61
0.56
0.64
-3.05
2.07
3.63
2.66
3.15
-3.35
-2.4
-1.75
0.81
1.57
-0.9
-1.47
-2.92
3.05
-1.98
2.82
3.61
2.43
-2.05
1.14
0.25
0.65
2.96
0.28
2.12
1.98
-1.06
0.44
-2.84
-2.25
