-8
0.84
2.01
1.8
-0.84
-1.8
-3.76
0.76
-3.91
2.13
-2.2
0.88
2.22
2.94
-3.43
-0.22
-1.59
3.13
1.51
-0.48
1.39
-1.88
3.37
-3.14
-0.18
2.37
0.47
3.7
3.71
-0.88
3.94
0.97
3.54
-1.17
1.81
1.35
0.11
-2.71
1.27
3.18
-0.07
3.37
-3.71
0.55
-3.7
-1.73
-2.74
3.18
-3.3
-3.51
-2.97
-1.71
1.15
0.72
-2.37
-2.13
3.88
-3.86
1.49
0.17
-1.24
-1.97
1.39
-3.94
3.46
-3.3
-0.25
2.27
-2.44
2.6
-3.87
-0.38
3.71
3.01
-0.95
3.83
-3.96
-2.14
-1.06
-1.25
-3.26
3.19
0.79
-2.36
3.52
1.08
-2.52
-0.68
-0.45
-3.82
1.06
-1.03
-3.49
0.83
-1.48
-2
-1.93
-2.66
-2.38
0.24
-1.54
3.01
-0.34
-1.08
-1.68
-0.82
3.31
-1.92
-3.88
-3.67
1.2
-3.02
-1.81
-3.59
-3.11
-2.58
1.98
0.18
-1.83
2.62
-2.85
2.03
