0
1.39
0.06
-0.73
-1.37
0.52
-3.05
1.43
-3.14
-1.88
3.9
-2.6
2.73
3.31
3.68
0.05
4
-0.68
-3.96
-3.62
3.31
-1.98
3.15
-3.33
1.12
-3.74
-1.64
0.92
-1.35
-3.22
-3.24
1.22
-3.62
1.35
1.8
-0.94
-1.29
-3.22
-0.22
1.87
-2.6
3.92
0.6
0.47
-0.92
2.6
0.54
1.3
3.21
3.42
-2.4
3.81
0.92
1.92
-2.73
4
-1.57
-1.92
3.46
1.23
-2.86
-0.4
-3.79
-1.56
-0.7
-3.97
0.01
1.34
2.67
-1.02
-0.49
-2.53
1.34
0.34
2.53
-2.64
-0.49
-3.2
1.81
1.57
2.23
-2.42
1.93
3.02
3.5
-0.78
-1.68
0.33
-0.05
-1.51
-2.41
-2.9
2.23
0.38
-3.52
-1.28
-2.22
3.9
0.87
-3.54
2.52
-1.17
-2.81
3.35
3.44
2.59
-0.42
-0.17
-0.11
2.13
0.68
-0.6
-2.57
3.87
-2.47
-3.59
-3.18
-3.03
2.83
0.67
-1.47
-3.44
