-2
-0.22
-3.4
1.15
2.31
-2.6
0.96
0.09
2.67
-3.66
1.22
0.38
1.87
-3.28
0.97
0
-3.64
1.87
-4
-3.63
-3.81
3.87
3.97
-1.98
-3.44
-1.31
-1.67
2.58
-2.82
-3.38
-2.98
1.94
-2.87
1.36
-2.62
1.51
-1.75
1.66
0.87
1.46
2.97
-1.82
-2.48
-0.11
-1.65
-3.81
0.1
-3.28
2.88
3.19
3.08
2.53
-1.53
-3.28
-2.53
3.64
-0.18
0.98
0.69
2.99
-1.61
-1.12
-1.84
3
-0.9
-1.85
-1.83
0.96
3.74
-3.97
0.26
3.76
-0.21
-3.2
3.36
3.61
2.19
3.34
-1.43
-1.66
3.45
2.51
-2.2
-3.88
-1.28
0.91
2.52
0.98
-3.5
-1.06
3.62
2.95
-3.2
-1.07
2.75
-0.18
2.95
3.14
1.3
-2.11
2.77
-1.69
-0.95
3.27
-1.58
-1.81
2.51
-2.51
-1.43
-3.88
3.64
-2.77
-1.6
1.87
0.68
-0.25
-2.93
2.55
1.46
1.16
3.76
-2.22
