-8
3.93
1.99
-2.16
1.79
-1.8
-1.29
3.87
2.23
-3.15
2.42
1.1
-2.32
-1.11
-0.55
-1.52
-1.72
3.64
-0.32
0.97
2.21
-0.4
-1.71
1.66
-1.59
0.24
-3.17
2.34
-1.3
-0.23
1.08
-1.33
-1.11
3.24
1.05
-0.83
2.11
-1.87
0.76
2.42
-3.42
1.67
3.47
-3.35
0.16
-2.24
3.88
2.55
-1.31
0.9
1.9
-0.51
2.99
-2.54
0.31
-1.23
0.22
2.53
3.12
1.31
-1.16
-0.58
3.52
-0.05
-2.2
3.9
-1.01
-0.49
3.86
2.12
1.55
1.13
0.17
-1.18
2.55
-1.23
0.45
3.1
3.45
-1.55
0.59
3.75
-0.56
3.52
-3.36
-2.55
2.95
3.98
2.87
-3.93
3.14
1.72
-3.12
1.54
1.62
1.61
-2.42
0.68
-3.03
0.26
2.39
3.52
0.12
2.3
0.43
2.56
2.58
-1.83
-3.28
2.06
-2.33
3.43
0.55
-0.29
3.3
-1.76
1.86
-4
-3.49
-1.45
3.62
-0.98
