-2
1.39
0.05
-0.73
-1.37
3.93
-0.4
-1.14
3.91
-1.88
3.9
2.3
2.73
-2.72
3.68
2.77
4
-0.12
-0.72
2.2
3.31
-1.98
-3.55
-3.33
1.12
-3.74
-1.64
1.44
-3.93
-3.22
-3.17
1.41
-2.8
0.81
1.8
-0.94
-3.35
-0.92
-1.23
-3.26
-2.6
1.87
0.6
0.47
-0.92
2.6
0.54
3.25
0.12
3.42
-2.4
3.41
0.92
1.92
-2.5
4
-1.57
-1.92
-3.4
1.23
-2.86
2.76
-3.79
-1.56
-0.7
-3.97
0.01
-3.03
2.67
-1.02
-0.49
-2.53
3.75
-1.88
2.53
2.32
-1.85
-3.2
-3.07
-3.76
2.33
-2.42
1.93
3.02
3.5
-0.78
0.1
0.33
-0.05
-0.21
3.9
-2.9
2.23
0.38
-2.39
-1.28
1.15
-3.15
0.87
-3.54
2.52
-1.17
-2.81
1.7
-2.3
3.44
-0.42
-0.17
-0.11
2.13
3.44
-0.6
-2.19
0.67
1.09
-2.2
1.71
1.23
0.3
0.67
-1.47
-0.36
