-7
1.22
-3.95
2.06
-0.75
-3.42
2.45
-2.42
0.97
3.59
3.22
3.57
2.22
-3.91
-3.19
3.64
-2.68
-3.28
-3.8
3.07
1.39
3.2
-0.29
-2.8
0.73
-2.98
-2.8
3.89
-2.3
0.25
-0.7
-2.67
3.25
3.11
-0.22
-2.13
0.87
-1.21
-3.62
3.9
1.29
3.84
3.71
-0.19
-3.05
3.78
-2.74
-3.82
2.79
-3.51
-3.32
-1.02
-0.68
-3.64
2.36
0.13
-1.1
-3.86
-0.82
0.17
-2.82
-2.98
0.68
1.97
-2.99
-1.6
-0.25
-2.81
3.39
2.6
-3.75
0.18
1.33
-1.2
3.83
3.01
1.35
1.56
-0.36
2.86
1.27
-2.59
0.79
0.81
3.52
0.73
-1.13
-3.09
2.15
2.22
2.95
0.34
-3.2
-2.91
-3.89
-2
3.43
-1.6
-2.38
-0.29
-2.64
-1.95
1.3
-3.82
2.69
1.22
-1.84
1
3.61
3.52
-0.47
1.1
3.58
2.26
0.91
-1.21
-3.33
-0.79
-1.83
0.41
2.12
2.39
