-9
0.12
-3.11
3.13
1.61
1.6
0.9
0.15
1.17
-2.55
-3.07
2.95
-0.14
2.67
-3.6
1.48
-0.28
-3.05
3.21
-1.54
1.71
1.1
2.92
2.17
-3.3
-1.2
-3.11
3.08
-0.35
-0.84
2.03
-3.72
-0.06
0.19
0.16
-1.09
3.83
2.63
3.23
3.06
-2.98
1.48
2.44
1.86
-0.67
-1.43
-3.04
-2.98
-2.19
-3.43
3.48
-0.41
0.52
-2.24
3.59
-3.99
0.17
2.64
2.42
0.82
3.57
1.64
-2.02
-2
0.73
-0.69
-3.38
-2.75
-0.93
-0.34
-0.24
0.08
-2.9
-2.64
-2.88
-0.25
-3.48
1.85
-3.36
2.38
3.45
0.36
1.41
-2.55
1.42
1.46
-2.29
-2.96
-3.96
1.92
-2.28
2.38
3.14
-0.48
0.97
2.35
3.53
2.14
2.94
-0.03
3.32
-2.65
3.96
2.38
-2.56
-0.04
1.87
0.03
-2.78
1.92
-3.92
0.1
3.97
3.99
3.3
-3.94
-2.15
-2.27
-0.87
-2.06
0.32
0.95
