-10
-1.36
3.44
2.81
-3.53
-2.6
1.97
-0.05
3.69
-3.66
-0.67
-3.95
-2.35
-0.79
2.08
-3.09
-0.12
-0.82
-4
1.58
-1.58
-2.04
0.3
-0.37
3.85
-0.32
0.65
2.35
-3.95
0.13
-1.24
1.94
1.7
0.34
-1.43
3.6
2.5
1.66
0.37
1.94
2.97
-1.69
2.6
-3.38
-1.65
2.83
1.95
2.66
2.88
3.41
3.08
-0.08
-1.53
2.81
2.3
3.64
0.31
-1.6
2.94
3.65
-1.61
3.32
1.54
-3.6
-1.94
1.39
1.82
-1.87
-0.8
-0.68
3.51
-3.39
-0.45
-3.2
2.62
0.93
-2.27
-2.83
-1.43
-3.58
3.45
3.33
-1.42
-3.88
-0.66
0.91
1.32
3.81
3.23
-0.73
3.62
0.82
-3.2
-1.91
0
-1.03
1.32
3.14
3.57
0.75
3.52
-2.25
2.92
2.75
-2.28
2.47
-1.71
0.97
0.4
1.93
3.64
-2.05
-1.13
-3.61
-2.09
-1.25
1.21
2.55
0.28
-1.54
-2.7
-2.22
