-3
0.8
0.58
-4
0.72
1.44
-2.69
-3.04
-1.45
-1.44
0.44
-1.89
-0.24
-3.5
-0.64
1.99
3.37
-3.13
-1.44
-1.13
-1.76
2.92
0
2.6
2.41
-2.57
-1.74
-0.19
0.07
0.65
3.52
-3.64
-1.71
-2.37
-0.2
-0.53
-1.14
1.36
3.61
-0.76
-0.47
0.77
1.91
-0.88
-2.36
-1.07
-0.45
-1.24
-1.9
3.57
-3.84
3.77
0.12
-1.77
3.08
-1.85
-0.51
2.82
-2.62
-1.98
-0.38
0.21
3.4
-2.2
-2.31
0.74
-2.55
-1.9
-2.52
-3.96
-3.24
-1.59
1.84
-3.33
-1.15
-0.11
0.67
-2.33
3.29
0.33
2.47
3.28
2.44
2.48
2.25
1.62
-0.42
2.38
-0.79
-1.61
3.17
-0.36
-3.05
-1.16
1.14
2.66
-1.08
-3.89
-2.4
-2.61
0.81
-2.83
-3.74
-1.57
0.56
3.05
-2
2.87
3.61
-0.76
-2.05
1.14
-1.42
0.65
-2.37
2.04
-0.76
1.98
0.45
-0.51
-3.18
-2.75
