-1
3.93
1.99
-2.27
-3.98
-1.26
-3.35
1.21
-3.98
-3.15
-1.43
1.1
-2.32
-1.11
-0.6
1.07
-1.51
1.3
-2.05
-1.48
-0.2
3.51
-3.68
2.38
0.83
1.9
2.64
2.34
3.89
-0.23
-2.33
1.91
-1.11
-0.12
1.05
-2.66
-3.97
-1.18
3.73
1.04
3.8
-1.87
-3.17
-0.56
0.16
-0.84
-3.18
-1.41
1.09
-0.51
4
-0.38
2.99
-2.54
-1.81
-3.55
0.22
2.53
2.54
1.27
-1.16
-0.58
-2.71
-0.59
1.37
-2.77
-1.16
-3.24
3.86
2.12
1.55
1.13
-3.55
-1.18
-3.73
1.18
-0.34
3.1
-2.5
-3.73
-0.21
1.73
-2.76
-1.44
1.91
-1.2
0.44
-3.45
1.09
0.17
-3.21
-1.79
-3.12
1.91
3.19
-1.13
1.29
0.11
2.95
0.26
2.8
-3.93
-0.71
2.98
3
-3.23
1.87
0.77
0.39
-1.25
-2.33
-3.71
-1.62
-1.86
0.81
-2.9
-2.5
-4
-3.49
-1.45
-1.17
0.24
