-4
-1.23
-2
-1.71
3.01
-0.08
-1.5
-2.95
1.95
-3.16
3.34
-2.24
-2.51
-2.15
2.17
3.24
-2.1
0.19
3.66
-3.17
-1.69
0.48
-2.77
1.81
-2.55
2.2
-3.82
-3.19
3.62
-2.19
-1
-0.46
0.97
-0.93
-1.48
-2.37
2.86
-0.87
-3.03
-3.68
-1.83
-1.99
1.62
3.96
0.72
1.45
-1.04
-3.41
-2.09
-0.09
1.15
0.46
0.31
0.9
-1.61
1.39
-3.91
-2.29
3.92
-2.51
2.77
3.28
-2.62
0.97
-1.06
-2.08
2.12
3.31
0.31
0.88
-1.14
2.65
-2.6
3.34
1.07
1.79
-0.23
0.82
2.87
3.41
2.1
1.69
2.28
2.8
-2.99
-3.78
-2.59
1.47
3.18
0.87
-0.3
-3.83
1.52
-3.21
-3.36
-3.19
-3.5
3.26
-0.76
1.35
2.62
-0.89
0.75
-1.13
-0.31
0.01
0.43
-0.38
-1.78
1.04
2.52
2.44
1.83
-3
0.93
0.64
0.49
0.49
3.83
3.11
3.34
3.97
