-5
-1.9
0.78
-3.73
0.72
1.44
-1.32
-3.04
-3.27
-1.44
-3.31
-1.89
1.86
0.53
0.69
1.99
3.37
-0.69
2.32
2.38
0.92
2.75
-3.62
1.69
-0.17
1.87
-1.74
0.46
0.07
-3.25
-3.41
-3.64
-1.71
-2.37
-2.12
-1.08
-1.52
2.06
3.24
-0.76
-0.94
-1.67
0.1
-0.88
1.06
-1.92
-0.45
1.94
2.35
-0.68
3.53
3.77
2.15
1.89
3.08
2.95
-2.28
1.74
-2.93
3.11
-0.06
0.21
-2.84
-2.2
0.32
2.29
1.85
-1.9
1.68
-3.49
-1.93
1.7
-0.72
-1.63
-0.03
-1.66
1.41
3.84
-1.24
0.33
2.72
-0.44
-3.77
-3.18
2.69
2.9
-0.42
2.38
-0.79
-3.59
0.56
0.64
-3.05
2.07
0.54
2.66
2.26
-2.26
-2.4
-0.91
-0.88
1.57
-0.9
-1.47
-2.92
0.8
-1.98
2.82
-3.37
2.43
-2.05
1.14
0.25
-2.75
1.78
0.28
2.12
1.98
-1.06
-0.51
-2.84
-2.25
