-10
3.79
1.71
-1.38
-3.89
3.04
3.17
-0.62
2.2
0.23
-0.92
0.43
2.38
0.62
3.62
-1.73
-3.97
0.66
1.62
-3.63
-1.6
1.46
2.2
-3.33
-2.26
1.18
1.72
-3
-3.36
2.62
0.83
-2.94
3.18
0.04
-3.63
-3.65
-2.93
0.35
-0.48
-2.26
-0.83
1.84
-1.66
2.55
-0.53
-0.94
-3.95
0.06
-2.97
-2.94
-1.55
2.14
-1.59
-2.38
2.29
-1.31
1.15
2.93
1.73
0.29
-1.02
-1.28
-1.26
0.69
1.33
3.6
0.97
1.45
-0.66
2.1
2.63
-0.96
2.54
-1.59
1.2
-3.67
0.97
2.79
-3.01
1.48
1.19
-0.26
-2.36
3.96
-0.68
2.59
0.72
1.96
1.37
-2.41
0.26
2.78
-1.64
1.63
3.82
1.65
0.46
-1.43
1.29
0.93
-1.19
0.24
-0.72
2.96
1.43
0.02
-0.74
0.84
0.73
1.99
1.72
2.56
-1.93
0.63
0.73
3.2
0.49
-4
1.8
2.65
-0.41
3.69
