-3
0.8
3.64
1.26
-1.29
-2.94
-2.1
1.72
-1.19
-3.08
-1.19
-1.89
2.47
0.06
0.69
-3.64
3.37
-3.42
-1.44
-1.13
-0.14
2.75
2.11
-0.59
2.41
-0.4
3.22
-0.95
2.31
0.65
-3.41
-3.64
-3.76
-1.02
-2.34
1.98
-1.52
2.06
2.74
2.14
1.7
3.87
0.1
-0.07
-2.58
-1.07
-0.45
-1.24
-0.76
3.57
-3.91
3.77
2.15
-2.04
3.06
2.95
-2.28
2.82
3.66
2.88
-0.38
0.21
3.42
-0.38
0.32
2.29
-1.25
-1.9
-3.63
-3.72
-3.24
-2.2
3.24
-1.63
-0.03
-0.11
3.46
-2.33
3.92
2.79
2.47
0.46
-3.77
-1.11
2.25
2.9
-1.15
2.38
-1.75
-1.61
3.17
0.64
-3.05
2.07
0.54
-1.38
-1.08
-2.26
-2.4
-1.75
0.81
-3.58
-0.9
3.86
-2.92
3.56
-1.65
1.69
3.61
2.43
0.12
1.14
0.25
3.25
1.78
2.04
2.12
1.98
1.15
0.44
-2.84
-1.95
