0
-1.36
2.78
-1
0.02
-3.57
1.97
0.92
0.48
-0.2
-0.74
-0.07
2.92
3.7
0.11
2.03
-0.12
-0.82
-4
-1.22
-3.81
-0.22
1.06
3.8
3.85
-0.32
-1.81
0.15
-3.57
3.08
-1.98
0.34
3.86
-0.68
-1.43
1.51
2.5
1.66
-2.45
1.94
2.97
-1.69
-2.48
3.27
-1.65
-1.52
1.95
3.68
2.88
3.19
3.43
-2.03
-1.53
2.81
2.3
-2.93
0.31
-1.6
-3.91
1.22
0.85
-1.12
1.54
3
0.91
1.39
-0.86
-1.87
3.74
-3.79
-3.39
3.76
-0.21
-3.01
2.62
0.93
2.19
3.13
-1.67
-2.99
1.69
3.33
-1.42
-3.88
-0.76
0.91
-0.35
0.98
3.23
-1.06
3.62
0.82
3.84
-0.42
2.75
-0.18
1.32
3.14
3.57
-2.11
2.77
-2.25
2.92
-0.43
-1.58
2.47
1.46
-2.51
-3.56
-3.05
3.64
0.22
-1.6
1.87
-2.09
-0.25
0.47
2.55
0.28
1.16
-3.58
1.97
