-5
-3.44
-3.95
-0.43
-0.84
-3.42
-0.94
1.38
0.97
2.13
-0.26
0.88
2.22
-2.66
0.87
-0.22
-0.36
-3.28
0.48
1.12
1.39
-0.56
-0.29
0.56
0.73
2.99
0.47
3.7
-2.3
1.14
3.46
2.96
-1.86
3.98
3.56
-2.13
0.87
-1.21
1.66
-1.2
-0.63
3.84
2.25
2.36
-2.55
3.78
-1.39
-3.82
2.79
-3.51
-3.32
-2.49
2.36
0.58
2.36
-2.17
-1.1
-3.86
1.49
0.17
-1.24
-1.97
0.68
-0.72
-2.78
-1.6
1.42
-2.81
-2.44
2.6
0.78
-0.97
1.33
-1.2
3.83
3.83
0.81
-3.13
-0.12
2.86
-3.26
-2.59
0.79
0.81
-0.43
-0.27
0.23
-0.68
-0.45
-3.82
-3.55
-2.23
-3.74
-2.91
-2.57
1.39
3.43
1.01
-2.38
-2.75
1.31
-1.95
1.3
-0.4
3.01
1.22
-0.42
2.39
-0.94
3.52
-3.54
-0.69
3.09
2.26
-0.11
-1.21
2.87
-1.09
-1.15
2.62
3.09
-3.58
