-2
1.43
-3.4
-1
0.02
-0.23
0.96
0.09
0.48
-0.2
-0.74
0.38
0.69
-3.84
-0.68
0
-0.91
1.87
-4
0.81
3.25
3.87
3.97
-0.37
-3.44
-3.49
-3.05
2.58
-0.11
-1.45
-2.98
-3.71
1.7
-0.68
-2.62
1.51
-1.75
1.66
0.87
1.94
2.9
-1.82
-2.48
-3.38
-1.65
-3.81
1.95
3.68
2.88
-2.95
3.08
2.53
-1.53
-3.28
2.3
3.64
-0.05
-1.6
-3.91
-3.98
-1.61
2.54
-1.84
-1.47
-0.9
-1.85
-1.06
0.96
3.74
-0.68
0.26
-2.54
-0.45
-2.55
2.62
1.34
2.19
3.34
-1.43
-3.07
3.45
2.51
-1.22
-3.88
-1.28
-0.09
1.32
0.98
3.89
-1.06
3.39
2.95
-3.76
1.23
2.75
-0.18
2.95
3.14
1.3
-2.11
2.77
-1.69
-0.95
3.27
-1.58
2.47
2.51
-2.51
-0.16
-3.88
3.64
-2.77
-1.6
1.87
0.68
-1.76
-2.93
2.55
1.46
1.16
3.76
-2.22
