-9
-2.76
3.77
-1.38
-3.89
1
3.17
-0.62
2.2
-3.54
2.64
-1.84
2.38
0.62
3.62
1.17
-3.97
0.66
-2.04
-3.63
-1.6
1.46
2.2
-3.33
-2.26
1.18
1.72
1.73
-3.36
2.62
-2.56
-2.94
3.18
2.98
-2.49
-3.65
-2.93
0.35
-0.93
0.1
-0.83
3.85
-1.66
2.69
0.84
0.33
-0.68
-0.51
-2.97
-3.31
3.17
2.14
-1.59
-2.38
-2.79
-1.31
1.15
2.93
1.73
0.29
-1.02
-1.28
-1.26
-2.88
-1.47
3.6
0.97
1.13
-0.66
-2.81
2.63
3.68
2.54
3.99
1.2
-3.67
0.97
2.79
-3.01
1.48
1.19
-0.26
-2.36
3.96
2.98
2.59
2.15
1.96
1.37
-2.41
-2.97
-2.05
-1.66
1.63
3.82
3.44
0.46
-1.43
-2.43
0.93
-1.19
-0.79
-0.72
2.96
-0.98
2.31
2.36
-3.51
0.73
1.99
3.94
2.56
-1.35
-0.85
3.04
3.2
0.49
-4
-0.46
2.65
-3.94
3.69
