-3
-1.28
0.45
-2.79
-2.37
-1.65
-0.42
-2.95
1.95
-2.2
1.22
0.31
1.35
2.83
-0.75
-1.75
3.2
0.92
2.37
-2.09
-1.69
-2.53
0.36
-2.6
2.36
2.48
-3.13
3.42
3.62
-2.19
-1
-0.85
0.42
-0.93
-0.95
-0.2
0.37
-1.42
1.11
-3.58
-1.59
-3.94
-0.1
1.05
-0.38
1.16
-1.37
-3.41
-1.99
-1.64
1.15
-2.38
3.07
1.96
-1.94
3.47
-1.44
2.69
3.92
1.72
0.27
3.28
-2.33
1.03
-0.75
-2.08
1.54
-3.39
-1.15
1.3
-1.14
2.65
-2.6
0.02
-0.1
2.42
0.14
-2.72
-2.91
1.68
-0.73
-0.17
-3.04
2.8
2.04
0.26
0.47
1.49
1.38
1.7
3.34
-3.83
1.41
4
-2.69
-1.97
-0.87
3.26
3.49
1.35
-3.84
-2.01
0.16
-1.13
1.15
0.01
-2.25
-1.73
-0.35
1.04
2.52
3.35
1.78
0.48
-0.12
-3.32
0.49
1.61
-3.15
2.05
3.62
-0.25
