-5
-1.9
3.29
1.26
-1.29
-2.47
-2.1
1.72
2.68
-1.44
1.77
-1.25
1.86
-1.81
0.69
-2.2
3.37
-3.42
-0.63
2.38
0.92
2.75
2.11
1.69
-0.17
-2.57
0.36
-0.95
0.07
-1.18
3.52
-3.64
-1.71
-1.02
-2.12
-1.08
-1.52
2.65
3.24
-2.58
3.6
-1.67
0.1
-0.88
-2.58
-3.08
-2.36
0.94
-0.76
2.63
3.53
3.77
2.15
1.89
3.08
2.95
-2.28
1.74
1.68
-1.98
-0.38
0.21
-2.84
-0.38
0.32
-1.79
-2.55
1.68
1.68
-3.72
-1.93
-2.2
-0.82
-2.5
2.29
-1.66
0.69
3.84
-1.24
0.33
2.72
0.46
-3.77
-1.11
2.69
1.62
-0.42
2.38
-0.79
-2.45
0.26
0.64
1.11
2.07
3.63
-1.38
-1.08
-0.33
-3.69
-1.75
0.81
1.57
-0.9
-1.47
-2.92
3.56
-1.98
2.87
-3.37
2.43
-2.05
-0.93
0.25
0.65
3.28
0.28
0.05
1.98
-1.06
-0.51
-2.84
-2.25
