-4
1.72
-1.33
0.12
-1.39
-2.92
-0.12
1.86
0.53
-2.88
3.31
1.18
-1.72
-0.46
-0.53
1.14
-1.49
-1.31
1.75
-1.22
-1.14
-1.81
1.05
1.8
0.24
3.3
0.76
3.68
3.86
-2.28
2.5
0.24
-3.45
2.02
0.34
-3.88
-2.69
-1.96
-1.89
-2.67
1.42
3
-0.31
2.25
0.34
0.59
-2.58
-0.39
-1.38
-1.7
-3.4
1.03
0.59
-1.31
-3.72
-1.78
-3.34
0.87
3.89
-0.69
0.33
0.2
2.01
-1.2
-1.38
-0.93
0.63
0.27
3.2
-0.65
-0.18
-3.53
-3.43
0.41
1.37
-0.13
2.5
2.81
-2.55
3.65
1.87
-2.86
1.05
1.55
-2.88
-2.53
3.66
1.87
1.73
-1.88
3.46
0.44
-1.85
2.8
1.01
-2.79
-3.01
-3.12
-0.38
-2.73
3.97
1.16
0.41
3.28
2.48
-3.88
0.45
-3.83
1.32
0.42
-0.28
-2.15
-0.58
-3.76
1.45
-0.82
3.16
-3.55
-2.32
-2.86
-0.58
2.76
