-3
-3.19
1.06
3.86
-1.98
-1.94
2.98
0.15
3.79
3.08
-0.05
2.8
-3.15
-2.32
1.06
-0.45
-3.31
1.02
-3.45
-1.54
1.71
1.1
-2.35
-3.69
0.21
0.16
1.33
1.37
1.46
-0.84
0.77
-0.86
-0.06
0.19
0.16
-1.09
-2.38
-2.12
3.23
-3.73
-2.98
-2.97
-3.87
-1.6
-0.47
0.84
2.94
2.82
-2.19
-3.43
0.92
-3.95
-3.06
3.72
1.28
-2.63
-0.24
-0.23
0.96
-1.79
-4
3.27
-0.55
-2
0.73
2.28
1.22
-2.75
-3.7
1.87
-3.57
-2.43
-1.09
-3.49
3.13
3.8
-0.51
-3.34
-0.2
1.95
3.45
0.36
0.48
3.17
-3.22
1.46
0.42
0.2
3.28
-0.84
-2.83
3.71
3.14
-3.08
-3.6
1.62
-1.37
2.14
3.84
-0.03
3.84
-2.65
3.96
2.23
2.02
-3.63
-3.83
-0.4
0.25
3.37
-3.2
-2.34
-2.65
2.09
1.87
-0.43
-0.24
2.57
-3.78
0.3
-2.54
-3
