-6
1.39
0.06
-0.73
-1.37
2.81
-0.4
3.76
3.91
-1.88
3.9
-3.24
2.73
-2.72
3.68
2.77
4
-0.12
-0.72
2.2
3.31
-1.98
-1.86
-3.33
1.12
-3.74
1.67
-1.92
4
0.8
-3.17
3.89
-1.01
-2.68
1.8
-0.94
-3.35
-0.92
-1.23
1.87
-2.6
1.87
0.6
0.47
-0.92
3.37
0.54
3.25
0.12
3.42
-2.4
3.41
0.92
1.92
-2.5
4
-1.57
-1.92
-2.92
1.23
-2.86
2.76
-3.79
-1.56
-0.7
-3.97
0.01
-3.03
2.67
-1.02
-0.49
-2.53
3.75
1.47
2.53
2.32
-1.85
-3.2
-3.07
-3.76
1.38
-2.42
1.93
3.02
3.5
-0.78
0.1
-3.75
1.31
-0.21
3.9
-2.9
2.23
0.38
-2.39
-1.28
1.15
-3.15
0.87
-3.54
2.52
-1.17
-2.81
1.57
-0.73
3.44
-0.42
-0.17
1.11
2.13
3.44
-0.6
1.05
3.58
1.09
-2.2
1.71
-1.48
0.3
0.67
-0.22
-0.36
