-1
-2.76
0.99
-1.38
-3.89
3.04
3.65
0.56
-1.6
-3.54
2.64
-1.84
2.38
0.27
3.62
-1.52
-3.97
3.99
1.62
-2.06
-1.45
1.46
2.2
-3.33
-2.26
1.18
1.72
-3
-3.36
2.14
-2.56
0.62
3.18
2.98
3.3
-3.65
-2.93
0.35
-0.48
0.1
-0.83
1.84
2.83
2.55
-0.53
-0.94
-0.68
2.11
-2.97
-2.94
3.17
-2.99
1.45
-3.38
2.29
-1.31
1.15
-1.06
0.98
0.29
-0.41
-1.28
-1.26
0.69
1.33
1
0.97
3.05
-2.48
2.1
2.63
-2.75
2.54
-1.59
-0.01
-3.67
0.97
2.79
-3.01
-3.69
1.19
-2.47
3.28
2.03
2.98
2.59
0.72
2.75
2.49
2.46
-2.97
2.78
-1.66
3.6
3.82
3.44
0.46
-1.43
1.37
0.93
-1.19
0.24
-0.72
2.96
-0.98
0.02
2.36
0.42
0.73
1.99
3.94
-1.13
3.24
0.63
0.73
3.2
-3.82
-4
1.8
2.65
-0.41
3.69
