-6
-1.05
1.06
3.86
-1.98
0.9
-0.2
0.15
1.17
3.08
-0.05
2.95
-3.15
-2.32
1.06
2.02
-3.72
-3.05
-0.5
-1.54
0.47
-1.74
-2.42
2.17
0.21
-1.88
1.33
1.37
-0.42
-0.84
2.03
-3.64
-2.39
0.61
0.16
3.19
-2.38
-2.12
3.23
-3.73
0.94
2.35
-3.87
3.44
-0.47
0.84
2.94
-3.02
-2.71
-1.05
0.29
-3.95
-3.41
3.72
1.53
-2.63
2.04
-1.83
0.96
-3.57
-4
3.22
-0.55
-2
0.38
2.28
1.22
-2.75
-3.7
1.87
-3.57
-2.43
-1.09
0.56
3.13
-3.35
-0.51
-3.21
1.36
1.95
3.77
0.36
3.59
3.17
-3.22
1.55
-2.04
0.2
3.28
-0.84
0.27
-2.53
1.25
-3.08
0.82
1.62
-1.37
1.22
0.12
-0.03
3.84
-2.65
3.96
-3.16
-2.04
0.37
-3.83
-1.57
0.25
3.37
0.69
-2.34
-2.65
-2.6
-3.27
-0.43
-0.24
2.57
-3.78
-0.87
1.71
-3
