-5
-1.9
3.29
1.26
-1.29
1.44
-1.32
1.72
3.96
-1.44
1.77
-1.89
1.86
2.57
0.69
1.99
3.37
0.87
-0.63
-1.13
-3.97
2.75
-3.62
1.69
-0.17
-2.57
0.36
-0.95
0.07
-1.18
-3.41
-3.64
-1.71
-2.37
-2.12
-1.08
-1.52
2.06
3.24
-0.76
1.7
-1.67
0.1
-2.78
1.06
-3.08
-0.45
1.94
0.55
-0.68
2.02
-3.19
-3.17
1.89
3.08
2.95
-2.28
3.57
-2.93
-1.98
-0.06
0.21
-2.24
-2.2
0.32
-2.96
1.85
-1.9
-3.63
-3.49
-1.04
-2.2
-0.72
-1.63
2.29
2.22
0.67
3.84
-1.24
0.33
2.72
-0.44
-3.77
-3.18
2.69
1.62
1.03
-2.96
1.95
-2.45
0.56
0.64
1.11
2.07
3.63
2.66
2.26
1.6
-3.69
-1.75
-0.88
1.57
-0.9
-1.47
-2.92
0.8
-1.98
2.82
3.71
2.43
-2.05
1.14
0.25
0.65
1.78
-0.66
2.12
1.98
-1.06
0.44
-2.84
-2.25
