-2
-0.22
-3.4
1.15
2.31
-1.18
0.96
0.09
2.67
-0.2
1.22
0.38
0.69
-3.84
0.97
2.25
-0.91
1.87
-4
-3.63
3.25
3.87
3.97
-0.37
-3.44
-1.31
-1.67
2.58
-2.82
-3.38
-2.98
1.94
-2.87
1.36
-2.62
1.51
2.5
0.56
0.87
1.94
2.9
-1.82
-1.79
-0.11
-0.93
-3.81
0.1
-3.28
2.88
-2.95
3.08
2.53
-1.53
-3.28
2.3
3.64
-0.05
0.98
-3.91
-2.19
-1.61
-1.12
-1.84
3
-0.9
3.68
-2.33
3.11
3.74
-3.97
0.26
3.76
-0.21
-3.2
1.41
1.34
-3.56
3.34
-1.32
2.53
3.45
2.51
-2.2
-3.88
-1.28
-0.09
1.32
0.98
3.23
1.55
-3.67
1.7
-3.2
0.2
2.75
-0.82
2.95
3.14
1.89
-2.11
2.77
2.04
-0.95
3.27
-1.58
-1.81
2.51
-2.51
1.72
0.25
-3.57
1.79
-1.6
-2.09
0.68
-1.76
-2.93
0.25
1.46
1.16
3.76
-2.22
