-8
1.71
1.99
-2.16
-2.3
-1.8
-2.13
-3.57
2.23
-3.15
2.42
-3.92
-2.32
-1.11
-0.55
-1.52
-1.72
3.64
-0.32
2.09
2.21
1.09
0.7
1.66
-1.24
0.24
1.03
2.34
-1.3
-0.67
1.08
-0.58
0.59
3.24
1.05
-0.32
2.11
-1.87
0.76
2.42
2.51
1.67
3.47
-3.35
0.16
-2.24
3.88
2.55
-1.31
0.9
1.9
2.86
2.99
-2.54
0.31
0.85
0.22
2.53
0.78
0.18
-1.16
-2.71
3.52
-0.05
2.93
1.32
-1.01
-0.49
3.86
2.12
-3.64
0.36
0.17
-1.18
2.12
-1.23
0.45
-3.07
-1.27
-1.55
-0.21
0.48
-3.99
3.52
-3.36
-2.55
2.95
3.98
2.87
-3.93
3.14
1.72
-1.41
1.54
1.62
1.61
-2.42
0.68
-3.03
0.26
2.39
3.52
0.12
2.3
0.43
-3.23
1.87
-1.83
0.39
2.06
-2.33
3.43
-1.62
-0.29
3.3
-2.94
-2.5
-4
-3.49
-1.45
3.62
0.24
