-10
-0.22
-3.13
-2.66
2.31
-2.6
0.49
-2.24
-2.54
-0.2
1.22
-3.95
1.46
-1.88
2.44
-3.19
-0.91
-0.82
0.01
1.33
3.25
-2.04
3.97
-1.98
-1.47
-1.31
0.13
-2.85
-2.27
-2.23
2.86
0.34
1.99
-1.56
-2.62
-1.22
2.5
1.74
3.31
-3.23
-2.29
-1.69
-2.48
-3.38
2.04
-3.81
0.1
0.81
1.91
3.24
3.83
2.53
0.76
-3.28
-0.78
3.02
-0.18
-3.22
-2.72
3.65
1.28
2.54
-1.84
3
-1.26
-1.85
-1.06
0.96
-0.8
1.38
3.75
1.75
0.29
-3.2
1.41
0.93
0.93
3.34
-0.02
-1.66
3.45
3.33
-1.42
-1.74
-1.28
-1.83
3.59
3.81
3.23
-0.73
3.39
1.7
0.05
-1.91
2.94
-1.03
-3.86
2.36
3.02
-1.81
2.14
-1.74
-1.73
-3.9
-1.33
2.47
-3.79
-2.33
-1.43
-0.38
2.58
0.48
-1.13
0.08
-3.8
2.36
0.84
2.55
0.28
-1.54
-2.7
-1.75
