-2
-0.51
-1.16
-0.27
-1.98
3.39
-0.42
-1.06
-0.87
1.05
3.34
-2.24
1.18
1.32
3.15
1.8
0.09
0.19
0.77
-2.09
-1.38
-2.53
0.36
1.55
0.33
2.24
-3.82
-3.19
-0.67
-2.19
0.6
-0.46
0.97
-0.93
-0.95
2.85
-3.78
1.06
-1.21
2.48
-1.59
-1.25
-0.84
1.05
3.58
1.45
-1.04
2.63
-2.09
-1.64
1.15
-1.64
1.75
1.96
-3.69
3.47
0.72
1.28
-3.8
-2.33
2.77
-3.63
-0.75
0.97
-0.75
-0.83
1.54
-3.39
-1.15
-0.84
1.21
2.65
-2.6
-3.34
-0.05
-3.4
-0.67
2.44
3.45
0.45
3.45
1.69
-3.2
2.8
-2.99
-1.76
0.47
3.02
3.18
2.22
-1.88
-1.06
-1.08
-3.74
-1.3
1.16
-0.87
3.26
-1.02
-1.68
3.92
-2.01
-3.69
2.76
1.15
-0.55
-1.54
1.08
-0.35
0.55
0.13
2.44
1.83
-3
0.93
-2.93
-3.96
2.68
-2.51
-3.3
-2
2.52
