-4
0.12
3.14
0.39
1.61
-1.94
1.57
-3.1
3.79
-2.11
-2.58
2.95
0.47
2.75
1.06
3.61
1.89
1.02
-3.45
-2.7
1.71
1.1
0.58
-0.63
0.21
1.61
0.65
1.37
-0.35
2.25
3.68
-0.86
2.59
2.52
-0.32
-2.33
3.83
2.63
-0.24
-0.53
3.28
1.48
2.89
1.86
0.38
-1.88
2.94
-3.02
-1.9
-3.43
0.9
-3.23
-3.06
3.72
3.59
3.88
0.17
-0.23
0.96
-3.53
3.09
3.22
-0.55
1.47
-1.85
0.97
1.22
-2.49
-0.93
-0.34
3.79
-3.54
-1.77
1.58
3.13
-3.78
-0.51
-3.21
-0.2
1.95
2.68
0.36
1.65
-2.55
1.42
-1.36
-0.5
-2.96
3.28
-0.84
-0.98
1.98
1.25
-0.48
-0.22
-1.28
1.09
0.83
2.71
-2.72
-2.1
-2.65
1.22
2.45
3.68
-0.04
1.87
-2.42
1.69
3.37
0.39
-2.34
3.97
2.09
-0.9
-0.43
-0.24
2.93
-3.78
-0.16
-2.54
0.18
