-2
-2.88
0.05
-1.87
-2.38
2.81
2.06
2.75
-3.37
-0.02
-0.55
-2.43
-3.21
-2.72
2.05
2.36
-2.36
-0.12
1.77
0.09
-1.26
2.23
-1.86
3.13
1.12
0.4
-1.13
-2.47
1.11
0.46
-0.7
2.78
-1.01
-2.61
-0.22
-0.94
3.85
-0.96
-1.23
-1.23
1.18
-3.91
-0.09
-1.05
-0.92
3.37
-1.72
-0.36
-1.97
-0.39
-1.19
1.62
1.26
1.92
-1.31
3.06
0.36
-0.62
-2.92
1.23
-2.86
0.52
-2.37
3.54
-3.23
-2.83
-1.86
1.34
-0.19
-1.02
3.34
-2.78
-1.96
-2.96
2.53
0.92
3.13
1.17
1.7
-1.22
-1.89
2.8
1.93
0.46
3.5
-0.78
1.4
3.36
-0.05
-3.88
3.9
2.77
-0.96
0.61
-1.49
-2.47
-0.73
0.36
3.4
-2.19
2.56
-2.39
-0.57
1.57
2.66
0.18
-2.31
-0.86
1.11
0.59
1.69
-3.67
1.05
1.2
-3.24
2.84
2.02
1.38
-3.96
2.92
-0.22
-1.31
