-8
1.71
1.99
-2.16
-2.3
-1.8
-2.13
3.87
2.23
-3.15
2.42
1.1
-2.32
-1.11
-0.55
-3.01
-3.92
3.64
-0.32
-1.48
2.21
1.09
0.7
1.66
-1.59
0.24
2.64
2.34
-1.3
-0.67
0.77
-1.33
0.59
3.24
1.05
-0.32
2.11
-1.87
0.76
2.42
2.51
1.67
-3.81
-3.35
-3.37
-0.84
3.88
3.45
-1.31
0.9
1.9
2.86
2.99
-2.54
0.31
0.85
0.22
2.53
0.78
1.27
0.05
-0.58
-3.49
-0.05
2.93
1.32
-3.98
-0.49
3.86
2.12
-2.22
1.13
0.17
-1.18
2.12
-1.23
0.45
-3.07
3.45
-1.55
-0.85
0.48
-3.99
3.52
-3.36
-2.55
0.44
3.98
-2.32
-3.93
3.14
-1.79
-0.2
1.54
-1.81
1.61
-2.42
0.68
-3.03
0.26
2.39
3.97
0.12
2.3
0.43
2.56
1.87
-1.83
0.39
2.06
-2.33
-2.54
-1.62
-1.86
0.81
-2.94
-2.5
-4
-3.49
-1.45
3.62
-0.98
