-10
3.79
0.99
-1.38
-3.89
3.04
3.17
0.56
-1.6
-3.54
2.64
-1.84
2.38
0.27
3.62
-1.73
-3.97
3.99
-2.04
-3.63
-1.45
1.46
2.09
-3.33
-2.26
-3.7
1.72
1.73
-3.36
2.62
0.83
-2.94
3.18
2.98
3.3
-3.65
-2.93
0.35
3.77
0.1
-0.83
3.85
-2.7
2.55
-0.53
-0.94
-0.68
-0.51
-2.97
-3.31
3.17
-2.99
-1.59
1.84
-2.79
-1.31
1.15
2.93
0.83
0.29
-0.41
-1.28
-1.26
0.69
1.24
3.6
0.97
-0.54
-0.66
2.1
2.63
3.68
2.54
3.99
-0.01
-3.51
0.97
2.79
-3.01
-3.69
1.19
-0.26
3.28
2.03
-0.68
2.59
2.15
1.96
2.49
2.46
-2.97
-2.72
-1.66
1.63
3.82
3.44
2.93
-1.43
1.29
0.93
-1.19
0.24
-0.72
0.45
-0.98
0.02
2.36
-3.51
0.73
1.99
3.94
2.56
-1.35
-0.85
0.73
3.2
-3.82
-4
1.8
2.65
-0.41
3.69
