-5
-1.79
3.29
3.75
-1.29
1.44
-2.1
-3.04
2.68
-1.44
1.77
-1.89
1.86
-1.81
0.69
1.99
3.37
0.87
-0.63
-1.13
0.92
2.75
-3.62
1.14
-0.17
-3.94
3.22
0.46
2.31
-3.25
-3.41
2.41
-1.71
-2.37
-2.34
-1.08
-1.52
1.36
3.24
-2.58
3.6
-1.67
0.1
-0.88
1.06
-3.08
-0.45
1.94
-0.76
-0.68
2.02
-3.19
2.15
1.89
3.08
2.95
-0.4
1.74
-2.93
-1.98
0.59
0.21
-2.84
-2.2
0.32
2.29
-2.55
-1.9
-3.63
-3.72
-1.04
-2.2
-0.72
-2.5
2.29
2.22
0.69
3.84
-1.24
-3.27
-0.4
-0.44
-3.77
-3.18
2.69
2.9
-0.42
2.98
-0.79
-2.45
0.56
0.64
-3.05
3.87
3.63
2.66
2.26
1.6
0.1
2.7
0.81
1.57
-0.9
-1.47
-2.92
0.8
-1.98
2.82
3.71
2.43
-2.05
1.14
0.25
3.25
-1.47
0.28
2.12
1.98
1.15
-0.51
-2.84
-2.25
