-2
-1.05
-3.62
0.97
-1.84
-1.94
2.98
-3.1
3.79
3.08
-0.05
2.95
-3.15
-2.32
-3.6
-0.45
-3.31
-3.05
-3.45
-1.54
-3.94
3.58
-2.35
2.17
0.21
0.57
1.33
1.37
1.46
-1.69
2.03
-0.86
-0.06
0.19
0.16
0.94
-2.38
2.63
3.23
2.7
-2.98
-2.97
-3.87
-1.6
-0.47
0.84
2.94
2.82
-1.9
-1.05
0.92
-0.41
-3.06
-2.24
1.28
-2.63
-3.7
-0.23
0.96
-3.57
-3.84
3.27
-0.55
1.47
0.38
-1.53
1.22
1.59
-3.7
1.87
-3.57
0.95
-1.09
-3.49
3.13
-0.98
-0.51
-3.34
-0.2
1.95
2.68
-3.37
1.29
3.17
-3.22
-1.36
0.42
0.2
3.28
-0.84
-2.3
3.71
1.25
-0.48
-3.6
1.62
-0.85
2.14
3.84
-2.72
0.56
-3.92
3.96
-0.84
3.32
-2.78
2.71
-2.42
0.25
3.37
-3.2
-2.34
-2.65
2.09
1.87
-0.43
-0.24
2.57
3.4
0.3
-2.54
-3
