-6
3.56
0.06
-1.31
-1.37
3.93
1.7
-2.09
3.91
-1.88
3.9
-3.24
3.24
1.85
3.68
2.77
4
-0.12
-0.67
2.2
3.31
-1.98
-1.86
-3.33
1.12
-3.74
1.67
-1.92
4
0.8
-3.17
0.74
-1.01
-2.61
1.8
-0.94
-3.35
-0.92
-1.23
1.87
-2.6
1.87
0.6
0.47
-0.92
2.6
0.54
3.51
-3.28
-0.84
-2.4
3.41
0.92
2.99
-2.5
4
-1.57
-1.92
-2.92
1.23
-2.86
2.76
-3.79
-1.56
-0.7
-3.97
0.01
-3.03
2.67
-0.94
-0.49
-1.79
3.75
-1.88
2.53
2.32
-0.49
0.2
1.81
-3.76
1.38
-2.42
2.83
3.02
3.5
-0.78
-1.68
-3.75
-0.05
-2.07
3.9
-3.91
-2.05
0.38
-2.39
-1.28
1.15
0.2
0.87
2.71
2.52
3.25
-2.81
3.35
1.1
3.44
-0.42
-0.17
1.11
2.13
3.44
-0.6
-2.19
3.58
1.09
3.12
1.71
1.23
0.3
0.67
-0.22
2.17
