-9
3.56
0.06
0.22
-2.38
2.81
-2.89
-2.09
3.91
-3.59
3.9
2.3
2.73
-0.33
3.68
1.36
-3.21
-0.12
-0.72
2.2
3.31
-1.98
-1.86
-3.33
1.65
-2.96
1.67
-1.92
-3.93
-3.22
-3.94
0.74
-1.87
-2.61
1.8
-0.94
3.85
-0.92
-1.23
-1.77
-2.6
1.87
0.6
0.47
-0.92
2.6
0.54
3.51
-3.28
-0.84
-2.4
0.62
0.92
1.92
-2.5
4
-1.57
-1.92
-2.92
1.23
-2.86
2.76
-3.79
-1.56
-0.7
-3.97
0.38
1.34
2.84
-1.02
-0.49
-1.79
0.13
1.47
2.53
2.32
-1.85
1.19
-3.07
-3.76
1.38
-3.68
1.93
3.02
3.5
-0.78
-1.68
3.59
-0.05
-0.21
3.9
2.77
2.23
0.61
2.11
-1.28
2.25
0.2
0.87
2.71
2.52
-2.39
-2.81
1.7
-0.73
-1.73
-0.42
-0.17
-0.11
-2.67
3.44
-0.6
1.05
3.58
3.3
3.12
1.71
1.23
0.3
0.67
0.73
-0.36
