-3
-1.23
0.45
-2.79
-2.37
-1.65
-0.42
-2.95
1.95
-2.2
3.34
0.31
-0.16
2.83
-0.75
-2.63
0.09
0.92
2.37
1.69
-1.69
-2.53
-0.62
-2.6
-2.55
2.48
2.36
1.14
3.62
3.07
-1
-0.46
0.42
-2.9
-0.95
-0.2
0.37
-1.42
-3.03
-3.58
-1.59
-1.68
-0.1
1.05
2.12
1.16
-1.37
2.57
2.1
-0.66
1.15
-2.38
1.75
1.96
-1.94
3.47
-1.44
2.69
3.92
1.72
0.27
3.28
-2.33
0.84
-0.75
-2.08
1.54
-3.39
2.41
1.3
-1.14
-0.99
-2.6
0.02
-0.1
-0.37
0.14
-2.72
3.45
1.68
-0.73
3.79
-3.04
2.8
2.04
-3.78
0.47
-0.86
1.38
1.7
3.34
-3.83
1.41
4
-2.69
3.38
-0.87
-0.38
3.49
1.35
-3.84
-2.01
0.16
-1.13
-0.31
0.01
1.13
-1.73
-0.35
0.96
2.52
3.35
1.78
-3
-0.12
-3.32
0.49
1.61
-3.15
2.05
3.34
3.76
