-8
3.93
-1.02
-3.33
-2.3
-1.8
-1.29
-2.44
-3.98
-3.15
-2.74
-3.92
-2.32
-1.11
-0.25
-1.52
-1.72
3.64
-2.05
-1.48
1.24
1.09
-1.71
1.66
-1.24
0.24
2.64
2.34
-1.3
-0.23
0.77
-0.58
-1.11
3.24
1.05
-0.83
2.11
-1.87
0.76
2.42
2.51
1.67
-3.81
-3.35
-1.61
-0.84
-0.43
2.55
-1.31
0.9
1.9
2.86
2.99
-2.54
0.31
-1.23
0.47
0.39
0.78
1.31
-1.16
-0.58
3.52
-2.38
3.68
3.9
-1.01
-0.49
3.86
2.12
-3.64
1.13
0.17
-1.18
2.12
-1.23
0.45
-3.07
-1.27
-1.55
-0.21
3.75
-0.56
-1.44
-3.36
0.19
2.95
3.98
2.87
-3.93
3.14
1.72
-3.12
1.54
-1.81
1.61
-2.95
-2.02
-3.03
0.26
2.39
3.52
0.12
2.3
0.43
2.56
2.58
-1.83
0.39
2.06
-2.33
0.8
-1.62
-1.86
0.81
-2.94
1.86
-4
-3.49
3
3.62
0.24
