-8
0.01
1.99
-2.16
-2.3
-1.8
-2.13
3.87
-3.98
-2.1
2.42
-2.65
-2.32
-1.11
-0.55
-1.52
-1.72
2.27
-0.32
0.97
2.21
1.09
-1.71
1.66
-1.59
0.24
-3.17
2.34
-1.3
-1.6
-2.33
-1.33
0.59
3.24
1.05
-0.32
-1.89
-1.87
0.76
2.42
3.8
1.67
3.47
-3.35
-1.61
-2.24
3.88
2.55
-1.31
0.9
1.9
2.86
2.76
-2.54
0.45
0.85
0.22
2.53
0.78
1.31
0.05
-2.71
3.52
-0.05
2.93
1.32
-1.01
-0.49
3.86
2.12
-3.64
1.13
0.17
2.46
2.12
-1.23
0.45
-1.18
3.45
-1.55
0.59
0.48
-3.99
3.52
-3.36
-2.55
2.95
3.98
-2.32
-3.93
3.14
1.72
-3.12
1.54
1.62
1.61
-2.42
0.68
-3.03
0.26
2.39
3.97
0.12
2.3
0.43
2.56
1.87
-1.83
-3.28
2.06
2.53
3.43
-1.62
-1.86
0.81
-1.76
1.86
0.61
-3.49
3
3.62
0.24
