-2
-0.22
-3.4
-1
2.31
3.2
3.7
0.09
2.67
-3.66
1.22
0.38
2.92
-3.28
0.97
2.25
-0.12
1.87
-4
-3.63
-3.81
3.87
3.97
-1.98
-3.44
-1.31
-1.67
2.58
-2.82
-3.38
-2.98
-3.71
-2.87
1.36
2.53
1.51
2.5
1.66
0.87
-0.45
2.9
-1.82
-1.79
-0.11
-0.93
-3.81
0.1
-3.28
1.91
3.19
3.08
2.53
-1.53
-2.21
2.3
3.64
-0.18
0.98
-3.91
-2.19
-1.61
1.64
-1.84
3
-0.9
0.42
-1.06
0.96
-2.45
-3.97
0.26
-3.62
-0.21
-3.2
1.41
1.34
2.19
3.34
-0.47
-1.66
3.45
0.05
-2.2
-3.88
-1.28
-0.09
2.52
0.98
3.23
-1.06
3.39
1.7
-3.76
-1.07
2.75
0.62
2.95
3.14
1.3
-1.81
2.77
0.61
-0.95
-3.9
-1.58
-3.48
-3.79
-2.35
-1.43
-3.88
-3.57
-2.77
-1.6
1.87
0.68
-1.76
-2.93
2.55
1.46
0.45
3.76
-0.91
