-9
3.79
3.77
-1.38
-3.89
1
3.17
-0.62
2.2
0.23
2.64
0.43
-3.66
0.62
3.62
1.17
-3.97
3.99
-2.04
-3.63
-1.45
1.46
2.2
-3.33
-2.26
1.18
1.72
0.56
-3.36
2.62
2.37
-2.94
3.18
2.98
-2.49
-3.65
-2.93
0.64
-0.93
0.1
-0.83
1.84
-1.66
2.69
0.84
0.33
-0.68
-0.51
-2.97
-2.94
3.17
2.14
-1.59
-2.38
-2.79
-1.31
1.15
2.93
1.73
0.29
-1.02
-1.28
-1.26
-2.88
-1.47
3.6
0.97
-0.54
-0.66
2.1
2.63
-0.96
2.54
3.99
1.2
-3.67
0.97
2.79
-3.01
1.48
1.19
-0.26
-2.36
3.96
-0.68
2.59
2.15
3.22
1.37
-2.41
-2.97
2.78
-1.66
1.63
3.82
3.44
0.46
-1.43
1.37
0.93
-1.19
-0.79
-0.72
0.45
-0.98
0.02
2.36
-3.51
0.73
1.99
1.72
2.56
-1.35
0.63
0.73
3.2
0.49
-2.04
1.8
2.65
-3.94
3.69
