-8
3.93
1.99
-2.16
-2.3
-1.8
-1.29
3.87
2.23
-3.15
2.42
-3.92
-3.84
-1.11
-0.25
-3.01
-3.92
3.64
-2.05
2.09
2.21
1.09
-1.71
0.48
-1.24
0.24
1.03
2.34
-1.3
-0.67
0.77
-0.58
-1.11
1.29
1.05
-0.32
-1.89
-1.87
-3.89
2.42
2.51
1.67
3.47
-3.35
-1.61
-0.84
3.88
3.45
-1.31
0.9
1.9
2.86
2.76
-2.54
0.31
0.85
0.22
2.53
0.78
1.31
-1.16
-2.34
3.52
-0.05
3.68
3.9
-1.01
-0.49
3.86
2.12
-3.64
1.13
0.17
-1.18
2.12
-1.23
0.45
-3.07
-1.27
-1.55
-0.21
3.75
-0.56
-1.44
-3.36
-2.55
2.95
3.98
2.87
-3.93
3.14
-1.79
-0.2
-0.71
-1.81
1.61
-2.42
0.68
-3.03
0.26
2.39
3.52
0.12
2.3
0.43
3.64
2.58
-1.83
0.39
-1.25
0.31
-3.71
1.19
-0.29
0.81
-2.94
1.86
-4
-3.49
3
3.62
-0.98
