-1
-3.22
0.45
-2.79
-2.39
-1.65
-0.42
1.33
-0.56
-2.2
1.22
3.75
-3.04
-3.59
1.42
-1.75
0.09
0.92
-2.62
1.69
-1.69
-1.17
0.36
3.2
2.36
2.48
2.36
1.34
3.58
3.07
-1
-2.57
-0.24
3.32
-0.95
-1.97
0.18
-1.78
-1.99
0.49
-2.12
-3.94
-0.41
1.05
-0.38
1.05
-0.48
-1.41
2.1
-2.86
-1.83
-1.05
3.07
-1.32
-0.58
2.66
0.87
2.69
2.97
1.72
-2.08
-1.47
-2.33
3.79
-0.75
-2.08
0.71
-3.39
2.59
0.39
0.29
3.02
1.89
3.34
1.95
-0.23
1.68
1.2
-2.91
-1.24
3.42
-0.17
-3.04
2.8
0.78
-1.15
0.2
-0.86
3.45
-1.95
2.93
-3.83
1.52
-3.08
1.76
3.11
-3.89
3.26
3.29
-3.46
0.5
1.28
0.16
-1.13
1.66
-3.48
-3.14
-1.73
-0.62
-3.25
3.94
-0.91
1.82
1.82
0.93
-3.03
0.49
1.61
-3.15
2.05
1.92
0.62
