0
1.43
3.44
-1
-3.53
-0.23
-2.54
0.09
3.69
-3.66
-0.74
-0.07
2.92
-3.84
-0.68
2.03
-0.12
-0.82
-4
-3.63
3.25
-0.22
3.97
-1.98
3.85
-0.32
-1.67
2.58
-0.44
3.08
3.57
-3.71
1.7
-0.68
2.53
1.51
1.43
1.66
-2.45
1.94
2.97
-1.69
-2.34
3.27
-0.93
-1.52
-1.07
-1.95
2.88
3.19
3.08
-2.03
-2.68
-2.21
2.3
-2.93
-0.05
0.98
2.94
2.99
0.85
2.63
-0.26
3
-1.94
1.39
-1.94
1.32
3.74
-3.97
2.56
3.76
0.15
-3.2
2.62
1.34
2.19
-2.83
-1.43
-2.99
3.45
2.51
-1.42
-1.05
-0.76
-1.83
-0.35
0.98
1.41
1.55
0.38
0.82
3.84
-0.42
3.04
3.91
2.95
3.14
3.73
-2.11
2.77
1.62
2.92
2.75
-2.28
2.47
2.51
3.23
0.4
-3.88
-3.57
-2.77
-1.6
1.87
-2.09
-0.25
1.21
2.55
1.46
0.45
-3.58
-2.22
