-3
-1.17
0.18
-0.2
-3.59
-1.26
-0.38
-2.79
-2.95
-3.15
-1.43
1.1
3.72
-1.11
-2.87
1.07
-1.72
2.61
-0.32
0.97
2.21
1.29
-3.68
1.66
0.83
2.72
2.64
2.34
-1.3
-0.67
-0.35
1.91
-1.11
-0.12
1.05
-0.32
-0.5
-3.42
3.73
1.04
2.29
1.67
-2.28
-3.35
0.16
-2.24
-3.18
-1.41
1.09
-0.51
1.9
-2.94
2.76
1.12
-1.81
-3.55
0.22
2.53
3.12
0.18
0.06
-0.58
-3.49
0.25
1.37
0.8
0.36
-0.49
1.84
0.66
1.55
1.13
-3.55
-1.55
3.95
-2.17
1.27
0.88
-1.27
-3.73
0.59
1.73
3.37
-1.44
3.43
-2.55
0.44
3.98
2.87
-3.93
3.14
3.16
-0.2
1.91
1.62
1.61
-3.19
0.11
-3.64
0.26
2.8
-1.32
1.96
2.98
2.13
2.56
1.87
-1.83
-0.85
-0.47
-2.33
-3.71
-1.62
-1.86
0.81
-0.46
-2.5
2.07
3.75
-1.38
-1.17
-0.2
