0
-1.23
0.81
-1.71
3.01
-0.08
3.28
-2.95
-0.56
-2.47
-1.02
-2.24
1.35
-3.59
-0.75
-1.75
-1.81
0.92
3.66
1.69
2.52
2.62
-3.58
-3.49
0.56
-3.53
-3.82
3.42
3.62
-2.19
-1
0.99
0.42
-0.93
3.94
2.73
0.37
2.36
1.41
2.48
-1.29
-1.99
-0.84
1.05
-0.38
1.05
-3.97
-3.53
1.59
-0.66
0.29
0.46
1.75
0.9
-2.32
3.47
-2.46
-2.29
3.92
-2.51
-1.02
-3.63
1.05
0.84
-1.06
-2.08
2.49
-3.09
2.21
1.3
-1.14
-0.23
2.57
2.22
1.07
0.94
-0.23
2.44
-2.91
3.41
3.23
-1.04
1.41
2.8
2.04
-3.78
-2.59
1.47
-0.39
-0.01
-0.3
3.99
1.52
3.02
-3.36
-2.98
-3.5
3.26
-0.76
-1.21
2.62
-0.89
2.19
-3.95
-0.31
0.01
1.65
-0.38
-1.78
1.04
2.12
2.44
1.83
-3
0.36
-3.32
-2.07
0.49
3.83
3.11
-3.5
3.97
