-2
-3.19
-3.11
2.58
-1.98
1.48
2.35
0.15
1.17
-1.6
-3.07
2.71
-1.76
2.67
2.35
0.71
2.75
-2.37
3.21
3.36
1.71
1.1
-0.94
2.17
-3.06
-1.2
1.33
3.43
-0.42
-0.84
0.77
-3.25
-1.39
2.52
0.16
-1.09
3.83
0.42
3.23
3.06
0.99
-3.83
-3.87
-1.6
-2.5
3.9
-3.04
2.82
3.63
0.93
0.92
-0.41
0.52
-2.24
3.59
-3.99
-0.24
2.64
2.36
-3.36
2.95
-0.31
-2.02
-2
2.48
-0.69
-3.42
0.64
1.08
-2.96
-3.57
0.08
-1.04
-3.49
-2.88
2.16
1.28
-3.34
-3.36
1.95
3.89
2.82
1.8
-2.94
2.88
1.46
-0.24
2.57
-3.96
0.15
-2.3
-2.53
3.14
-0.48
2.69
-0.45
-0.85
1.13
2.94
-2.86
3.32
1.81
0.36
-0.84
-3.21
-0.04
-0.55
2.74
-0.72
1.92
-3.92
0.1
2
2.09
3.3
-3.94
-0.24
3.21
-3.78
-2.06
-1.25
0.95
