-9
-2.63
-3.13
-2.66
2.31
-2.6
3.85
0.92
-2.45
-0.2
3.98
0.38
2.92
3.7
0.11
-1.18
-0.91
-0.82
-4
-1.78
3.25
2.49
3.97
-1.98
-1.47
2.67
-3.05
-3.94
-2.82
-1.45
-1.98
0.34
1.7
-1.56
-0.23
-1.22
0.55
1.66
-2.45
2.56
3.4
-1.82
-2.48
-0.11
-0.93
2.2
-1.04
0.57
2.88
3.24
0.6
2.53
-1.53
0.87
-2.82
1.37
-0.18
-3.22
-2.72
1.22
-2.16
0.42
-1.84
3
-0.9
-1.85
-1.94
0.96
-0.8
-3.81
2.63
1.22
-2.49
-3.2
-0.32
3.61
-3.56
3.34
-1.32
-2.14
3.45
0.05
-1.42
-1.74
-0.76
-1.83
1.01
0.98
3.23
-0.73
3.39
1.7
0.05
-2.48
3.04
-0.18
-3.86
-1.99
1.89
1.59
-0.74
-1.74
-3.35
-3.9
-1.33
-1.93
-3.79
-2.33
-0.68
-0.38
-3.57
1.79
-1.13
0.08
-3.8
2.36
0.47
2.55
2.37
-1.54
3.76
1.97
