-8
1.71
-1.02
-0.2
-2.3
-1.8
-1.29
3.87
2.23
-3.15
2.42
-3.92
-2.32
-1.11
-0.55
-3.01
-3.92
2.27
-0.32
-1.48
1.24
1.09
-1.71
1.66
-1.59
0.24
-3.17
2.34
-1.3
-0.67
0.77
-1.33
0.59
3.24
1.05
-0.32
2.11
-1.87
-3.89
2.42
2.51
1.67
-3.81
-3.35
-3.37
0.55
3.88
2.55
1.09
0.9
1.9
2.86
2.76
-2.54
0.31
-1.23
0.22
2.53
3.12
1.27
0.05
-0.58
-3.49
-2.38
2.93
3.9
-3.98
-3.24
3.86
2.12
-2.22
0.36
0.17
-1.18
2.12
-1.23
0.45
-3.07
3.45
-1.55
0.59
0.48
-0.56
3.52
-3.36
-2.55
2.95
3.98
-2.32
-3.93
3.14
-1.79
-0.2
1.54
-1.81
1.61
-2.42
0.68
-3.03
0.26
2.39
3.97
0.12
2.3
0.43
2.56
2.58
-1.83
0.39
-1.25
-2.33
-2.54
-1.62
-1.86
0.81
-2.94
1.86
-4
-3.49
-1.45
1.89
-0.98
