-10
3.68
-2.08
-1.38
3.55
3.04
0.41
1.57
-1.6
3.48
-0.65
0.43
2.38
2.47
-3.41
-1.73
-3.97
3.5
1.62
2.52
-1.45
-0.2
-3.41
0
-2.86
0.2
-1.03
1.07
-2.11
2.14
0.64
0.86
3.18
2.98
3.3
3.41
-2.02
-1.17
-1.01
3.63
-0.67
0.39
-0.16
2.55
-3.79
-3.97
-2.32
-1.94
-0.48
3.23
-2.63
2.14
-1.59
1.48
1.64
-2.34
-0.68
-2.86
3.56
1.44
2.67
2.82
-1.34
0.69
1.24
3.6
0.97
3.12
-2.48
-2.81
-3.72
3.68
0.5
-1.59
-3.72
-3.67
0.97
3.6
-3.06
0.7
-3.3
-0.1
-2.07
-0.72
-3.56
2.81
-3.86
-1.2
1.37
3.86
-2.97
-3.01
0.26
1.63
3.59
0.13
2.05
-1.43
0.01
2.45
-1.19
-3.06
1.55
1.43
-2.92
2.76
2.36
1.92
1.19
0.62
1.72
-1.13
-1.93
-1.85
-2.93
3.2
0.88
1.79
-3.55
2.65
-2.38
-3.74
