-3
-3.44
-1.25
-2.81
-0.84
1.07
-3.76
0.95
2.1
3.71
3.22
-1.98
2.22
-3.91
1.68
-3.05
-1.93
2.49
2.03
-0.48
1.39
-1.06
3.7
-2.8
0.73
2.99
-2.8
1.75
-2.29
0.25
2.6
2.23
0.6
-0.46
-1.16
2.14
0.87
-2.92
1.27
3.9
1.29
3.37
2.25
-2.74
0.01
1.13
-2.2
-3.82
2.79
-3.51
3.58
-2.49
-0.68
1.67
2.36
-1.17
1.58
-3.86
1.66
0.17
-1.24
-2.59
-3.99
1.97
-2.99
-1.6
1.42
3.67
1.25
-3.36
-0.85
-1.07
-2.39
2.22
2.94
3.83
1.35
2.89
-0.36
-1.33
1.27
-2.99
-3.45
0.81
-0.43
0.73
2.01
2.93
2.15
2.22
1.43
-1.05
-3.74
-2.91
-2.57
-2.1
3.43
-1.69
-2.38
-2.4
-3.53
-1.95
3.25
-1.61
-1.67
3.95
3.18
-3.58
2.74
-3.67
-0.47
2.77
-3.27
-1.09
1.6
-1.15
0.73
-0.79
-2.29
0.28
2.12
-2.57
