-4
1.61
-2
3.39
2.19
-0.08
3.28
1.58
0.1
-2.2
1.22
-1.09
1.35
2.81
-1.8
3.24
2.52
-3.59
2.37
3.76
-1.69
0.48
0.06
1.81
2.36
-2.7
2.36
-0.14
3.74
3.07
-1
0.99
2.63
1.92
-1.48
-3.34
0.37
-1.42
1.11
-3.68
-1.83
1.86
-0.1
3.83
0.72
1.1
0.11
2.57
2.1
-3.37
-1.11
-0.77
-0.31
3.8
-1.61
1.39
-2.46
-3.2
-3.17
-2.51
3.02
-1.47
-3.05
-3.14
-3.29
2.94
2.49
1.69
0.31
1.3
-1.14
-0.99
2.57
2.22
1.07
1.79
2.87
1.78
-2.91
-2.31
3.23
3.79
-3.04
-0.23
-2.56
2.55
-2.59
0.63
1.38
-1.04
-0.3
-0.29
-2.19
-0.09
-2.69
-2.98
0.78
2.87
3.49
-1.21
2.62
-0.09
-0.68
-1.89
1.78
2.62
1.65
3.46
0.92
1.04
-2.28
-1.68
-0.89
0.48
-1.17
-2.7
-2.07
1.61
3.43
1.39
0.7
-3.68
