-6
1.39
0.05
-1.31
-1.37
3.93
-0.4
-1.14
3.91
-1.88
3.9
-3.24
2.73
-2.72
3.68
2.77
1.26
-0.12
-0.67
2.2
3.31
-1.98
-1.86
-3.33
1.12
-3.74
-1.64
-1.92
4
-3.22
-3.17
-1.6
-2.8
0.81
1.8
-0.94
-3.35
-0.92
-1.23
1.87
-2.6
1.87
0.6
0.47
-0.92
2.6
0.54
3.25
0.12
3.42
-2.4
3.41
0.92
1.92
-2.5
4
-1.57
-1.92
0.88
1.23
-2.86
2.76
-3.79
-1.56
-0.7
-3.97
0.01
1.34
2.67
-0.94
-0.49
-1.79
3.75
1.47
2.53
2.32
-0.49
-3.2
1.81
-3.76
2.33
-2.42
2.83
-3.32
3.5
1.85
-0.65
0.33
1.31
3.15
3.9
-2.9
-1.58
0.38
3.66
-0.66
1.15
-3.15
0.87
-3.54
2.52
-1.17
-2.81
3.35
-0.73
3.44
-0.42
-0.17
-0.11
2.13
3.44
-0.6
1.05
0.67
3.39
-2.2
-3.18
-1.48
-1.8
0.67
-0.22
2.17
