-10
-1.9
3.29
1.26
0.72
1.44
-1.32
1.72
2.68
-1.44
1.77
-1.89
1.86
2.57
0.69
3.93
3.37
-0.69
-0.63
2.38
0.92
3.09
-3.62
1.69
-0.17
-2.57
0.36
0.46
0.07
-3.25
3.52
-3.64
-1.71
-2.37
-2.12
-1.08
-1.52
2.65
3.24
3.94
3.6
-1.67
0.1
-0.88
1.06
-3.08
-0.45
1.94
2.35
3.57
3.53
-3.19
2.15
1.89
3.08
2.95
-2.28
3.57
-2.93
-1.98
-0.06
0.21
-0.65
1.85
0.32
0.75
-2.55
-1.9
1.68
-3.72
-1.04
-2.2
1.33
-1.63
2.29
2.07
1.41
3.84
-1.24
0.33
-0.4
-0.44
-1.78
-3.18
2.69
2.9
-0.42
2.38
-0.79
-3.59
0.56
0.64
-3.05
2.07
3.63
2.66
2.26
-3.35
-2.4
-1.75
-0.88
1.57
-0.9
-1.47
-2.92
0.8
-1.98
2.82
-3.37
1.44
-2.05
-0.93
0.25
-2.75
2.96
0.28
2.12
1.98
-1.06
-0.51
-2.84
-2.25
