-6
-1.09
0.06
-0.73
-1.37
2.81
-2.89
-2.09
3.91
-3.59
3.9
2.3
2.73
-2.72
3.68
1.36
4
-0.12
-0.67
2.2
3.31
-1.98
-1.86
-3.33
1.12
-2.96
1.67
-1.92
-3.93
-1.7
-3.17
0.74
-1.01
-2.61
1.8
-0.94
3.85
-0.92
-1.23
1.87
-2.6
1.87
2.62
0.47
-0.92
2.6
0.54
3.25
0.12
-0.84
-2.4
3.41
0.92
1.92
-2.5
4
-1.57
-1.92
-2.92
1.23
-2.86
2.76
-3.79
-1.56
-0.7
-3.97
0.01
1.34
2.67
-1.02
-0.49
-1.79
3.75
1.47
2.53
2.32
-1.85
0.2
1.81
-3.76
1.38
-3.68
2.83
3.12
1.49
-0.78
-1.68
-3.75
-0.05
-0.21
3.9
-2.9
2.23
0.38
-2.39
-1.28
2.25
0.2
0.87
-2.07
2.52
-2.39
-2.81
3.35
-1.62
3.44
-0.42
-0.17
1.73
2.13
-1.98
-0.6
-2.19
3.58
1.09
3.12
1.71
-1.48
0.3
0.67
-0.22
-0.36
