0
0.8
3.29
-1.94
0.72
1.44
-2.1
-3.04
2.68
-1.44
-3.53
-1.89
1.86
-1.81
0.69
1.99
3.37
0.87
-0.63
-1.13
0.92
2.75
-3.62
1.14
-0.17
-3.94
0.36
-0.95
2.31
-3.25
3.52
-3.64
-1.71
-2.37
-2.34
-1.08
-1.52
2.06
3.24
-2.58
1.7
-1.67
0.1
-0.88
1.06
-3.08
-0.45
1.94
0.55
3.57
3.53
-3.19
2.15
1.89
3.08
2.95
-2.28
3.57
-2.93
3.11
-0.38
0.21
-2.84
-1.46
0.32
2.29
1.85
-1.9
1.68
-3.72
-1.04
-2.2
-0.82
-2.5
2.29
-1.66
1.41
3.84
-1.24
-3.27
-0.4
0.46
-3.77
-3.18
2.25
1.62
3.47
2.38
1.95
-2.45
0.26
0.64
-3.05
2.07
0.54
-1.38
2.26
-2.26
0.1
2.7
-0.88
-1.86
-3.68
-1.47
-2.92
0.8
-1.98
2.82
-3.37
2.43
-2.05
1.14
0.25
3.25
1.78
0.28
2.12
1.98
-1.06
-0.51
-2.84
-2.25
