-10
0.84
-1.76
3
-0.84
0.18
-3.53
0.95
-1.95
-0.21
-2.2
0.88
1.11
-3.91
1.68
-0.96
-3.88
3.61
0.06
-0.48
-3.13
-3.33
-2.05
1.33
0.73
2.99
0.47
2.41
0.97
-2.31
3.46
1.36
0.6
-1.17
2.6
2.44
0.87
1.42
-1.3
-1.2
-0.07
-3.34
3.71
-0.19
-2.55
-1.03
-2.74
0.53
-2.76
-3.51
3.58
-1.71
-0.68
-2.73
-1.93
3.38
3.88
-1.28
1.49
0.17
-1.24
-2.98
-3.99
-1.85
3.92
-1.6
1.42
-2.81
-2.44
3.01
0.78
-3.26
0.47
3.97
2.94
3.83
-1.37
-2.14
-0.12
-1.33
-3.26
-2.59
0.79
-2.36
3.52
1.17
-2.52
-3.49
1.03
-3.82
-2.09
-1.05
-3.49
-1.68
-2.57
-2.35
3.43
1.01
-2.38
-2.75
-0.97
3.01
3.25
-1.61
2.69
-0.82
-1.84
2.39
-0.94
-3.67
-0.47
-0.69
2.85
-3.59
-1.05
-1.01
2.87
-1.09
-1.83
-0.17
3.09
1.01
