-9
1.1
0.92
3.13
1.61
-1.94
0.9
-3.1
1.17
3.08
-2.58
3.6
0.47
0.47
-3.6
1.48
-0.28
1.02
3.21
3.36
0.12
-3.94
2.92
2.17
-3.3
1.2
0.65
-1.58
-1.26
2.25
0.93
-3.64
-0.06
0.19
0.16
-2.33
3.83
3.65
-3.45
3.14
-2.06
-0.46
-2.39
1.86
0.38
-1.88
-3.04
-3.02
-2.19
0.42
1.05
-0.41
0.52
3.72
3.59
-2.68
2.18
-0.23
0.96
0.82
3.09
1.48
-0.55
-2.08
-1.85
0.97
1.22
1.59
-3.7
-0.56
3.79
0.08
-1.09
3.36
-2.88
-0.98
-0.51
-3.21
-1.73
1.95
3.45
-3.37
1.65
3.17
1.42
-1.36
-0.5
-2.96
-3.96
-2.17
-2.16
2.38
1.25
-0.48
2.69
3.09
1.09
2.14
2.94
-2.72
3.32
-3.37
1.22
2.38
3.68
-0.04
1.87
-0.4
1.69
-0.44
0.39
-2.34
3.97
2.09
3.3
0.34
-2.44
2.57
-3.95
-2.06
1.71
2.03
