-1
1.71
1.99
-0.2
1.79
-2.53
-3.35
-0.17
0.78
2.57
-2.56
3.25
-3.87
1.18
-2.79
-3.01
-1.51
-3.35
-2.05
2.73
1.24
-0.4
-2.51
-2.4
2.55
-0.76
1.03
-3.43
-0.99
-0.23
-2.33
-0.58
-1.11
-0.12
0.53
-0.32
1.56
0.64
-1.56
3.13
2.29
1.67
3.47
-1.61
-1.61
-1.21
-3.18
-3.88
1.09
3.36
4
-0.38
2.76
2.78
0.31
-1.82
-2.86
2.53
0.16
1.08
-3.12
-0.58
-0.72
-0.87
-2.2
-2.77
-3.98
-3.24
3.86
2.12
-0.57
-1.58
3.07
1.14
3.95
-3.46
2.22
3.1
-2.5
-3.97
-0.85
1.73
-0.56
-2.23
-3.36
-1.2
2.95
2.94
2.87
-1.61
3.14
1.72
0.53
-3.9
-1.81
0.83
-2.42
-2.02
-3.03
0.26
2.39
1.19
-3.73
2.98
3
2.56
-1.1
-0.63
0.39
-2.78
0.31
3.43
-2.64
-0.43
3.3
-2.9
2.08
-1.03
3.75
1.06
0.15
-1.31
