-2
-3.39
1.71
-1.38
2.42
3.04
3.76
-2.72
-1.6
0.23
-2.35
-1.87
2.38
2.47
0.21
3.62
2.71
3.99
-3.87
-3.63
-1.45
-0.2
-0.52
0
0.49
0.2
-2
-3
-2.11
1.08
0.83
-2.94
1.76
0.77
2.1
-0.49
-2.02
0.35
-0.48
3.63
2.23
1.84
-2.7
2.55
2.1
-3.97
-0.52
1.01
-0.48
-3.31
0.26
-2.99
1.78
-0.73
2.54
-2.34
1.15
3.77
0.83
0.36
2.67
2.82
-1.34
0.69
1.33
3.6
-0.73
1.45
-2.48
2.1
-3.72
3.68
1.75
0.49
1.2
-3.67
0.57
3.6
-3.06
1.48
-3.3
-0.89
-2.07
3.96
-0.68
2.81
-2.02
-1.2
1.37
3.86
0.36
2.78
0.26
-0.32
-3.04
0.13
1.11
1.49
2.74
2.45
-0.19
0.24
1.79
-2.83
2.94
0.35
0.61
1.92
1.19
-2.61
1.72
-1.13
1.93
3.21
3.04
-2.86
0.88
-1.21
1.8
-2.5
-2.99
3.69
