-3
0.58
-2.83
-1.87
-2.38
2.81
1.7
0.04
2.86
-0.02
-0.55
1.13
1.74
-2.72
2.05
2.77
-2.36
-0.12
-1.22
0.09
-1.26
2.23
-3.55
3.13
1.12
0.4
-1.64
3.96
1.72
-1.7
1.32
0.74
-1.01
-2.61
-2.6
-0.94
-1.29
-0.92
-2.17
-1.23
3.66
-3.91
3.11
3.65
0.03
0.82
-1.72
-2.85
-1.24
0.39
-1.19
-2.4
0.92
4
-1.31
4
-1.54
-2.92
1.63
-2.41
-2.86
0.52
-0.44
-1.56
-0.72
-2.83
0.01
1.34
2.91
-1.02
3.34
0.66
3.75
-2.96
2.53
-1.55
3.13
1.17
1.35
-3.95
-1.89
2.8
-3.4
0.46
2.03
-0.78
1.4
3.36
3.89
-0.41
0
2.77
2.23
0.61
-1.49
-2.47
0.08
0.36
3.4
-2.19
0.3
3.72
-0.57
1.57
1.1
3.44
2.07
-0.86
-2.09
0.59
-3.98
3.19
-1.55
1.2
-1.87
2.84
-3.63
1.66
0.42
3.93
0.73
2.17
