-2
-1.36
-3.4
-1
2.31
-2.6
1.97
0.09
0.48
-2.4
1.22
0.38
0.69
-3.84
2.44
2.25
-1.97
1.87
-4
-3.63
3.25
3.87
3.97
-1.98
-3.44
-3.49
-1.81
2.58
-2.82
3.08
3.57
1.94
-2.87
-0.68
-2.62
1.51
2.5
1.66
0.37
1.94
2.97
-1.82
-2.34
-3.38
-1.65
-1.52
1.95
-3.28
1.91
-2.95
3.08
2.53
-1.53
-3.28
-2.82
0.05
-0.18
0.98
-3.91
2.99
-1.61
2.54
-3.79
-3.6
-0.9
3.68
-1.06
-0.85
-2.45
-3.97
-3.39
1.75
0.15
-2.55
2.62
3.61
2.57
3.34
-1.67
-2.99
3.45
0.05
-2.2
-3.88
-1.28
-1.83
1.32
0.98
3.23
-1.06
3.62
0.82
-3.2
-0.42
3.04
-0.82
2.95
-1.99
3.57
-2.11
2.77
0.61
2.92
3.27
-1.58
-3.48
-3.79
0.97
-1.43
-3.88
-3.57
0.22
-1.6
3.43
0.68
-1.76
0.47
0.25
0.28
0.45
-2.7
-2.22
