-6
1.39
0.06
-1.21
-2.38
3.93
3.76
-2.09
3.91
-1.88
0.69
-3.24
2.73
-2.72
-3.29
2.77
4
-0.12
-0.72
0.06
3.31
-1.98
-1.86
1
1.06
-3.74
0.51
-2.47
4
-3.22
-3.94
0.74
1.74
-2.68
2.23
-0.94
-3.35
-0.92
-1.23
-1.77
-2.6
1.87
0.6
-1.46
-0.92
3.37
2.75
3.25
0.12
-0.84
-1.19
3.41
-3.14
-2.59
-2.5
-0.41
-3.19
-1.92
0.88
1.23
1.56
2.76
-3.79
-1.56
-0.72
-1.39
0.01
-3.03
-3.4
-0.94
-0.49
-1.79
0.13
0.24
2.53
0.92
-1.85
-3.2
1.81
-3.76
2.33
-3.68
1.93
3.02
1.49
3.38
-1.68
0.33
1.74
-0.21
2.79
-2.9
2.23
0.38
2.11
-1.28
-0.9
2.99
0.87
-3.54
2.52
-2.39
-2.26
1.57
-0.73
-1.73
-0.42
-0.17
-0.11
-2.67
1.69
-3.67
2.08
1.2
3.3
3.12
1.71
-1.48
0.98
0.67
0.73
2.17
