-8
1.71
-1.02
2.93
-2.3
-1.8
-2.13
-3.57
2.23
-3.15
-1.43
1.1
-1.08
-1.11
-0.25
-3.01
-3.92
1.3
-2.05
2.09
-0.2
1.09
-2.51
1.66
-1.59
1.9
-3.17
-2.91
-2.87
0.57
0.77
-0.58
-1.11
-0.12
1.05
-0.83
-1.89
-1.87
-3.89
2.42
3.8
1.67
-3.81
-3.35
-1.61
-0.84
3.51
-1.41
1.09
0.9
1.9
2.86
2.76
-2.54
0.31
-1.82
-2.86
2.53
3.12
0.18
1.59
-0.58
3.52
0.39
1.37
3.9
0.36
-3.24
3.86
0.66
1.55
1.13
-3.55
-1.18
3.64
-1.23
0.45
-3.07
-0.78
-3.73
-0.85
0.48
-0.56
3.52
-1.96
-1.18
0.44
3.98
2.87
0.17
-2.88
-1.79
-3.12
1.54
1.62
1.61
-2.95
-2.02
-3.03
1.01
2.8
-3.95
0.12
2.98
3
-3.23
2.58
-1.83
-3.28
-1.25
1.44
-3.71
1.19
-0.29
3.3
-2.94
1.86
-1.48
-3.49
3
3.62
0.24
