-3
-1.28
0.45
0.54
3.01
0.68
3.28
-2.95
1.95
1.05
-1.16
2.58
3.25
-3.59
-2.82
-1.75
2.52
0.92
2.37
-2.09
-1.69
0.07
-3.58
1.81
-2.55
0.24
-3.82
3.42
3.62
3.07
3.59
-0.46
-3.54
-0.93
-0.95
-0.2
0.37
-0.87
0
-3.58
-1.29
-1.68
-0.84
3.79
-0.38
1.1
-3.97
-2.55
-1.99
-0.66
-1.52
0.46
3.07
1.96
-1.94
3.17
0.87
2.69
-0.76
1.72
-1.02
3.28
-2.33
0.84
-3.29
-2.08
2.12
-3.39
-1.15
1.3
-1.14
3.04
1.89
2.22
1.07
-0.37
0.14
-2.72
-0.94
2.57
3.45
-0.17
1.97
2.8
-2.99
-3.78
-3.53
1.49
1.38
0.87
-0.3
-3.83
1.52
-1.41
-2.69
-1.97
-0.87
-1.89
3.49
1.35
-3.84
-2.01
-3.69
-3.95
1.15
2.5
-0.79
-1.73
-0.35
0.55
2.12
3.35
1.83
-3
0.93
-3.32
0.49
1.61
0.74
2.05
3.62
-0.25
