-4
-1.23
0.45
-2.79
3.01
0.68
3.28
-2.95
1.95
-2.2
-1.16
2.58
-0.16
-3.59
-2.82
-1.75
2.52
0.92
2.37
1.69
2.52
0.07
-0.62
1.81
0.56
0.24
-3.82
3.42
3.62
-2.19
3.59
-0.85
-3.54
2.05
-0.95
-2.37
2.86
-0.87
-3.03
2.48
-1.29
-1.68
-0.84
3.79
-0.38
1.16
-3.97
-3.53
-1.99
-0.66
-1.11
0.46
1.75
1.96
-1.94
3.47
0.87
2.69
-0.76
3.75
-1.02
3.28
-3.73
-0.03
-3.29
-2.08
2.12
-3.39
0.31
1.3
-1.14
3.04
1.89
3.34
1.07
-3.4
0.14
-2.72
-0.94
2.57
3.45
-0.17
2.28
-3.44
2.04
-3.78
-3.53
1.47
1.38
0.87
-0.3
-3.83
1.41
3.02
-3.36
-1.97
-2.95
-1.89
-0.76
1.35
-3.84
-0.89
-3.69
-1.13
-0.31
0.01
-2.25
-0.38
-1.78
1.04
2.52
-1.68
1.83
-3
0.93
-3.32
0.49
0.49
0.74
2.05
0.31
-2.14
