-6
1.39
0.06
-1.21
-1.37
3.93
3.76
-2.09
3.91
-1.88
3.9
-3.24
3.24
-2.72
-3.29
2.77
4
-0.12
-0.72
2.2
3.31
-1.98
-1.86
1
3.72
-3.74
0.51
3.71
4
-3.22
-3.94
3.89
1.74
0.76
1.8
-1.17
-3.35
-0.96
-1.23
3.05
-0.58
1.87
0.6
-1.46
-0.92
3.37
0.54
3.51
-1.21
-0.84
-2.4
3.41
-3.14
-2.59
-1.54
-0.41
-3.19
-2.63
0.88
1.23
1.56
2.76
-2.16
0.17
-0.72
-1.39
0.01
-3.03
2.67
-0.94
-0.49
-1.79
0.13
0.24
3.42
3.58
-0.49
0.2
1.81
-3.76
2.33
-3.68
1.93
3.02
3.5
3.38
-1.68
0.33
1.74
-0.41
2.79
-3.91
2.23
2.52
2.11
2.21
2.25
-3.15
0.87
-3.54
2.52
3.69
-2.81
1.57
1.1
-1.73
-0.42
-0.17
1.73
-2.67
1.69
-2.35
2.08
1.2
-1.87
-0.58
-3.18
-3.72
0.98
0.67
0.73
-0.36
