-3
-1.05
-3.11
3.3
-1.98
-1.94
2.35
0.15
3.14
-1.6
-2.58
0.34
-0.14
2.67
1.99
-0.45
2.75
-3.05
3.86
3.36
0.47
1.1
0.58
2.17
-3.3
1.61
-3.11
3.08
1.46
-0.84
2.03
-3.64
-3.54
0.19
0.16
-1.09
3.83
2.63
3.23
3.06
-3.86
-0.46
-3.87
1.86
-2.5
-1.43
-3.04
2.82
-3.75
-3.43
0.92
-3.95
0.83
-2.24
3.59
-3.99
-3.7
-1.18
-2.75
-0.96
-3.15
3.27
-0.55
-2
0.73
-1.53
-3.42
-2.75
2.65
1.87
-3.57
0.08
0.32
1.58
-2.88
-0.25
-3.48
-3.34
-0.2
2.38
3.45
-3.37
-2.68
0.88
-3.22
1.46
-2.04
-0.2
-3.96
-0.84
-2.83
-2.53
3.14
-3.08
0.97
-0.45
1.19
2.14
1.68
-2.86
3.84
1.81
-0.44
-0.84
-2.04
-3.63
-0.55
-0.4
0.25
1.92
-3.2
0.1
-2.65
2.09
3.3
-3.94
-2.15
3.21
-3.78
0.3
1.71
-3
