-9
2.99
-2.08
-1.36
-3.89
3.04
3.65
0.56
-1.6
-3.74
-0.92
-1.87
2.38
0.62
3.62
-1.73
3.37
0.66
1.62
-2.06
-1.45
-0.2
2.09
-3.33
-2.26
-3.7
3.14
0.56
-0.34
-1.54
2.37
0.86
3.18
2.98
-2.49
-3.65
-2.59
0.35
-0.93
2.35
2.23
3.85
2.83
2.55
-0.53
0.33
-3.95
0.06
-2.97
-2.94
-0.52
-2.99
-1.59
-0.73
2.29
1.39
-0.65
3.44
-1.89
0.29
1.12
0.21
-1.34
0.69
1.24
3.6
-0.69
1.45
-0.66
-1.01
2.63
-0.96
2.54
-3.84
-0.01
2.43
-0.89
0.17
-3.01
-3.69
2.27
-0.26
-2.36
-0.46
2.98
3.03
0.39
1.96
1.56
2.46
-2.97
-2.72
-1.64
1.63
3.59
3.44
3.63
-1.43
-2.43
2.45
-1.22
0.24
-0.72
2.96
2.94
0.02
1.47
0.84
-2.89
1.99
-2.55
-1.13
-0.48
-0.85
0.73
-2.86
0.49
1.79
-0.46
-1.78
-3.94
3.69
