-3
2.76
-0.32
-1.67
3.6
-1.92
-3.08
3.93
1.31
-1.74
-2.28
-3.28
2.75
-1.2
-3.92
2.71
1.13
3.73
-1.8
3.3
-0.83
-1.62
-2.31
-3.9
2.82
-1.86
1.12
3.44
-0.48
2.87
-1.72
-3.49
-1.03
2.55
1.41
-3.19
-1.56
3.47
-0.01
2.58
0.81
-0.04
3.91
3.32
-0.67
-1.04
-2.94
2.51
1.78
-3.44
3.5
0.36
-1.84
3.69
-0.61
-0.57
1.06
-0.42
-0.48
1.46
0.96
-2.51
0.41
2.44
3.98
-2.8
1.75
-3.8
1.39
3.27
0.27
1.67
-0.27
-0.38
-1.52
3.22
-1.52
-1.63
0.77
-0.15
-2.93
2.62
-2.34
-1.05
3.38
1.93
2.35
-0.71
-0.85
-2.03
-0.24
2.87
-0.06
2.53
-2.38
-0.68
3.56
-2.53
3.35
-1.88
1.22
-3.14
-2.89
2.51
0.3
-2.18
-3.38
2.55
1.21
0.18
-3.05
-1.32
2.81
3.67
0.39
2.35
3.83
-2.55
3.06
-1.95
-1.14
-1.55
1.05
-0.59
-0.49
1.4
-2.28
1.2
-2
3.16
3.66
-3
-0.97
-1.35
2.64
-3.79
1.5
-0.85
2.66
1.55
1.3
3.81
2.09
2.98
-2.98
-2.93
-3.94
0.28
-1.86
-0.73
-0.5
2.1
-1.59
1.3
3.27
-1.24
-0.19
1.71
-1
2.9
-3.91
-0.57
0.55
2.06
0.52
3.95
3.66
0.16
-2.97
0.17
-3.16
0.68
-1.2
-2.49
0.75
-0.94
0.37
2.08
-1.61
-1.56
1.34
1.45
-0.95
2.73
-0.34
-2.44
2.6
1.73
-0.62
-0.13
0.4
3.8
-3.86
3.77
1.45
-2.13
-0.74
-3.98
-1.55
-2.93
-2.59
-0.09
-0.76
1.98
-1.58
2.82
-0.7
-3.1
-3.46
0.21
2.39
1.74
-0.68
-3.44
-2.45
-1.35
-3.63
1.82
-1.6
-1.04
-2.65
-2.08
-3.23
1.16
3.78
-2.95
0.53
-0.97
0.06
-1.13
3.8
0.35
-0.38
-2.69
-2.98
-2.57
-1.8
1.08
0.3
0.84
2.26
1.69
1.18
3.17
1.49
2.66
0.48
3.59
2.21
-1.2
-2.5
1.44
1.63
3.5
3.73
3.5
-0.87
2.09
2.2
-2.63
-1.71
-3.74
0.85
1.68
0.41
-1.96
-1.88
-1.99
3.55
-3.88
-3.56
-0.71
-2.49
1.56
0.7
-0.33
0.74
-2.39
3.68
-2.89
0.58
0.94
0.83
-2.75
-2.63
-1.64
2.72
0.13
-2.42
-2.47
2.3
0.12
2.89
-1.07
-1.45
1.99
-3.16
3.51
-1.25
-0.56
0.54
-1.53
-3.96
2.08
-1.65
2.21
-0.08
-3.93
-1.21
0.06
-1.25
-2.48
2.41
1.08
0.8
1.35
-0.57
-0.41
0.3
-1.95
-0.67
1.99
-3.58
2.01
-2.17
0.33
0.41
2.59
-0.99
2.71
-1.18
1.23
2.86
0.23
0.58
-1.89
0.9
2.76
2.91
-0.84
2.44
2.65
-2.66
1.53
2.78
0.77
1.71
-2.2
2.14
1.2
-1.44
1.25
-0.79
-3.3
-3.89
2.56
-1.96
-1.97
0.24
2.03
-2.2
1.33
1.06
0.08
-2.77
1.52
-1.33
-1.83
-3.5
-1.31
-3.56
0.68
0.69
-2.87
-0.39
0.68
0.65
-1.1
3.24
1.06
2.62
-1.39
-3.55
1.81
0.15
1.58
-1.98
2.15
0.12
2.02
-3.94
-1.14
-1.49
-3.12
-2.64
-2.9
-2.42
1.26
0.29
-2.75
-1.9
-0.47
-2.71
-0.55
0.76
1.89
-3.45
-1.93
1.09
-0.57
-2.1
3.15
-1.2
3.19
3.41
3.19
0.88
3.25
3.93
-0.35
-0.5
0.52
2.06
-1.51
-1.38
1.58
-1.84
-0.19
3.78
-1.5
-0.9
3.39
2.61
1.98
-1.05
-0.92
-2.68
1.01
-2.95
2.27
1.02
3.96
-2.95
-3.32
0.11
-3.09
-3.94
-0.67
-2.53
-1.83
0.23
-1.67
1.34
-3.37
1.76
1.58
1.48
2.8
-3.18
3.18
-0.28
0.75
-1.71
-1.41
-3.67
-1.48
-3.46
0.82
0.23
0.32
1.87
3.87
2.2
-2.34
2.63
-0.46
-0.54
1.38
2.38
-2.29
1.52
2.84
-1.66
1.61
2.28
-3.24
-1.96
1.97
-3.78
1.38
1.61
-1.48
0.19
-2.12
-1.46
-3.73
1.66
2.47
-3.66
-2.41
-3.63
-0.76
3.1
1.15
0.3
0.36
0.14
-0.32
-2
-1.79
-1.89
-3.91
-3.58
3.11
-2.35
0.89
-1.59
0.69
0.31
3.58
-3.53
-1.43
0.6
2.86
2.72
-0.65
-0.32
0.32
3.12
2.36
1.89
1
1.04
0.79
-2.67
-1.72
3.74
1.19
-2.7
-2.09
0.62
2.37
-0.04
2.01
-0.74
1.52
-1.91
1.08
-3.78
1.66
1.87
-3.03
-1.85
-3.24
-2.89
1.81
2.64
-3.76
2.44
-3.05
-3.32
3.82
0.57
-0.35
0.33
1.12
-0.94
-0.36
1.77
3.38
1.15
1.22
-0.61
-1.6
-1.05
-1.89
2.61
2.6
-0.4
-2.8
-2.75
2.6
0.1
-2.54
-3.52
0.91
-1.16
0.27
-0.33
-0.47
-0.36
3.5
2.76
-3.66
-2.78
0.81
-2.2
-3.69
-2.32
2.14
-1.54
2.46
3.31
-3.16
-3.5
-3.36
1.59
3.76
1.81
3.01
3.21
-3.96
0.64
1.24
3.71
-1.91
-0.28
-0.9
-0.84
3.42
-1.72
2.79
3.98
-1.76
-0.27
1.66
2.47
-0.96
-2.82
2.15
-3.7
2.29
0.91
1.46
2.75
-1.2
3.29
-0.75
-3.05
3.85
3.33
-0.92
2.46
0.67
0.33
-0.4
-1.15
-2.49
-3.36
3.14
-2.92
2.7
1.15
-1.74
-0.14
-0.33
2.48
1.07
1.12
-1.15
-1.83
-1.46
2.58
3.67
2.7
-3.09
-0.87
3.19
2.5
0.9
-1.2
-3.53
-1.85
-0.68
-3.91
3.2
-3.68
-0.7
1.91
-3.87
-1.2
0.95
-1.61
-1.95
1.07
-2.39
-2.86
-1.35
-2.4
-0.93
0.32
-1.79
2.14
2.11
1.67
0.78
0.51
2.8
1.97
-0.58
-3.54
-0.33
-0.98
-0.26
0.33
-3.39
0.55
-2.18
-1.83
0.66
-0.65
-0.82
3.16
0.98
-3.96
1.23
-3.86
0.52
-1.41
1.08
3.78
-3.52
1.59
-0.58
-3.42
-3.41
-1.67
0.04
1.66
-0.68
-1.32
-2.48
1.33
-1.51
3.67
3.14
-2.08
2.66
1.73
0.45
1.07
3.32
-3.53
0.94
3.72
-2.86
-0.94
-2.85
2.07
-3.57
0.63
4
0.2
-3.11
-0.35
3.99
2.09
3.61
-0.84
-0.26
2.28
-3.5
0.17
2.86
-2.03
-2.17
1.85
0.67
1.32
-3.09
-0.7
-2.51
2.8
2.15
-3.99
-3.55
-4
-3.36
-0.29
3.45
1.54
-2.83
1.98
1.22
2.69
-1.31
1.32
0.44
2.85
3.68
-2.96
-1.68
-0.5
-2.02
2.17
0.56
-0.86
-2.38
-1.03
1.89
-0.71
2.39
-0.16
1.15
1.14
-0.87
-2.81
2.06
-3.13
-0.81
3.99
1.44
-0.11
-0.28
2.2
1.1
-1.47
2.95
-3.84
3.29
0.51
-2.6
1.82
1.64
3.87
-3.03
2
0.81
3.98
-0.54
1.31
2.38
1.68
1.83
0.15
3.15
1.34
-3.18
-3.93
-0.44
-2.5
3.26
-0.43
-0.34
3.7
-0.39
2.44
3.78
-0.21
-2.94
-1.98
0.2
-2.54
-0.31
-2.63
-2.11
-3.43
2.21
1.28
0.17
1.14
0.38
2.08
1.41
1.88
-2.4
3.77
2.07
3.57
3.06
3.77
-2.29
2.87
0.61
1.78
1.26
1.84
-1.85
1.94
0.26
-1.47
2.22
-2.98
2.92
-2.56
-2.89
0.92
-2.01
0.45
-1.74
2.57
3.13
-0.46
-0.09
2.43
1.12
-2.82
2.17
1.79
2.1
-0.16
-3.64
-3.8
0.73
-2.71
-3.69
1.33
0.86
1.91
0.12
0.06
2.42
-3.73
-2.98
-2.37
2.92
-0.65
3.17
-0.03
0.76
0.69
1.78
-2.39
1.31
-3.51
-3.37
2.17
-1.04
2.18
-3.35
0.07
3.67
0.37
3.84
-3.59
-1.83
2.01
0.3
1.62
-2.88
-0.22
-3.95
0.08
-3.67
2.21
-3.85
2.86
-1.48
-1.73
3.51
-2.23
-1.99
-1.8
-2.98
-2.59
2.06
2.75
-1.1
0.24
-3.34
-1.85
-1.64
2.68
1.25
-3.96
0.39
-1.95
-3.57
-3.4
3.47
-3.1
3.06
-2.45
-1.16
-3.03
0.63
-2.31
-2.72
3.11
-3.66
-2.22
-0.35
-3.31
2.68
2.89
-1.95
1.47
-0.66
2.43
-1.65
-0.58
-0.89
-3.94
0.96
2.98
-2.58
-2.62
2.84
-3.72
-2.19
2.1
2.43
-2.09
-1.19
2.61
-1.28
-3.54
3.36
-3.95
0.78
0.37
1.47
-0.21
-0.11
2.88
2.5
-2.33
-4
2.37
1.99
2.92
2.71
-2
2.25
0.04
1.79
2.99
0.59
-0.14
3.56
-0.76
-1.14
-3.01
1.29
-1.76
-0.64
-2.27
1.89
-3.93
0.17
-2.42
2.11
-0.71
-2.36
1.99
1.96
3.33
0.17
2.08
-3.53
3.75
-2.62
-3.53
-1.7
-1.1
3.4
0.42
-0.33
2.77
-3.19
-0.27
-0.12
-0.5
-3.51
-2.47
-2.49
0.47
2.5
-2.35
-0.48
0.77
-0.21
3.94
-1.81
0.4
-3.2
-0.58
-3.64
-3.75
2.08
2.47
-1.18
2.51
-0.62
3.81
-2.14
-1.62
2.7
-1.61
-1.16
2.95
2.07
3.12
3.26
-3.57
1.71
-1.39
-1.21
-3.9
0.48
-2.51
-3.18
-1.49
-1.44
-0.29
-0.04
-2.55
2.28
1.9
-1.9
-0.02
0.05
-0.59
-3.32
-1.66
-3.09
1.37
-3.88
-3.32
3.68
3.13
1.78
0.11
2.81
0.58
2.71
0.67
-3.33
-2.24
2.7
2.19
-3.38
-3.75
-0.22
0.59
1.64
-3.7
-0.05
3.67
-0.15
-3.59
0.11
-3.21
-3.72
2.87
-1.11
-1.34
2.43
0.91
3.52
-3.66
-1.52
-1.9
-3.57
1.35
-0.29
0.72
-0.29
1.99
1.01
3.29
-3.22
0.52
3.21
-0.09
-0.64
-0.2
3.63
0.1
0.71
-3.39
-2.59
-3.55
0.84
3.27
-0.98
0.98
-0.18
3.95
-2.32
0.04
2.24
-0.24
-1.76
2.35
-0.29
2.52
3.83
2.43
-3.13
-3.08
0.6
1.97
-1.34
0.56
3.64
3.6
-2.41
0.38
-0.49
3.1
-0.97
-1.67
-3.8
2.91
2.93
-1.97
1.27
-2.83
-1.67
2.74
-3.11
-0.24
0.3
-3.04
-2.95
1.02
-1.73
-3.15
-3.8
0.84
-0.03
-2.81
-0.78
-0.22
0.01
-0.55
1.8
-3.72
3.63
-0.57
-0.62
3.45
0.43
-1.41
-3
-0.09
-0.45
-0.66
3.43
-2.33
-2.76
2.66
0.09
-1.86
-3.97
-3.17
-2.34
-2.31
-0.49
-1.39
1.32
-3.26
0.17
2.67
-0.88
-2.17
3.11
0.42
-1.11
-0.53
0.23
0.99
-2.46
2.91
-0.65
-2.56
3.34
-2.3
3.96
1.14
-2.53
2.94
-2.58
2.53
-0.41
1.32
1.1
-2.93
-0.25
-0.82
-2.22
0.1
0.77
1.02
2.11
-1.37
-0.73
1.76
3.48
3.18
0.8
3.13
-3.56
-0.05
1.44
0.26
1.11
1.19
2.8
2.59
-2.51
3.97
-2.26
2.37
-2.87
2.39
3.32
1.65
-0.92
1.8
0.73
2.04
-3.33
3.71
-2.31
-3.87
-3.79
0.53
-3.21
-3.29
2.18
-2.43
-1.78
-3.22
-3.66
-1.66
2.49
1.48
-2.92
3.34
-3.79
3.92
-1.72
1.17
-2.32
-2.18
-1.64
2.41
-0.12
3.73
-0.68
1.63
-1.32
-2.32
-1.56
2.77
2.46
-3.27
-1.74
1.31
0.04
-3.42
0.39
2.08
-3.6
3.93
1.74
-3.05
2.02
2.79
3.91
-2.16
0.56
-0.26
1.58
0.82
-0.25
-0.5
2.03
3.87
1.78
-2.19
-3.36
-2.93
1.4
-3.45
2.9
-3.46
2.35
-2.43
-0.11
1.75
-0.78
-0.22
-0.71
3.63
-0.48
0.21
0.76
-2.24
0.09
-2.6
-3.62
1.09
3.82
-2.53
-2.94
2.95
0.1
1.62
-0.98
-1.05
-1.29
-1.61
3.54
-1.77
3.95
-0.69
-3.33
3.86
-2.98
1.19
-1.39
0.45
-1.1
-1.85
2.63
-3.22
-3.56
1.96
-2.71
3.54
2.74
0.26
-0.23
0.37
-2.58
-0.45
-2.75
-0.07
3.49
3.96
0.44
-3.28
2.56
-3.07
-0.96
-3.18
0.25
-2.94
3.69
-3.79
-0.47
0.9
-3.27
2.91
2.8
-0.06
-1.81
1.67
-1.15
-3.72
2.5
2.15
0.33
-0.52
0.21
2.45
2.63
-0.84
-3.19
0.39
-1.95
0.75
-3.63
-2.93
-3.26
-2.12
1.89
-2.04
3.12
1.81
0.54
3.39
2.27
-2.92
0
-2.16
-0.47
0.87
1.58
1.48
-2.64
-0.41
-2.93
3.21
-2.55
2.3
0.4
-0.92
0.72
0.59
-1.81
-2.92
-3.76
-0.7
2.16
2.79
0.53
3.66
2.16
0.91
2.06
-3.77
2.56
1.04
-0.26
3.11
3.89
-0.75
3.48
-1.63
-1.08
-2.25
1.59
-0.67
-0.98
2.47
-0.33
-2.83
3.62
-1.55
1.49
-1.2
1.24
-1.47
-0.39
-0.54
3.14
-1.04
-1.08
1.22
1.31
-0.13
2.72
-3.34
3.43
-2.87
1.04
0.04
-0.54
-1.65
2.41
-2.85
-0.4
-1.65
-2.34
-3.56
-0.51
0.92
-3.73
3.7
-0.89
-0.64
-3.96
-0.3
3.43
-0.75
-1.01
0.03
-2.57
-3.72
3.97
0.92
-3.68
-1.74
1.07
3.06
-0.96
0.93
-0.1
-2.11
-2.57
3.64
1.71
1.27
0.05
0.34
3.2
-1.11
-3.14
-0.84
3.97
-1.78
-1.31
-0.77
-1.9
-2.05
-0.17
-0.98
-2.76
0.17
2.14
-2.99
-1.4
-0.83
-1.62
-2.51
-3.18
-2.66
1.29
-1.39
1.41
2.57
-2.99
2.38
2.27
-0.52
1.65
-1.23
3.65
-0.91
0.05
-3.9
-0.84
2.27
-3.68
1.75
-1.77
1.1
-3.85
-0.89
-0.78
-3.99
-0.31
3.74
-0.24
-3.59
1.04
-1.46
-1.12
-1.44
-0.48
1.85
1.61
2.25
1.76
-2.6
-2.8
0.31
0.97
2.63
0.31
-2.95
-0.63
2.16
-3.89
2.03
1.85
0.33
-1.16
0.64
3.26
-0.28
-2.81
-1.83
3.4
1.39
-1.13
-2.72
-1.38
1.85
2.45
-0.9
3.9
1.09
3.58
2.21
-1.5
0.92
-3.5
2.92
0.54
1.93
-3.87
-2.47
2.8
-1.83
0.64
1.54
3.62
