-10
-3.64
-0.93
-0.06
-0.04
-1.55
-3.62
-1.88
-3.1
3.79
-0.93
-2.54
2.63
-1.97
3.26
-2.18
0.15
2.24
2.67
-0.64
-3.12
1.72
1.44
3.72
-1.4
3.47
-3.38
-1.2
0.66
1.48
-1.52
-2.25
-0.01
-3.57
-0.07
-1.91
-3.96
-3.25
-1.47
-3.67
-1.31
0.48
3.46
3.61
-2.55
-3.95
1.72
-1.86
-1.18
-1.66
3.23
0.91
3.62
-0.52
-0.66
-1.29
-1.07
-0.65
-2.67
0.49
-2.18
1.58
1.47
-0.58
1.3
-2.68
1.48
2.2
2.11
1.17
-2.23
-0.61
-0.29
2.34
-3.33
0.41
2.26
1.83
2.27
-1.46
-2.26
2.48
3.99
-1.69
2.26
1.58
-1.87
-3.49
1.09
-2.79
3.16
0.69
3.42
2.04
2.52
1.11
3.01
0.03
-1.69
-3.88
-1.42
3.53
0.04
1.66
-3.44
-0.17
-2.81
-2.72
-1.19
2.94
0.46
1.11
1.09
2.8
-1.25
-0.66
1.6
-0.85
1.16
3.73
3.19
0.97
-2.9
0.89
2.02
1.08
-0.03
1.67
3.83
-0.44
1.4
-1.78
-0.48
2.14
3.96
-1.79
-1.56
-1.68
-2.26
-1.57
0.38
-3.16
1.71
2.16
0.76
-1.96
3.61
-3.38
-0.71
-0.83
3.52
-0.15
2.88
-1.42
-3.06
1.62
2.43
3.16
3.65
-0.51
3.86
-0.47
-2.54
3.25
-2.47
-1.77
-2.41
2.95
2.84
-3.47
-3.1
-0.72
-2.59
-1.27
-0.65
2.34
3.26
-1.05
-3.88
-0.03
1.47
-0.65
-1.62
0.65
0.05
-2.46
-0.65
-3.07
1.2
-1.66
-0.21
-0.72
-1.32
2.26
-1.43
-3.15
3.39
2.46
0.62
-1.47
-3.55
-3.34
-2.21
-1.24
-1.73
0.23
-1.56
0.14
3.24
-1.4
2.36
-0.52
3.03
-0.33
2.02
0.51
-2.86
0.82
-0.8
3.99
2.88
-3.35
-2.26
0.5
0.75
1.62
-3.41
-0.85
-3.85
-1.51
2.96
-3.2
2.33
1.6
-0.48
0.8
-2.44
3.63
-1.62
3.82
3.11
3.21
-2.3
-1.41
-0.02
-3.7
0.26
3.01
-3.77
2.07
3.71
-1.43
-0.75
0.63
-0.35
3.8
2.93
1.29
2.01
0.65
-0.37
3.29
-0.01
0.74
-0.35
1.55
1.15
-2.58
-3.85
-2.79
-1.06
-2.48
-1.57
-0.61
-3.12
3.68
2.96
3.15
-3.49
0.44
-2.64
-2.41
-1.08
-1.91
-1.21
0.38
1.56
-2.31
-2.06
-0.28
1.88
0.27
-2.39
1.73
0.18
3.82
-0.78
0.96
2.95
2.43
-0.85
-1.17
2.85
3.02
-0.88
2.19
-3.87
3.86
-0.25
-0.02
-3.17
3.78
0.78
-2.43
-0.71
-1.96
0.37
-2.1
-2.05
3.27
4
-0.54
3.48
0.44
-0.67
2.68
3.91
0.71
3.22
-2.94
0.45
-2
-3.8
-1.91
-2.72
2.53
-1.26
-0.09
2.97
0.6
0.25
1.7
1.95
1.97
-1.11
2.11
3.5
-3.97
-1.57
-1.87
-0.55
-2.68
-0.99
3.69
2.44
3.7
-0.65
-1.59
-0.32
0.45
2.28
-0.58
-3.36
-1.32
3.53
2.84
3.58
-1.32
-3.71
0.77
3.3
-3.55
-1.07
1.35
-0.99
-1.7
1.51
-2.49
-2.46
1.23
3.18
3.88
-1.73
1.08
1.62
-0.87
2.99
-3.49
-0.34
-2.42
-0.82
-3.67
-3.78
-1.49
2.33
-3.18
1.05
-0.73
2.44
0.05
2.54
0.81
3.75
1.67
-1.17
-1.01
2.39
1.66
0.67
0.13
-1.81
-2.17
-3.14
2.46
1.28
2.41
-2.85
-0.43
1.06
0.4
3.85
3.06
3.03
2.71
-2.42
2.97
-3.78
-3.58
3.03
-1.82
1.25
-1.77
-0.93
1.5
2.7
-1.63
-3.88
0.6
-1.76
-1.38
0.74
-2.67
-0.15
3.53
3.4
-2.66
3.47
-2.23
1.24
3.92
3.68
-2.53
2.21
-1.96
0.21
3.49
1.78
-2.97
0.08
-0.14
-1.24
1.97
2.64
-1.52
2.89
3.96
2.77
-0.63
3.77
-1.1
2.28
0.55
-2.68
-1.56
3.66
2.51
-0.8
3.51
3.32
-3.76
3.51
2.46
-0.82
3.11
-1.49
-0.23
0.02
-2.97
-2.72
3.21
0.59
3.09
-3.49
2.38
3.86
2.78
-1.3
-2.63
-3.36
3.44
-1.42
0.1
-1.99
-1.67
-2.37
-0.87
-3.86
-0.23
-1.62
1.7
0.28
2.28
-2.28
-0.16
0.36
0.31
-1.22
3.53
3.98
-0.89
-0.07
1.73
-1.92
-3.45
2.32
3.2
0.03
-1.05
-1.42
-3.13
-0.19
-2.17
2.87
3.88
1.67
-0.59
0.44
-3.16
1.48
3.39
-0.37
-3.75
2.65
-0.41
-1.07
2.31
1.37
0.68
-1.99
-0.46
-0.01
-0.82
-2.6
1.54
-0.5
0.85
-1.99
-2.54
0.01
-1.56
3.1
1.2
-2.82
-2.49
-2.12
-1.55
3.42
-2.16
2.17
-3.05
3.88
-2.07
-1.96
-3.42
3.49
-0.32
3.08
2.5
1.62
-4
-2.18
3.35
-3.07
3.05
0.88
-3.37
-3.57
-2.68
0.38
-3.18
-2.61
-1.03
0.83
-0.97
-3.72
2.43
3.07
1.14
-2.3
-3.52
2.9
-0.48
2.52
-2.94
-0.33
-1.95
-2.87
-3.19
2.06
3.83
1.77
-0.49
-0.15
0.01
-3.39
3.76
0.26
-1.86
0.63
-2.75
-1.98
2.09
1.47
1.34
3.56
0.91
1.11
3.02
-3.7
-2.95
0.61
-2.06
0.8
1.14
-2.89
2.3
-3.18
3.88
-0.63
-1.18
3.5
3.62
-0.73
0.55
-0.95
1.89
3.13
-3.18
-1.59
-3.47
-1.84
0.93
-3.5
-3.56
2.47
-3.19
2.06
-2.83
-2.5
2.77
0.95
-1.88
-3.49
1
-0.78
-0.18
2.72
2.71
-1.11
-1.68
2.93
0.39
2.77
-2.2
-2.25
-1.6
-1.19
-3.09
-1.71
-2.33
1.78
0.28
0.6
3.78
2.89
3.69
-2.57
0.35
2.67
-3.7
-3.77
3.65
2.38
0.61
1.88
1.38
3.11
2.27
-2.67
3.24
3.17
-3.59
1.93
-3.91
-2.4
1.78
2.16
2.71
2.69
0.06
2
1.15
2.89
3.83
-3.02
-3.33
1.53
-3.26
2.12
-0.47
-1.62
-1.64
-3.96
-1.41
-1.92
3.28
2.01
-1.85
-0.07
0.38
-0.7
0.54
3.58
-0.95
-1.49
1.36
2.35
0.5
2.17
-2.89
-2.48
-1.27
1.66
-1.4
-1.7
-0.91
-3.24
2.56
-0.37
1.2
3.85
2.37
-3.85
1.8
0.85
0.8
-3.63
-0.66
2.02
-1.67
3.77
0
-1.22
-1.69
-3.24
-2.55
1.57
-0.17
1.31
-0.38
-1.68
-2.98
-1.43
1
-1.99
3.66
0.71
1.44
-3.71
2.99
2.52
3.46
2.53
2.73
0.53
0.93
0.38
-2.22
2.21
1.71
0.99
-0.99
2.49
-0.17
-2.65
1.53
3.96
-0.65
-2.16
-3.16
1.53
0.93
-2.76
-4
-1.13
2.83
-0.21
-0.84
-0.21
1.19
-3.91
-1.06
-0.95
3.03
-0.19
-3.7
1.47
0.05
1.78
-0.16
1.07
-0.22
1.63
3.61
2.64
3.32
-1.46
2.75
-0.35
0.48
3.7
-2.64
-0.41
3.45
-2.54
-2.41
2.22
2.53
-0.15
1.71
-2.86
-2.78
1.99
-2.99
1.62
-1.96
3.97
3.46
-3.98
-2.96
-3.95
-0.09
1.57
2
-0.22
-2.26
3.3
-2.36
-2.64
-0.44
0.28
1.05
3.51
3.31
1.5
2.74
3.35
-0.4
1.57
-1.78
-1.91
2.95
-3.81
-3.94
-1.31
-0.15
1.79
0.61
-2.02
0.6
3.36
-0.92
2.73
-1.39
0.43
-0.21
-0.21
1.6
-0.33
3.72
-1.71
0.57
1.16
-3.71
-2.57
0.1
-2.29
2.69
-0.48
2.89
-1.31
0.36
-2.11
1.8
2.95
-2.89
-0.29
1.5
-0.69
3.93
-0.05
-1.31
3.66
0.77
0.2
-2.81
2.33
0.9
-1.12
-2.3
-1.06
-2.25
3.94
1.85
3.93
1.52
-2.21
3.9
2.64
2.6
-1.87
3.11
-2.91
-0.9
-2.1
-1.01
-2.81
-3.08
-0.34
-0.69
-3.92
2.3
-1.72
-0.26
-0.24
3.61
0.92
-3.62
0.09
-3.77
1.77
0.82
-0.2
-2.18
-0.05
-3.06
0.42
0.04
1.87
-2.58
3.32
-0.19
2.86
0.71
1.8
0.85
-2.41
0.55
-1.13
-2.79
-4
1.4
-2.76
3.57
-2.38
0.64
3.47
0.2
-1.92
-3.68
-3.4
-2.6
-0.2
2.41
-3.18
1.32
-0.69
3.28
3.16
-3.05
2.58
1.15
-0.95
-1.77
0
0.27
3.44
1.58
1.95
2.92
2.01
-3.64
1.51
-1.12
-3.78
-3.63
-0.43
0.24
-3.81
3.31
-2.53
-3.78
-2.05
1.55
-3.18
1.92
-4
-3.55
-0.12
-3.53
-2.46
-1.68
1.4
-2.09
-1.37
-1.15
-1.65
3.01
-0.43
1.35
1.21
-2.11
2.26
-0.84
-1.69
-3.77
-0.11
-3.08
2.18
-3.55
-2.26
3.07
3.08
3.86
3.49
2.35
-0.81
1.5
-2.6
2.08
0.26
2.99
-2.31
1.47
1.38
-0.32
-1.03
-0.4
-3.76
1.37
2.03
0.57
-3.34
-1.15
-1.91
3.59
-2.03
2.79
-0.76
-3.41
-1.98
3.09
-1.73
-0.57
2.73
-1.53
-0.75
1.54
-1.57
0.29
3.66
0.85
1.6
1.49
-2.92
2.23
-3.8
-3.22
1.79
2.63
1.27
-3.71
-3.33
-3.2
-1.57
1.18
2.41
0.22
1.76
3.9
0.38
0.4
-1.74
-3.19
0.06
1.17
0.72
2.26
2.75
-1.09
-3.57
1.43
-2.84
-0.04
1.71
-2.82
2.97
-0.83
-2.24
-0.13
3.39
-2.81
-3
0.61
-0.68
-2.28
2.42
-2.54
-3
-2.46
0.06
3.03
3.79
-1.46
3.92
-0.74
-1.42
0.79
-2.57
-0.09
-2.5
-2.06
-1.96
-1.13
2.2
3.84
3.14
0.71
-0.9
-2.75
2.22
-0.77
-1.54
-2.11
-3.49
-0.81
-0.6
1.66
1.49
-1.67
2.76
-0.75
1.26
1.2
2.86
-2.6
1.65
2.62
0.05
-1.55
2.6
-1.82
-2.26
1.85
-1.64
1.45
3.16
2.14
2.42
-0.51
-1.41
-2.29
2.37
3.76
-0.67
-3.18
0.57
1.9
-1.98
0.72
3.86
0.93
3.3
3.1
1.16
2.26
0.69
0.84
0.02
0.8
-1.82
-3.49
-3.35
-3.36
-1.35
0.04
-2.51
0.62
3.53
-0.93
0.04
1.26
3.24
-2
3.75
1.05
0.89
1.5
-2.14
2.03
0.84
3.76
0.59
3.33
-1.41
-2.33
-1.12
-1.36
-3.32
0.11
-3.24
-1.69
-1.88
-2.38
-2.7
-1.93
-2.95
1.73
1.1
3.3
3.34
3.96
2.37
2.96
-3.32
-1.4
1.69
1.29
3.36
-3.89
-2.64
3.19
-1.02
1.99
3.97
-1.57
-0.08
-2.67
2.05
-3.03
-2.85
2.86
-0.07
-0.59
-1.69
-2.28
-0.86
1.62
-3.31
1.68
-0.01
3.17
-3.6
-1.43
2.7
0.88
-2.62
1.64
2.65
4
-0.01
1.59
-0.71
-3.43
-1.26
-2.42
3.34
0.14
-2.34
2.88
2.15
3.73
3.68
0.13
2.14
-3.52
0.02
-1.05
0.65
2.96
3.47
-3.94
0.6
-2.32
0.13
-1.8
2.78
-3.6
3.29
-0.92
-2.96
2.29
-1.31
2.05
0.99
-0.44
-0.44
-0.64
-3.33
-3.27
-1.61
3
-0.04
-2.18
3.53
0.27
3.49
0.27
0.43
2.22
-3.14
2.43
-3.02
3.69
-3.47
-0.08
-3.01
-2.39
0.45
-3.46
-1.2
2.93
0.85
2.59
1.83
3.87
1.04
-2.38
3.14
-1.42
0.92
-3.34
-1.72
-0.08
0.57
-3.54
0.1
-1.23
-1.85
3.86
-1.29
-1.49
-0.02
-2.93
-1.79
-1.39
1.3
-1
1.52
-2.93
-1.44
-2.05
2.92
-3.87
1.94
-0.53
-1.85
1.38
-0.01
3.67
3.24
1.86
1.14
-2.15
-2.7
-3.81
0.15
1.07
-0.88
-3.94
3.82
2.22
3.46
0.59
1.83
-3.72
-1.06
-0.23
0.37
-0.78
-1.44
-1.97
0.11
2.07
-3.99
-1.04
-2.25
-1.85
1.99
-2.91
2.31
2.73
2.79
-1.51
-3.38
0.86
1.37
-1.87
3.78
-1.99
2.47
-3.77
3.89
1.46
-2.75
0.35
-1.5
-1.68
-1.69
1.65
-3.48
2.39
-2.99
-3.23
1.1
1.2
-2.25
3.08
-2.17
2.34
2.45
-2
3.09
-1.98
-2.24
-2.91
3.44
0.97
-0.03
-3.04
-1.08
-3.19
-0.01
-1.65
0.76
-1.67
-1.86
2.65
0.81
-0.33
-3.54
3.43
3.85
-3.67
-3.44
3.93
1.72
2.01
1.39
-0.58
-0.9
2.29
-3.71
-2.56
-0.43
0.47
-2.86
1.86
-0.31
-3.84
0.91
1.53
2.36
-2.66
-1.28
3.72
-1.61
2.66
0.02
-1.23
-0.94
-0.9
-1.73
2.17
1.87
3.03
-1.85
2.75
-2.54
-2.16
-0.62
-2.58
3.59
-3.46
1.87
0.63
-3.49
-1.45
2.79
-3.72
-2.82
0.29
-1.05
0.64
2.76
-1.07
-2.94
2.5
1.62
-3.15
1.53
3.06
-2.01
-1.39
-3.64
4
0.02
-1.87
-0.43
0.54
-1.69
-1.6
0.4
-2.15
0.79
-0.52
1.95
1.82
-0.52
2.1
3.2
3.85
3.88
-0.27
-2.41
2.77
-3.86
1.63
3.41
-1.06
1.97
-0.34
-2.87
-3.39
0.31
0.33
3.44
0.97
-3.82
1.87
-3.4
2.39
2.99
-1.76
1.98
2.79
3.89
-2.91
3.86
-0.72
0.98
-0.75
-0.98
3.53
-2.35
1.69
3.18
2.26
-2.98
-2.41
3.86
2.4
-1.27
-3.38
2.58
2.66
-2.74
-0.21
1.55
-3.54
0.04
-3.03
1.64
1.61
1.49
-3.19
-3.15
1.63
1.75
-1.19
2.89
3.05
1.77
0.12
1.96
-1.28
-3.37
-2.39
2.96
2.63
1.15
-2.83
-0.05
2.59
2.02
-1.79
-0.34
2.36
-0.33
3.33
1.52
0.1
-0.45
3.4
3.24
0.01
1.61
1.41
-1.97
-3.17
0.83
-2.45
-3.49
2.22
-1.29
-3.2
-3.37
2.61
-1.33
-0.14
2.02
3.66
0.83
2.93
-0.69
-1.13
1.03
3.05
3.6
-0.72
1.16
-1.5
-2.05
2.43
1.29
-1.22
-0.5
2.37
0.89
-2.05
1.11
-0.78
3.58
2.12
-2.21
-0.41
-3.34
1.74
-0.12
1.21
-2.42
1.05
-0.32
3.82
-2.7
1.86
3.27
0.63
0.08
0.37
2.98
2.56
