-8
-1.9
-0.85
-3.73
0.72
1.44
-2.1
1.72
2.68
-2.96
1.3
-1.27
1.86
3.11
0.69
3.93
3.37
-1.39
-0.63
-1.13
3.61
2.75
-3.62
1.69
-0.17
-2.57
0.36
0.46
-0.1
0.85
-3.41
0.25
-1.71
-2.37
-2.34
-1.08
-1.96
2.65
3.24
-3
3.6
-1.39
0.1
-0.88
0.28
-1.92
0.48
0.38
-1.33
-1.88
-1.86
-3.19
-3.17
0.78
3.08
2.95
-0.4
-2.1
-2.93
-1.98
-0.1
0.21
-2.84
1.7
-1.99
-0.19
1.85
-1.9
-1.28
-3.72
-1.04
-2.2
1.84
-0.87
-2.99
-1.66
1.74
3.84
-1.24
-2.09
2.72
-0.44
-2.49
-3.18
2.69
-1.97
-0.42
3.94
2.17
-3.34
0.56
-3.07
-3.05
1.85
0.81
2.66
2.26
3.37
-2.4
-1.75
1.17
1.57
-0.9
-1.47
-0.48
0.8
-0.48
-1.87
-3.37
2.43
-2.05
1.14
1.22
3.42
2.96
-1.19
3.68
1.98
1.78
0.44
-2.84
-2.25
