0
1.39
0.06
-0.73
-1.37
3.93
-0.4
-1.14
-3.14
-1.88
3.9
2.3
2.73
3.31
3.42
0.05
4
-0.68
-0.67
2.2
3.31
-1.98
0.09
-3.33
1.12
-3.74
-1.64
0.26
4
-3.22
-3.24
1.22
-3.62
0.81
-2.6
-0.94
-1.29
-3.41
-0.22
1.87
-2.6
3.92
-3.48
0.47
-0.92
-1.69
0.54
-3.01
3.21
0.03
-2.4
3.81
-0.35
-1.12
-2.73
4
-1.57
-1.92
3.46
1.23
-2.86
-0.4
-3.79
2.09
-0.7
-3.97
0.01
1.34
2.67
-1.02
-0.49
3.7
3.75
-1.88
2.53
3.5
-0.49
-3.2
1.81
1.57
2.23
-2.42
-1.5
3.02
3.5
-0.78
-1.68
0.33
-0.05
-1.51
-2.41
-2.9
-1.38
0.38
-3.27
-1.28
1.15
3.9
0.87
-3.54
1.04
-1.17
-2.81
3.35
3.44
1.91
-0.42
-0.17
-3.98
2.13
3.44
-0.6
-2.19
0.67
3.07
2.57
-3.18
-1.48
-1.8
0.67
-1.47
0.35
