-3
-0.22
3.07
1.15
-0.48
1.57
-0.26
1.96
2.67
-3.66
1.22
-0.53
2.92
-3.28
-0.68
0.13
2.13
1.87
-4
0.81
-3.81
3.87
3.97
-1.98
-3.44
-1.31
1.4
-2.85
-1.75
-3.38
-2.98
3.77
-2.87
-2.31
-2.62
1.51
2.5
1.81
0.87
1.46
2.9
-1.82
3.75
-0.11
-3.78
-3.13
0.1
-3.28
1.91
-2.95
-3.31
2.53
-1.53
-3.25
-0.34
3.64
-0.67
0.98
3.48
2.99
1.96
1.64
-3.49
3.79
-0.9
2.77
-1.06
1.66
3.74
-3.95
3.59
3.76
-0.21
2.52
-1.17
1.34
2.19
-1.81
-0.47
-1.66
3.45
1.41
-0.4
-3.88
0.1
0.91
1.32
-1.91
3.23
0.23
-3.67
3.08
-3.04
-2.45
-0.35
-0.82
2.95
0.46
0.22
-1.81
0.22
0.61
-2.9
3.27
-1.58
-1.81
-1.57
-2.9
-1.43
0.25
-3.84
-0.99
0.62
-2.09
0.68
-0.25
-2.93
0.19
0.76
-3.77
3.76
-2.22
