-3
-3.86
3.85
-0.24
-3.11
3.08
0.37
-0.43
3.98
3.88
1.17
-1.5
-1.95
3.43
-2.21
-2.23
-1.46
3.32
-0.04
-2.36
-3.49
-0.7
1.9
1.5
1.02
3.39
1.42
-2.14
-0.08
-3.96
-0.11
-1.86
-3.19
-2.83
-2.86
-3.46
0.42
3.73
-1.68
-1.01
2.37
0.32
-2.71
2.92
-1.64
-1.19
3.89
3.06
-2.24
0.37
0.44
0.11
2.78
0.49
-0.38
-2.07
-1.75
-1.65
2.74
-2.5
-2.34
-1.49
3.66
3.94
-0.01
-0.98
-2.32
-3.13
2.29
-2.75
1.36
-1.19
0.99
-3.03
-0.73
0.2
-2
2.98
-0.87
-1.79
3.51
2.36
-3.91
3.55
-0.39
3.78
-0.63
0.33
1.56
3.21
2.29
-1.93
-3.01
-3.19
-2.67
-0.14
0.66
-2.64
-1.07
3.34
-2.87
3.01
-3.23
-3.49
3.02
-2.38
3.12
1.8
-2.79
3.42
3.93
-0.72
3.22
0.53
-2
-0.7
-1.59
-3.9
0.32
0.21
3.65
1.35
