-7
-1.91
3.03
1.78
2.6
0.22
1.38
-1.05
1.42
3.32
-1.14
1.92
1.21
-0.77
2.02
0.75
-0.44
-0.46
-0.78
-3.97
2.82
1.25
-3.78
-3.53
3.96
-2.82
3.97
3.69
3.32
-3.58
3.52
-3.33
0.22
1.54
2.13
0.95
-0.18
1.9
-2.35
-0.8
1.29
2.57
3.11
-2.49
-2.78
2.34
-1.68
0.36
-1.39
3.22
-1.94
-0.72
0.27
0.25
2.75
1.44
-2.13
2.56
1.82
1.41
0.26
1.69
-0.37
1
3.8
-1.81
-2.3
3.68
1.1
-2.94
-3.07
1.67
-2.11
-3.98
-1.26
-3.76
2.15
2.72
3.25
-2.38
2.86
-0.39
1.08
-3.91
2.36
0.24
0.41
3.97
2.8
-3.32
-0.92
1.26
-3.93
0.24
2.95
3.6
-1.07
-1.89
-2.29
3.04
0.64
-1.36
3.26
-2.46
2.29
0.4
-2.62
0.25
-2.5
2.5
3.3
-0.85
3.32
0.2
2.55
-3.36
-3.39
-0.47
2.64
-0.44
1.78
-2.27
