-5
2.33
-2.03
0.42
-2.51
3.7
-3.87
-1.14
1.48
-2.67
0.28
-2.14
-3.89
-1.13
-3.37
2.46
1.8
-1.79
-1.44
1.34
-1.05
-3.39
3.56
-1.9
-2.57
-1.69
2.17
1.54
-0.76
0.47
2.92
-1.16
3.78
-3.18
-1.61
2.36
3.88
0.39
-2.72
-3.54
1.7
3.8
-0.56
1.6
-0.48
-1.69
-3.13
-2.56
3.41
-1.15
-2.43
-0.21
2.3
0.81
-0.46
-0.86
2.77
3.88
-1.01
3.19
-2.48
-1.4
3.63
-2.99
-1.58
-2.56
-1.92
3.3
-3.52
-1.72
2.59
-2.6
-3.08
-1.9
3.64
-0.84
1.17
-2.04
2.58
3.12
-2.57
0.73
2.13
-3.61
-1.11
-0.87
0.54
-1.03
1.29
3.25
3.59
4
-2.6
-1.91
2.94
-0.9
-3.83
-1.58
-0.82
-1.92
-3.78
-2.42
-3.05
1.13
0.27
-3.84
-1.14
0.2
1.17
-3.62
1.97
0.81
-2.71
-0.13
1.76
0.8
0.48
3.24
2.12
3.29
0.9
3.12
