-6
3.08
-1.04
-0.72
-2.19
0.18
3.64
3.42
3.54
-3.37
0.04
-0.21
-2.93
-3.5
1.58
3.58
-3.47
-2.02
-3.35
1.58
-0.89
2.14
3.29
-0.99
-1.15
0.47
2.82
2.03
-2.56
0.56
1.05
2.73
3.69
-0.22
-0.32
-2.3
1.56
-0.27
3.82
-1.06
2.16
-2.2
3.89
3.3
3.24
-0.58
-0.55
-2.51
1.73
-1.16
3.58
-1.67
-0.45
-1.93
-1.76
1.19
3.8
3.95
-3.58
1.34
1.36
-2.39
1.97
-1.02
-0.41
1.32
0.1
1.3
0.82
-0.12
-1.98
0.8
-1.83
1.72
3.42
-2.69
2.25
3.99
-0.22
3.44
-2.98
1.32
-3.7
2.61
0.98
-1.28
-0.83
1.62
-2.46
2.5
-2.1
1.61
-0.7
-1.52
1.58
0.55
-0.17
0.91
-0.29
-2.09
3.32
2.15
0.68
-2.16
-3.19
-1.23
-3.85
1.84
-1.34
-3.08
2.94
3.81
0.17
-3.01
0.31
-3.96
-2.7
3.37
2
-3.14
-1.86
2.49
