-5
-1.9
0.78
-1.94
-1.29
1.44
-1.32
-3.04
2.68
-1.44
1.77
-1.89
1.86
0.53
0.69
1.99
3.37
0.87
-0.63
-1.13
0.92
2.75
-3.62
1.69
-0.17
-3.94
3.22
-0.95
0.07
-3.25
-3.41
-3.64
-1.71
-2.37
-2.12
-1.08
-1.52
2.06
3.24
-2.58
-3.45
-1.67
0.1
-2.78
-2.58
-1.92
-0.45
1.94
0.55
2.63
2.02
-3.19
-3.17
1.89
3.08
2.95
-0.4
1.74
-2.93
-1.98
-0.06
0.21
-2.84
-2.2
0.32
2.29
1.85
1.68
1.68
-3.72
-1.93
1.7
-0.82
-2.5
2.29
-1.66
0.67
3.84
-1.24
0.33
2.72
-0.44
-3.77
-3.18
2.25
-3.17
-0.42
-2.96
-0.79
-2.45
0.56
0.64
-3.05
2.07
0.54
2.66
2.26
-2.26
0.1
-0.91
-0.88
-1.86
-0.9
-1.47
-2.92
3.05
-1.98
2.82
3.71
2.43
-2.05
-0.93
0.25
-2.75
1.78
-0.66
2.12
1.98
-1.06
-0.51
-2.84
-2.25
