-10
0.84
-1.76
1.8
-0.84
0.18
-3.53
0.76
-1.95
-0.21
-2.2
-2.97
2.22
-3.91
1.68
0.7
-2.68
3.61
0.06
-0.48
1.39
-3.33
-2.05
-2.8
-0.18
-2.98
0.47
3.7
-3.3
0.25
2.6
1.36
0.6
-1.17
2.6
2.44
0.87
1.42
1.27
-1.2
-0.07
-3.34
-3.71
-0.19
-2.55
-1.03
-2.74
0.53
-3.3
-3.51
-1.76
-1.71
-0.68
-2.73
-1.93
3.38
3.88
-3.86
1.49
0.01
-1.24
-2.98
-3.25
-2.15
3.92
-1.6
3.79
-2.81
-2.44
2.6
-2.25
1.39
0.47
-1.2
2.94
3.01
-1.37
-2.14
-0.12
-1.33
-3.26
-2.99
0.45
-2.36
-0.43
1.17
-2.52
-0.68
-0.45
-3.82
-2.09
-2.23
-3.49
-1.68
-3.11
-2
1.6
1.01
3.98
-2.75
-0.97
-1.95
3.25
-1.61
2.69
-0.82
-0.42
2.39
-0.94
-3.67
-1.77
-0.69
2.85
-3.59
-1.05
-1.01
2.87
-0.79
-1.83
2.62
3.09
1.01
