-2
-1.05
1.06
3.86
0.2
-1.94
2.98
0.15
1.17
3.08
-3.07
2.71
-3.15
-2.32
-3.6
-0.45
-3.31
1.02
-3.45
-1.54
-3.94
1.1
-2.35
-0.75
0.21
0.16
1.33
1.37
2.57
-0.84
0.77
-3.64
-0.06
0.19
0.16
-1.09
-2.38
-2.12
3.23
2.7
-2.98
-2.97
-3.87
-1.6
-0.47
-1.43
2.94
-3.02
-2.19
-3.43
0.29
-3.95
-3.06
3.72
1.28
-2.63
-0.24
-2.86
3.06
-0.96
3.57
3.22
-0.55
1.47
0.38
-1.8
1.22
-2.75
-3.7
1.87
-3.57
1.08
0.32
-3.49
-2.88
-3.42
-0.51
-3.21
-1.73
1.95
3.45
0.36
-2.68
3.17
2.88
-1.36
-2.04
0.2
3.28
-0.84
-2.83
-2.53
1.25
-1.2
0.97
-0.45
1.19
2.14
3.84
-2.72
3.84
-2.65
3.96
-2.41
-2.04
-2.78
-3.83
-0.4
0.25
3.37
-3.2
-2.34
-2.65
2.09
1.87
-0.43
-1.92
2.57
-3.78
0.3
-2.54
0.18
