-5
3.81
1.99
-2.16
-2.3
-1.8
-2.13
3.87
0.39
-0.17
2.42
-2.65
-2.32
-1.11
1.55
1.26
-1.72
2.27
-0.32
0.97
2.21
1.09
0.7
-0.73
-2.35
0.24
-3.17
3.07
-1.3
-0.67
-2.33
-1.33
0.59
3.24
0.03
-0.32
2.11
-1.87
0.76
-2.38
-3.42
-2.96
-0.49
-3.35
-0.76
-2.24
3.88
-0.8
-1.31
0.9
1.9
-2.61
2.76
-2.54
0.31
-0.3
0.91
-2.48
-2.26
0.73
-1.91
0.29
-2.56
-0.05
1.37
0.73
-1.01
-0.49
3.86
1.2
1.55
1.13
1.33
-2.04
2.12
3.6
0.45
3.1
-1.54
2.01
-0.38
3.75
-3.88
-3.11
-3.36
-2.55
2.95
1.85
-2.32
-3.93
2.69
-2.18
-3.12
-0.57
-1.81
1.62
-2.42
0.68
-3.03
0.26
2.39
2.95
0.12
3.59
0.43
2.56
-1.02
-1.83
0.39
2.06
-0.45
3.5
0.55
0.18
3.3
0.19
1.86
-3.83
1.12
-2.33
-1.54
-2.46
