0
-1.9
3.29
-1.94
-1.29
1.44
-2.1
-3.04
2.68
-1.44
1.77
-1.89
2.47
-1.81
0.69
1.99
3.37
-0.69
-0.63
-1.13
0.92
3.09
2.11
-0.59
-0.17
-3.94
3.22
0.46
0.07
-3.25
3.52
-3.64
-1.71
-2.37
-2.12
-1.08
-1.52
2.65
3.24
-0.76
3.6
-1.67
0.1
-0.88
1.06
-3.08
-0.45
1.94
0.55
3.57
3.53
-3.19
-3.17
1.89
3.08
2.95
-2.28
1.74
-2.93
3.11
-0.38
0.21
-2.24
-1.46
0.32
2.29
1.85
-1.9
1.68
-3.72
-1.04
-2.2
-0.72
-1.63
2.29
2.07
0.67
3.84
-1.24
0.33
-0.4
-0.44
-3.77
-3.18
2.69
1.62
3.47
2.38
-0.79
-1.61
0.56
0.64
-3.05
2.07
3.63
2.66
-1.08
-2.26
1.2
2.7
0.81
1.57
-0.9
-1.47
-2.92
0.8
-1.98
2.82
-3.37
2.43
-2.05
1.14
0.25
3.25
-1.47
0.28
2.12
1.98
-1.06
0.44
2.84
-2.25
