-3
-1.23
0.45
-2.79
-0.44
-1.65
-0.42
-3.04
1.95
-2.2
3.34
0.31
0.47
-3.59
2.28
-2.63
0.09
0.92
0.77
1.69
-1.69
-2.53
0.36
-2.6
-2.55
2.48
-3.13
1.14
3.62
3.07
-1
-0.46
-3.54
-0.93
-0.95
-0.2
0.37
-1.42
-3.03
-3.58
-1.59
-3.94
-1.31
3.79
2.12
1.05
-1.37
-1.41
1.59
-0.66
1.15
-1.05
1.75
1.96
-1.94
1.39
-1.44
2.69
3.92
1.72
0.27
3.28
1.05
0.84
-0.75
0.38
1.54
-3.39
-1.15
-0.84
-1.14
-0.99
-0.41
3.34
-0.1
-0.37
-0.23
2.44
3.45
1.68
-0.73
3.79
-3.04
-3.44
2.04
0.26
0.47
1.47
1.38
2.65
3.34
-3.83
1.41
-3.14
-1.39
-2.98
-0.87
3.26
-0.76
1.35
3.92
-2.01
0.16
-3.95
1.15
0.01
-0.79
-0.38
-0.35
1.04
2.52
2.44
1.83
-3
0.93
-3.32
0.49
1.61
-3.15
2.05
3.62
-0.25
