-5
0.84
-3.69
3
-0.84
1.07
-3.76
0.95
0.97
2.13
-2.2
0.88
2.22
0.48
0.87
2.14
-2.68
2.33
0.48
1.12
1.39
3.66
-2.05
0.56
-2.42
2.99
0.47
3.7
-2.3
0.25
3.46
-3.01
0.6
-1.17
3.56
2.44
0.87
-1.21
1.66
-1.2
-2.58
-3.34
3.71
-0.19
-2.55
-1.03
-2.74
3.18
-3.3
-1.58
-3.32
-1.71
-0.68
-2.73
-1.93
3.38
1.58
-1.28
1.49
0.17
-0.25
-2.84
-3.99
-2.15
3.92
-1.6
3.79
2
-2.44
2.6
-2.25
-3.26
0.47
3.01
2.94
3.01
0.61
-2.14
-0.12
-1.25
-3.26
-2.99
0.79
-2.36
-1.19
1.17
-2.68
-3.49
1.03
-3.82
-3.55
-1.05
-3.49
-1.68
-1.48
-2
-3.6
1.01
-2.38
2.33
-0.97
-1.95
1.3
1.42
2.69
-0.82
-1.84
2.39
-0.94
2.55
-0.47
-0.69
0.31
2.26
-1.05
-1.55
2.87
-1.09
-3.35
2.62
3.09
1.01
