-2
-1.05
-0.62
2.58
-1.98
1.6
2.35
-3.1
3.79
-1.6
-2.58
2.95
-3.15
-2.32
-3.6
0.71
-3.31
-3.05
3.86
-1.54
0.47
3.58
0.58
2.17
0.21
0.16
-3.11
3.43
2.57
-0.84
2.03
-0.86
-0.06
0.19
0.16
3.19
3.53
3.65
3.23
3.06
-3.86
-2.97
-3.87
-1.6
-0.67
0.84
-3.04
-3.02
-2.19
-1.81
0.92
-0.41
-3.06
3.72
-3.18
-2.68
0.17
-2.86
0.96
-0.96
-4
3.27
-0.55
1.47
0.38
2.28
-3.42
1.59
-3.7
1.87
-0.24
0.08
-1.09
-3.49
3.13
-3.42
-0.51
-3.34
-0.2
1.95
2.68
0.36
-2.68
3.17
2.88
-1.36
0.42
0.2
0.07
-0.84
-2.83
1.98
1.25
-3.08
-3.6
1.62
-0.85
2.14
3.84
-2.72
3.84
1.81
3.96
-2.41
3.32
-2.78
1.1
-0.4
0.25
3.37
-3.2
-1.88
-2.65
-0.12
3.3
-0.43
-1.92
3.21
-3.78
0.3
-2.54
-3
