-5
0.8
3.64
1.26
-3.62
-2.46
-0.1
-1.45
2.68
-3.08
1.77
-1.89
2.47
0.06
0.69
1.99
3.37
0.87
-0.63
2.38
-0.14
2.75
2.11
-0.59
2.41
1.84
0.36
-0.95
2.31
0.65
3.52
-3.64
-1.71
-1.02
-2.12
-0.53
-3
2.65
3.24
-2.58
1.7
-1.67
-2.27
-0.88
-2.58
-3.08
-0.45
1.94
-0.76
2.63
-3.91
-3.19
-3.17
1.89
3.08
-1.85
-2.28
1.74
-2.93
-1.98
-0.06
0.93
-2.84
-0.38
-2.49
2.29
3.09
-1.9
-3.63
-3.72
-1.04
-2.2
-1.29
-2.5
-0.03
1.46
3.46
3.84
-1.24
-3.27
2.47
-0.44
-3.77
-1.11
-2.52
2.9
-1.15
-2.51
1.95
-2.45
0.26
0.64
-3.05
2.07
0.54
2.66
2.26
-2.26
-3.69
-0.91
-0.88
-3.58
-0.9
-1.47
-2.92
1.48
-1.65
2.82
3.28
2.43
-2.05
-0.93
0.57
3.25
1.78
2.04
0.05
1.98
1.15
-0.51
2.84
-3.96
