-5
0.8
3.64
0.9
-1.29
1.44
-2.1
1.72
-1.19
-3.08
-1.19
-1.89
2.47
0.53
0.69
-3.64
-3.53
-3.42
-1.44
-1.13
-0.14
2.75
2.11
-0.59
-0.17
-0.4
-1.74
-0.6
0.07
-1.18
-3.41
2.41
-3.76
-1.02
-2.34
0.4
-1.52
2.06
3.24
2.14
1.7
3.87
-2.27
-2.11
-2.58
-1.23
-0.45
-1.24
1.38
3.57
2.02
-3.19
2.15
-2.04
3.06
2.95
-0.4
3.57
3.66
2.88
-0.38
0.21
-2.84
-2.2
0.32
2.29
-1.25
-1.9
-0.77
-3.72
-1.04
-2.2
-0.82
-1.63
2.29
-0.11
0.78
-2.33
3.92
2.79
2.47
0.46
-3.77
-1.11
2.25
2.9
3.47
1.75
-1.75
-1.61
3.17
0.64
-3.05
2.07
0.58
-3.83
-1.08
1.6
-2.4
-1.75
0.81
-2.83
-0.9
3.86
-2.92
3.05
-1.65
2.87
3.61
-1.48
0.12
1.14
0.25
-1.48
1.78
0.34
2.12
1.98
1.15
-0.51
-2.84
-1.95
