-2
3.79
-2.08
-1.36
2.42
3.04
1.12
0.56
-1.6
-1.18
-0.43
-1.87
3.11
0.37
3.62
0.34
3.37
1.31
1.62
-2.06
-1.6
-0.2
2.09
3.33
-2.26
0.2
3.14
0.56
-0.34
-1.26
2.37
-0.08
-2.63
0.04
-0.16
-3.65
-2.59
-2.1
-0.48
0.1
1.2
-2.91
-1.66
2.55
-0.53
-3.97
-0.68
0.06
-1.09
-2.94
-0.52
-2.99
-1.59
-3.38
1.64
1.39
-0.65
3.44
1.73
0.29
1.12
0.21
-1.34
0.69
3.84
3.6
-0.58
3.12
-0.66
2.1
-3.72
3.68
-3.43
-3.84
-3.72
-1.94
0.97
0.8
-3.06
-3.69
2.27
-0.26
-2.36
-1.01
2.98
2.81
0.39
3.95
1.37
0.33
-3.21
-2.05
-1.64
3.61
3.59
3.44
3.63
-1.43
1.95
-0.54
-1.22
0.24
-0.72
2.96
2.94
0.02
1.47
0.84
1.19
1.99
1.72
-3.02
-1.35
-0.85
0.73
-2.86
1.52
1.79
-0.46
-1.78
3.53
3.69
