0
-1.36
2.78
-1
-3.53
-0.23
-0.5
0.92
0.48
-0.2
-0.74
-0.07
-2.35
-3.84
0.11
2.03
-0.12
-0.82
-4
-1.22
-3.81
-0.22
3.97
-1.98
0.68
-3.49
-1.67
2.58
-3.57
3.08
3.57
0.34
-2.87
-0.68
2.53
1.51
2.5
1.66
-2.45
1.94
2.97
-1.69
-1.79
3.27
-0.93
-1.52
1.95
3.68
2.88
3.19
3.43
-2.03
-2.68
2.81
2.3
3.64
-0.05
-3.22
-3.91
1.22
-1.61
-1.12
1.54
3
0.91
1.39
-0.86
0.96
3.74
1.88
-3.39
3.76
-0.45
-3.01
-0.25
0.93
2.57
3.13
-1.43
-2.99
1.69
2.51
-2.2
-1.05
-0.76
0.91
-0.35
1.29
3.23
-1.06
-3.67
0.82
3.84
-0.42
3.04
3.91
1.32
3.14
3.73
-2.11
2.77
-2.25
2.92
-0.43
-1.58
-1.93
1.46
-2.51
-3.56
-3.05
3.64
1.79
-1.6
1.87
-2.09
1.95
1.21
2.55
1.73
0.45
-3.58
-2.22
