-2
-1.05
0.61
3.86
1.33
-1.94
2.98
-3.1
1.17
3.08
-3.07
2.95
-3.15
0.47
1.06
-0.45
-3.31
1.02
-3.45
-1.54
-3.94
-3.94
-0.94
-0.75
0.21
3.5
1.33
1.37
-0.42
-3.86
2.03
-0.86
-1.39
0.19
-0.32
-1.09
-2.38
-2.12
3.23
-0.53
-2.98
-2.97
-3.87
1.86
3.29
0.84
2.94
2.82
-2.19
1.83
0.92
-0.41
2.88
3.72
1.28
-2.63
-0.24
-2.86
0.96
0.82
-4
-0.31
-0.55
1.47
0.38
-0.69
1.22
-2.75
-3.7
1.87
-3.57
-0.32
-1.09
-3.49
3.13
-0.25
-0.51
-3.21
-1.73
1.95
3.77
0.36
-2.68
3.17
2.88
-1.36
-2.04
2.57
0.07
-0.84
-2.3
1.98
-1.65
-0.72
2.69
-1.28
-1.37
1.22
3.84
-0.03
-1.79
3.5
3.96
-2.41
-2.04
-2.78
1.87
-0.4
0.25
1.92
-3.2
-0.37
3.97
2.09
-3.27
-3.94
1.89
2.57
-3.78
-2.06
-2.54
-3
