-2
3.56
0.05
-1.31
-1.37
1.34
1.7
-2.09
3.34
-1.82
0.69
-1.05
2.73
-0.67
2.05
1.36
4
-0.12
1.77
2.2
-1.6
2.23
-3.55
-3.33
1.12
0.28
-1.64
-2.47
-3.93
1.91
-3.17
0.74
-1.01
-2.61
-2.6
-0.96
-3.35
-0.92
-1.23
-1.77
-2.6
3.36
0.6
0.47
0.16
3.37
2.75
3.51
0.12
-0.84
-2.4
1.62
0.92
2.99
3.46
4
-1.57
-1.92
-3.4
3.66
-2.86
-0.8
-3.79
-1.56
-0.7
-3.97
0.01
-3.03
2.84
-1.02
-0.49
-1.79
3.75
-2.96
2.53
0.92
-0.49
-3.2
-3.07
1.09
1.38
-2.42
-3.4
3.12
1.49
-0.78
-1.68
-3.75
-0.05
-0.21
3.9
-0.72
2.23
0.38
2.11
-1.28
-0.9
2.99
0.87
2.71
2.56
-2.39
-2.81
1.57
-0.73
3.44
-2.31
-0.17
-1.89
-2.67
1.69
-0.6
1.05
3.58
-0.89
3.12
1.71
-1.48
0.42
0.67
-0.22
2.17
