-8
1.39
-2.83
-1.31
-1.37
1.34
-0.4
-2.09
3.34
-1.82
0.69
2.3
0.24
-0.33
3.68
-3.84
4
-2.56
-0.72
2.2
-1.6
-1.98
3.71
1.76
1.12
-2.96
1.67
-1.15
0.33
-3.22
-3.17
3.89
-1.01
-2.68
-2.6
-1.17
-3.35
-0.96
-2.17
-1.77
1.18
1.87
-2.78
-1.46
0.03
-3.31
-0.51
-3.97
0.12
1.31
0.49
3.41
0.92
-2.59
-2.5
4
-3.19
-1.92
3.11
1.23
-2.86
-3.03
-2.16
-3.06
-0.72
-3.97
0.01
-3.03
2.67
0.46
2.51
-1.79
2.56
-1.88
-0.32
0.92
-1.85
1.41
1.81
0.42
1.38
-1.98
-1.62
-1.45
1.49
1.76
3.82
1.84
0.88
-0.21
3.9
-3.91
-2.05
0.38
2.11
-1.28
2.25
1.24
-0.14
-1.53
2.52
-3.43
-2.81
1.57
1.06
-1.73
-0.42
-0.17
1.11
-2.67
1.69
-2.35
1.05
0.67
3.3
3.12
-3.18
2.81
0.3
0.67
-2.13
-0.36
