-9
3.68
-0.8
-1.36
3.55
3.04
3.17
0.56
-1.6
0.58
2.64
0.43
-3.66
-2.44
-2.4
1.17
-3.97
0.66
-2.04
-2.06
-1.6
1.46
2.48
3.97
-2.26
1.18
1.72
0.56
-2.11
-1.26
2.37
-0.08
3.18
0.04
-3.63
3.41
2.54
0.35
-0.48
2.35
-1.47
3.85
-1.66
2.55
-0.53
-0.76
-3.95
-1.92
-2.97
-3.31
3.07
2.14
3.19
1.84
1.64
-1.31
-2.42
-1.47
1.73
0.29
-1.02
3.99
-1.26
0.26
-1.47
3.6
-0.69
-4
-2.48
-2.81
2.63
3.68
2.54
-1.59
0.57
-1.76
-0.89
0.17
-3.06
0.7
2.27
0.99
-2.36
-1.34
-0.68
2.59
2.15
1.96
2.49
3.31
-2.97
-3.01
-1.64
1.63
3.82
3.44
1.11
-1.43
1.37
0.93
-1.19
-0.79
3.82
2.96
2.94
2.31
1.47
-3.51
-2.52
0.62
3.76
3.19
-0.11
-1.92
-2.42
3.2
-3.46
-4
1.8
2.65
-3.4
3.69
