-5
-3.44
-3.95
-0.43
-0.84
1.07
-3.53
0.95
1.21
-0.21
-2.2
0.88
1.11
0.48
1.68
2.14
-1.93
3.61
2.03
-0.48
1.39
-3.33
0.97
1.33
-2.17
-1.99
0.83
0.56
-2.29
0.25
2.6
-3.01
0.6
-1.17
-1.16
2.14
0.87
3.33
1.27
2.27
-0.07
2.91
3.71
-2.74
0.01
-1.19
-2.2
-3.82
-3.3
1.44
-3.32
0.32
-0.68
-2.73
2.36
3.38
3.2
-1.28
2.82
0.17
2.56
-1.97
0.68
-0.72
-1.65
-1.6
1.42
-2.81
-2.44
-1.92
0.09
-3.26
1.33
3.01
2.94
3.01
0.25
-2.14
-0.12
-1.25
1.27
-2.59
0.45
2.65
2.36
1.17
0.23
2.52
-0.45
-1.54
1.43
-1.05
-3.49
-2.91
-2.75
-2
1.46
1.01
-2.12
2.33
-0.97
-1.95
-1.06
1.42
2.69
1.22
-0.42
2.39
-0.94
2.55
-0.88
-0.69
2.85
2.64
-1.05
-1.01
2.87
-1.09
-2.29
2.62
3.09
2.49
