-3
-1.05
1.06
3.3
0.2
1.6
1.57
-3.1
-0.61
-2.11
-2.58
2.95
-3.15
-0.95
1.99
-0.45
-3.31
1.02
-3.77
-1.54
-3.94
1.18
0.58
-0.75
-1.11
1.61
2.03
1.37
1.46
3.31
2.03
-0.86
-0.06
-3.37
-0.96
3.19
3.83
-2.12
-2.68
2.7
-2.98
-2.97
-3.87
-2.02
-0.47
0.84
2.94
-3.02
-2.19
-3.43
0.29
-0.41
0.83
3.72
-3.18
-2.63
-0.24
2.9
0.96
-0.96
-4
2.78
-0.55
-2.78
0.38
2.28
-2.46
1.87
2.98
1.87
-0.24
-0.32
-1.09
-3.49
-1.98
0.57
-0.51
2.72
2.89
1.95
2.68
-3.37
-2.68
3.17
2.88
-1.36
-2.04
0.2
3.28
-0.84
-2.83
3.71
-1.65
2.28
-3.6
1.62
-0.85
1.22
3.84
-2.72
-1.79
-2.65
3.96
-2.41
-2.04
-2.78
1.1
0.01
-0.72
1.92
-1.97
-3.35
-2.65
-0.12
1.87
-0.43
1.89
2.57
-0.87
0.3
-3.32
-2.82
