-4
-2.63
-3.13
1.15
2.31
-2.76
0.96
0.09
2.67
-0.2
-1.75
0.38
2.92
-3.84
2.08
-1.6
0.32
-0.82
-4
1.58
-3.81
2.49
0.54
1.03
-3.44
-3.49
-1.81
2.34
-2.82
-1.45
-1.98
2.5
1.21
-1.56
2.62
1.17
-0.76
0.56
-1.43
1.94
2.9
2.97
-2.48
-0.11
-1.65
-1.52
1.95
-3.28
0.78
-2.95
3.08
2.53
-1.53
0.87
-2.53
3.64
-0.05
0.98
1.21
-3.98
-2.16
-1.12
-0.34
-1.47
-0.9
1.74
2.38
0.96
-2.45
-3.44
-3.39
1.75
-0.21
-3.2
2.62
3.61
-3.56
-1.59
-1.67
-3.07
3.45
0.05
-2.2
-3.88
2.8
0.91
1.01
0.98
1.41
-1.06
3.39
-2
0.05
-1.33
2.75
-0.18
2.95
3.14
1.3
-2.11
-0.74
2.04
-0.95
0.22
-1.58
-3.48
2.51
-2.51
-0.68
-3.05
-2.56
2.73
3.1
-2.09
0.68
-1.76
-2.93
-2.46
2.37
1.86
3.76
1.97
