-8
3.41
-3.42
-2.27
-3.98
-2.53
-1.29
-3.57
2.23
-3.15
-1.43
3.25
-2.32
-1.11
-2.87
1.54
-1.72
2.27
-2.05
-2.32
-0.2
-1.97
-3.68
1.66
-1.59
1.9
2.64
2.34
-1.3
-0.67
-2.33
-0.58
-1.11
-0.12
1.05
-2.66
2.11
-3.42
0.76
1.04
1.87
-2.67
2.37
-3.35
0.16
0.55
3.51
-1.41
-1.31
0.9
1.9
-3.02
2.99
-2.54
-1.81
-3.55
2.72
2.53
3.12
1.31
-1.16
-0.58
-2.85
-0.05
3.68
0.8
-2.54
-2.7
1.84
2.12
1.55
0.36
2.15
1.14
3.95
1.18
1.27
0.88
-2.5
-3.73
0.59
1.73
-0.56
3.52
-1.96
0.19
0.44
3.98
-1.48
-3.93
3.14
3.16
-3.12
-0.71
1.62
1.61
-2.95
0.68
-3.64
0.26
2.8
-3.93
1.96
2.3
0.43
-3.23
-2.85
-1.83
0.39
-1.25
-2.33
-2.54
-1.62
-1.86
0.81
-2.94
-2.5
-1.48
-1.65
-1.91
3.62
0.24
