-3
-1.28
-1.16
-2.79
-2.37
-1.65
-0.42
-3.04
1.95
-2.2
1.22
0.31
-0.16
2.83
-2.82
-1.75
0.09
0.92
-2.62
1.69
-1.69
-2.53
-2.77
-2.6
2.36
2.48
-3.13
-1.28
3.62
3.07
-1
0.17
-3.54
-0.93
-0.95
-0.2
0.37
-1.42
-3.03
2.48
-1.59
-1.3
-0.41
1.05
-0.38
1.16
-1.37
-3.41
2.1
-0.66
1.15
-0.21
3.07
3.61
-1.94
1.39
0.87
2.69
3.92
-2.51
0.27
-1.47
-2.33
0.84
-0.75
2.94
1.54
-3.39
-1.15
1.3
-1.14
2.65
1.89
3.34
1.07
-0.37
-0.23
-2.72
3.45
1.68
-0.73
-0.17
-3.04
2.8
2.04
-3.57
0.47
1.49
1.38
1.7
2.93
-3.83
1.41
-1.41
-3.97
-1.97
1.83
3.26
-2.77
1.35
3.92
-2.01
0.16
-3.95
1.15
0.01
-3.14
-1.73
-0.35
1.04
2.52
2.44
1.78
0.48
0.93
-3.32
0.49
1.61
-3.15
2.05
3.62
-0.25
