-9
3.41
-1.52
2.93
3.64
-1.26
2.06
-0.15
-2.12
0.2
-1.29
2.06
3.72
-3.2
3.09
-2.93
0.41
2.95
-1.01
2.69
-0.2
-1.03
0.54
-0.77
3.82
-1.63
2.37
-3.06
1.83
0.95
-1.56
0.76
-2.41
0.53
-0.63
3.51
0.38
-1.88
0.76
1.43
0.65
2.63
-2.33
-0.56
-3.51
-2.24
-0.74
1.02
3.31
-3.04
-1.48
-3.02
-2.54
3.89
3.93
2.27
1.87
-1.83
3.12
3.91
0.38
-0.16
3.39
0.11
-2.25
-2.43
-2.54
-0.82
-2.57
3.58
0.29
-1.3
-1.82
0.3
3.16
1.18
2.93
1.61
3.79
1.26
-1.43
-1.29
-1.05
-1.44
3.43
-2.55
-0.32
-2.29
0.6
3.88
-3.21
-1.79
-1.41
1.54
2.34
3.54
3.24
0.11
-1.81
2.93
-3.7
3.97
-2.84
-3.81
0.68
0.43
3.47
-2.81
-2.81
-1.25
-2.33
-2.54
-1.62
-2.94
3.62
-0.46
-3.11
2.59
-3.49
-3.09
1.89
-2.09
