-1
-2.45
2.79
2.48
-3.89
-0.96
-2.07
1.7
2.2
-1.18
-0.43
2.06
1.14
0.62
-1.4
0.89
-3.81
-0.28
0.36
-0.75
-3.01
-2.15
1.78
3.33
-2.98
1.9
1.93
-0.36
-2.32
-1.54
-3.57
-2.73
-2.97
-2.04
-0.16
2.68
1.49
1.93
-0.85
0.1
3.26
-0.5
0.81
0.52
0.84
-3.29
2.35
0.06
2.01
2.14
-1.67
-2.59
1.64
1.11
-3.08
1.39
-0.65
0.2
2.65
2.6
-0.12
0.21
-0.43
-2.79
3.84
-1.86
-1.23
-0.22
-3.22
-3.27
3.41
-1.13
-3.43
2.56
3.27
2.43
-2.01
-2.75
-2.57
-3.69
2.21
-1.25
3.73
1.47
-1.61
3.03
0.72
-1.94
1.56
2.46
3.84
-2.72
-3.8
0.55
3.31
-0.95
3.49
-0.41
1.29
-0.29
1.95
3.54
0.12
-0.61
3.18
-3.94
1.94
0.62
-2.89
1.99
-0.61
1.59
1.99
1.41
-3.66
0.31
-2.05
2.1
0.76
-3.19
1.43
-3.58
