-7
-1.28
-0.01
1.78
3.41
-0.83
0.39
-1.53
1.19
-2.2
1.33
1.81
0.63
1.25
3.33
-1.75
-1.81
0.92
-3.91
-0.45
1.68
0.33
-3.58
-3.45
1.86
-1.88
3.28
3.56
0.08
-0.76
-3.54
2.09
0.52
1.91
3.7
-0.32
2.86
2.43
-3.03
3.87
-3.73
-0.65
-3.45
0.75
-0.38
1.16
1.36
1.64
3.33
-2.27
0.15
1.7
1.5
0.9
3.59
-2.11
-2.31
-0.57
3.92
-1.24
-1.02
0.84
-2.33
2.78
0.87
0.9
1
2.73
1.31
0.45
-0.09
-0.23
-2.5
1.48
3.98
-0.74
-0.23
3.77
1.66
1.68
2.89
-2.36
0.18
-3.98
2.04
-1.77
-3.17
1.03
-0.39
0.87
-2.01
-0.57
-2.5
-3.21
0.34
-3
-2.21
-1.89
3.88
-1.29
0.77
2.63
2.19
-0.6
-0.31
-3.48
-2.25
2.84
-2.38
0.96
2.12
3.35
-1.77
-1.77
3.19
0.64
0.6
-1.17
3.83
2.05
0.31
1.94
