-8
-1.68
-3.11
3.4
-1.95
0.02
2.35
-3.06
-0.15
-3.02
-0.77
1.73
-0.14
2.67
3.47
0.71
2.75
-1.67
2.18
0.67
-1.64
3.58
-0.94
-1.75
-0.07
3.18
0.16
-1.01
2.57
3.02
0.26
-3.25
1.27
3.22
1.73
3.91
0.27
1.4
-2.46
0.82
-3.27
-3.83
2.68
2.23
-2.39
-1.54
3.29
-2.28
-2.33
3.78
-2.28
0.49
2.88
-2.24
1.28
1.44
3.12
2.64
-0.54
3.26
3.86
3.27
0.88
3.92
0.68
2.78
2.25
0.64
1.37
0.78
-3.57
1.24
0.09
0.1
-0.06
-0.25
-3.48
2.88
-3.36
-3.16
3.89
1.13
-0.63
2.39
3.64
-3.73
2.33
-0.5
-2.07
-1.35
-2.3
-0.14
2.23
-3.08
-2.4
2.35
1.79
3.14
-2.46
-3.14
0.21
1.91
1.8
-0.84
3.35
-3.63
-0.97
-1.23
-2.78
-1.7
2.14
2.6
2
-2.02
3.49
2.38
-1.73
2.49
-0.71
3.6
-3.55
2.31
