-8
-1.28
0.45
-2.79
-2.37
-1.65
-0.42
1.76
1.95
-2.2
1.22
0.31
-0.16
-3.59
-2.82
-1.75
0.09
0.92
0.77
1.69
-1.69
-2.53
0.36
2.43
2.36
2.48
2.36
-1.28
3.62
3.07
-1
-0.85
-3.54
-0.9
0.84
-0.2
0.37
-1.42
-3.03
0.49
-2.12
-0.65
-0.41
3.79
-0.38
1.05
-0.48
-1.41
2.1
-0.66
1.15
-0.21
1.75
1.96
-1.94
3.47
0.87
2.69
3.92
2.23
0.27
-1.47
-2.33
0.84
-0.75
2.94
2.12
-3.39
2.59
1.3
-1.14
2.65
1.89
3.34
-0.1
-0.37
-1.51
2.44
-2.91
-3.42
-0.73
-0.17
-3.04
2.8
2.04
-3.57
0.47
-0.86
1.38
2.65
-0.3
-3.83
1.52
-1.41
-1.39
-1.97
-3.89
3.26
-0.76
1.35
3.92
-2.01
0.16
-0.99
1.15
-3.48
-3.14
-3.17
-0.35
1.04
2.52
2.44
1.78
0.48
0.93
-3.32
0.49
1.61
-3.15
2.05
3.62
3.76
