-6
-1.09
0.06
-1.31
-2.38
3.93
-0.4
-2.09
3.34
-2.7
0.69
2.3
2.73
-2.72
3.68
2.77
-3.21
-0.12
-0.67
2.2
3.31
-1.98
-3.55
-3.33
1.12
-2.96
1.67
-1.92
-3.93
1.54
-3.94
0.74
-2.8
-2.61
1.8
-0.94
-3.35
-0.92
-1.23
3.05
-2.6
1.87
0.6
0.47
-0.92
2.6
-1.72
3.51
0.12
-0.84
-2.4
3.41
0.92
2.99
-2.5
4
-1.57
-1.92
-2.92
1.23
-2.86
2.76
-2.16
0.17
-0.7
-3.97
0.01
1.34
2.84
-1.02
-0.49
-1.79
3.75
0.24
3.42
0.92
-1.85
1.41
-3.07
-1.22
1.38
-3.68
-1.62
3.02
1.49
-0.78
-1.68
-3.75
-0.05
-0.21
3.9
2.77
-2.05
0.61
2.11
-1.28
2.25
-3.15
0.87
2.71
2.52
-3.43
-2.81
-2.67
-0.27
-1.73
-2.31
-0.17
1.11
2.13
1.69
-3.67
1.05
0.67
3.3
-0.58
-3.18
-1.48
0.3
0.67
-0.22
-0.36
