-8
1.71
1.99
-3.33
1.79
-1.8
-1.29
-3.57
0.78
-3.15
-2.74
1.1
-1.08
-1.11
-0.25
-1.52
-1.72
3.64
-0.32
2.09
1.24
1.09
-2.51
1.66
-1.24
0.24
1.03
-2.91
-1.3
-0.23
0.77
-0.58
0.59
3.24
1.05
-0.32
2.11
-1.87
0.76
2.42
2.51
1.67
3.47
-3.35
0.16
-2.24
-0.43
3.45
1.09
0.9
1.9
2.86
2.99
-2.54
0.31
0.85
0.22
0.39
3.12
1.31
-1.16
-2.34
-3.49
-0.05
-2.6
3.9
-1.01
-0.49
3.86
2.12
-3.64
1.13
3.07
-1.18
2.12
-1.23
0.45
1.68
-2.5
-1.55
-0.21
1.73
-0.56
3.52
-3.36
0.19
0.44
3.98
-2.32
0.17
3.14
1.72
-0.2
-0.71
-1.81
1.61
-2.95
0.68
-3.64
0.26
2.39
-3.93
0.12
2.3
0.43
2.56
2.58
-1.83
-3.28
2.06
1.44
-3.71
-1.62
-1.86
-0.12
-2.94
-2.5
2.07
-3.49
-1.91
1.89
-0.98
