-10
2.89
-3.69
1.8
-0.84
1.07
-3.53
0.95
-1.95
2.43
-2.2
0.88
1.11
0.48
1.68
-0.96
-3.88
2.33
0.06
-0.48
-3.13
-3.34
-2.05
1.33
-0.18
2.99
0.47
2.41
-3.3
0.25
3.46
-3.01
0.6
-1.17
2.6
2.44
0.87
1.42
1.27
-1.2
-0.07
-3.34
2.25
2.36
-3.92
-1.03
-2.28
3.18
-2.76
-1.58
-1.76
-3.95
-0.68
-2.73
-1.93
3.38
1.58
-3.86
2.82
0.17
-1.24
-2.98
0.68
-0.72
-1.8
-1.6
1.42
2
-2.44
3.01
-2.25
-3.26
2.1
3.97
-0.95
3.83
-1.37
-2.14
-0.12
-1.25
-3.26
-2.59
0.79
-2.36
3.52
1.17
-2.52
-0.68
1.03
-0.35
1.43
-1.05
-3.49
-1.68
-1.48
-2
-3.6
1.01
-2.12
2.33
-0.97
-1.95
3.25
1.42
2.69
-0.82
-1.84
2.39
-0.94
-3.67
-1.77
-0.69
2.85
-3.59
1.6
-1.01
2.87
-0.79
-1.83
0.28
3.09
2.49
