-2
-1.05
-3.62
3.86
-1.98
-1.94
2.98
-3.1
3.79
3.08
-3.07
2.95
-1.87
0.47
1.06
-0.45
-3.31
-3.05
-3.45
-1.54
0.47
1.1
-2.35
-0.75
0.21
1.61
-3.11
1.37
-0.42
-0.84
2.03
-0.86
-1.39
0.19
-0.96
-1.09
-2.38
2.63
3.23
3.06
-3.86
-2.97
-3.87
3.76
-0.67
0.84
-3.04
2.82
-1.9
-1.05
0.29
-0.41
-3.06
-2.24
1.28
-2.63
2.18
-0.23
0.96
-0.96
-4
3.22
-0.55
-2
0.38
-0.69
1.22
1.59
-3.7
1.87
-3.57
-0.32
-1.09
-3.49
3.13
-0.25
-0.51
3.33
-0.2
1.95
3.45
-3.37
1.29
3.17
2.88
-1.36
0.42
-0.2
3.28
-0.84
-2.3
-2.53
3.14
-0.72
-3.6
1.62
-1.37
2.14
3.84
-2.72
3.84
1.81
0.36
-0.84
-2.04
-2.78
1.1
-0.4
0.25
3.37
-3.2
-2.34
-2.65
2.09
-3.27
-0.43
1.89
3.21
-3.78
0.3
-2.54
-1.61
