0
-1.23
-1.16
-2.79
-2.37
-0.17
-0.42
-3.04
-1.36
-2.2
3.34
0.31
1.35
-3.59
-0.75
-2.63
0.09
-3.59
-2.08
1.69
2.52
-2.53
-0.62
-2.6
-2.55
2.48
-3.13
-1.28
3.62
3.07
-1
-0.46
-3.54
-0.93
-0.95
-0.2
0.37
2.26
1.11
-3.58
-1.59
-1.68
-0.1
3.79
2.12
1.16
-1.37
-3.41
2.1
-0.66
0.29
-0.21
3.07
1.96
-1.94
3.17
0.87
2.69
3.92
1.72
0.27
3.28
-2.33
0.84
-0.75
-2.08
1.54
-3.39
2.41
-0.84
-1.14
2.65
-2.6
0.02
-0.1
-0.37
0.14
-2.72
-2.91
-0.19
-0.73
3.79
-3.04
2.8
2.04
0.26
0.47
-0.86
1.38
0.87
3.34
-3.83
1.41
4
-2.69
3.38
-0.87
3.26
3.49
1.35
-3.84
-2.01
0.16
-1.13
-0.31
0.01
-2.25
-1.73
-0.35
0.96
2.52
2.44
1.78
-3
-0.12
-3.32
0.49
1.61
-3.15
-0.27
3.34
3.76
