-3
-1.23
0.45
-2.79
-2.37
-1.65
-0.42
-2.95
-0.56
-2.2
1.22
0.81
1.35
2.83
-2.82
-1.75
0.09
0.92
0.77
1.69
2.52
-2.53
-0.62
-0.9
-2.55
2.48
2.36
-1.28
3.62
3.07
-1
-0.85
-3.54
-1.44
-0.95
-0.2
0.37
-1.42
-3.03
2.48
-1.59
-0.65
-0.1
3.79
2.12
1.05
0.11
-1.41
1.59
-0.66
1.15
-1.05
-1.55
1.96
-1.94
3.17
-3.91
2.69
3.92
1.72
0.27
3.28
1.05
0.84
0.54
2.94
1.54
-3.39
2.41
-0.84
-1.14
2.65
1.89
3.34
-0.1
-0.23
-0.23
-2.72
-2.91
1.68
-0.73
3.79
-3.04
-3.44
2.04
-3.57
0.47
-0.86
1.38
0.87
-0.3
-3.83
1.52
-1.41
-1.39
-1.97
-0.87
3.26
-0.76
1.35
3.92
-0.89
0.16
-3.95
1.15
2.5
-0.79
-0.38
-0.35
1.04
2.52
2.44
1.83
-3
0.93
-3.32
-2.04
1.61
-3.15
2.05
3.34
3.76
