-4
-1.23
-2
-1.71
-2.37
-1.65
-0.42
-2.95
-1.36
-2.2
1.22
2.58
1.35
-3.59
-2.82
-2.63
2.52
0.92
0.77
1.69
2.52
-2.53
-2.77
1.81
2.36
2.48
-3.13
3.42
3.62
3.07
3.59
0.99
0.42
-0.93
-0.95
-2.37
0.37
2.26
1.11
2.48
-1.59
-0.65
-0.84
3.79
-0.38
1.05
-1.37
-3.53
1.59
-1.64
0.29
-1.05
1.75
1.96
-1.94
3.17
0.87
2.69
3.92
-2.51
0.27
3.28
-2.33
0.84
0.54
-2.08
1.54
2.37
0.31
1.3
-1.14
-0.99
2.57
3.34
-0.1
-3.4
0.14
-2.72
-2.91
-0.19
-0.73
-2.98
1.97
-3.44
2.04
-3.78
0.47
1.47
-0.39
2.65
-0.3
-3.83
1.41
3.02
-2.69
-2.98
-0.87
3.26
-0.76
1.35
3.92
-0.89
0.16
-3.95
1.15
0.01
-2.25
-0.38
-0.35
1.04
2.52
2.44
1.78
0.48
0.93
-3.32
0.49
1.61
-3.15
2.05
0.31
2.52
