-10
2.99
0.99
-1.38
-3.89
3.04
3.17
0.56
-1.6
0.23
2.64
0.43
2.38
0.27
3.62
1.17
-3.97
3.99
1.62
-3.63
-1.6
-0.2
2.09
-3.33
0.49
-3.7
1.72
0.56
-0.34
2.62
2.37
-0.08
3.18
0.04
3.3
-3.65
-2.59
0.35
-0.93
2.35
-0.83
3.85
-1.66
2.55
-0.53
-0.94
-3.95
-0.51
-0.48
-2.45
2.43
-2.99
-1.59
1.84
-2.79
1.39
-0.65
2.93
0.83
0.36
1.12
3.99
-1.34
-2.88
1.24
3.6
0.97
1.45
-0.66
-0.28
-3.72
-0.96
2.54
-1.59
-0.01
-3.67
0.97
2.79
-3.06
-3.69
1.19
-0.26
-2.36
-1.01
-0.68
3.03
0.39
-1.2
2.49
2.46
0.26
2.78
-1.64
1.63
3.82
-0.95
3.63
-1.43
-2.43
2.45
-1.22
-0.79
-0.72
2.96
-0.98
0.02
2.36
-3.51
-2.52
1.99
3.94
-1.13
-1.35
-0.85
0.73
3.2
-3.82
-4
-1.85
-1.78
-3.94
3.69
