-2
1.43
2.78
-1
2.31
-2.6
-0.5
0.09
0.48
-3.66
1.22
0.38
0.69
3.7
0.97
0
-0.12
-0.82
-4
-3.63
-3.81
3.87
3.97
-0.37
-3.44
-1.31
-1.81
2.58
-2.82
-1.45
-2.98
1.94
-2.87
1.36
2.53
1.51
2.5
0.56
0.87
1.46
2.97
-1.09
-1.79
-0.11
-0.93
-1.52
1.95
-3.28
2.88
3.19
3.08
-2.03
-1.53
-3.28
2.3
0.05
-0.05
-3.22
0.69
2.99
-1.61
2.54
-0.26
3
-0.9
3.68
-0.86
-0.85
3.74
-3.97
0.26
3.76
-0.45
-3.2
2.62
1.34
2.57
-1.01
-1.32
2.48
3.45
3.33
-2.2
-3.88
-1.28
-2.64
1.32
0.98
1.41
-1.06
-3.67
-2
-3.2
-1.91
3.04
3.91
2.95
3.14
1.3
3.31
2.77
0.61
2.92
-0.43
-1.58
2.47
1.46
-2.51
-1.43
-3.88
-3.57
0.22
-1.46
1.87
0.68
-0.25
0.47
2.55
1.46
0.45
3.76
-0.36
