-1
1.39
0.06
-1.31
-2.38
2.81
1.7
-2.09
3.34
-3.59
3.9
2.3
2.73
-2.72
3.68
2.77
4
-0.12
-0.67
2.2
3.31
2.23
-3.55
1
3.72
-3.74
1.67
-1.92
4
-1.7
2.02
0.74
1.74
1.77
-2.6
-1.17
-3.35
-0.96
-1.23
3.05
-0.58
1.87
0.6
-3.95
0.16
2.6
2.75
3.51
-1.21
-0.84
-2.4
3.41
0.92
2.99
-2.5
4
-3.19
3.81
-3.4
1.23
1.56
2.76
-3.79
-1.56
-0.7
-2.31
0.01
-3.03
2.67
-1.02
-0.49
0.66
3.75
0.24
3.42
2.32
-1.85
-3.2
1.81
-3.76
1.38
-3.68
-1.62
3.02
1.49
1.85
-1.68
-3.75
1.31
3.15
3.9
-2.9
2.23
0.38
2.11
2.21
-0.9
-3.15
0.87
2.71
2.52
3.25
-2.81
1.57
-0.73
-1.73
-2.31
-0.17
1.73
-0.23
1.69
-0.6
1.05
2.85
1.09
-0.58
-3.18
-1.48
0.3
0.67
-0.22
2.17
