-3
-1.05
-3.62
3.86
0.2
-1.94
0.9
-3.1
3.79
3.08
-3.07
0.34
-0.14
0.47
2.35
-0.45
2.75
-3.05
3.86
-1.54
1.71
-3.94
-2.35
2.17
0.21
1.61
1.33
3.08
2.29
-0.84
0.77
-0.86
0.36
0.19
-0.96
-1.09
-2.38
-2.12
3.23
3.06
-2.98
-0.46
-3.87
1.86
-0.47
3.9
-3.04
-1.61
-1.9
-1.05
0.92
-0.41
0.83
3.72
1.28
-2.68
-0.24
-1.18
0.96
-0.96
-3.84
3.27
-0.55
-2
0.73
-1.53
-3.42
-2.75
-3.7
1.87
-3.57
0.08
0.32
-3.49
3.13
-0.25
-3.48
3.33
-0.6
3.04
3.45
2.82
-2.68
-3.13
2.88
-1.36
-2.04
2.57
3.28
-0.84
-2.3
-2.53
3.14
-0.72
2.69
1.62
-0.85
2.14
3.84
-0.03
3.32
-2.65
0.36
-0.84
-2.04
-2.78
1.69
-0.4
0.25
1.92
-3.2
-2.34
-2.65
2.69
-3.27
-0.43
-2.15
2.57
-3.78
-2.06
1.71
0.18
