-8
-0.22
3.07
1.15
-2.99
3.22
0.96
0.09
3.12
-3.66
1.22
0.38
2.92
-3.28
-3.96
2.25
-3.64
1.87
-4
0.81
-3.81
3.87
3.97
-1.98
-3.44
-1.31
-1.67
-2.85
-1.75
-3.38
1.5
1.94
-2.87
-2.31
-2.62
1.51
2.5
2.85
0.87
1.46
2.9
-1.82
-2.48
1.79
-3.78
-3.81
0.1
-3.28
1.91
3.19
3.08
2.53
-1.53
-3.28
2.3
3.64
-0.18
0.98
2.62
2.99
-1.03
-0.16
-1.84
3
-0.9
0.42
-1.06
3.11
3.74
-3.97
0.26
-3.62
-0.21
3.79
1.41
1.34
2.19
3.34
-0.47
-2.99
3.45
0.05
-1.22
-3.88
0.1
0.91
1.32
0.98
3.23
-1.06
-3.67
1.51
-3.2
-2.45
2.75
-0.82
2.95
3.14
-1.52
-2.11
2.77
2.22
-0.95
3.27
-1.58
-1.81
2.51
-2.51
-1.43
0.25
3.64
-2.77
-1.6
-2.09
0.68
-3.65
-2.93
0.19
1.46
0.45
3.76
0.78
