-10
3.79
0.99
-1.36
-3.89
3.04
3.17
-0.62
-1.6
-0.28
-2.27
0.43
2.38
0.62
-3.66
-1.52
-3.97
3.99
-2.28
-3.01
2.36
1.46
2.09
-3.33
-2.26
1.18
1.72
-1.63
-3.36
0.54
0.83
0.62
0.09
2.98
3.3
-3.65
-0.08
0.35
0.57
0.1
-0.83
1.84
-1.66
2.55
-0.53
-0.94
-0.68
-0.51
-2.97
-3.31
3.17
-0.13
-1.59
-3.38
2.29
-1.31
1.15
3.51
0.98
0.29
-1.02
-1.28
-1.26
0.69
1.33
1
0.97
3.05
-2.48
2.1
2.54
-2.75
2.54
-1.59
-0.01
-3.67
-0.89
2.79
-3.01
-0.36
1.19
-0.26
3.28
3.96
2.98
2.59
0.72
3.22
2.49
2.46
-2.97
2.78
-1.66
3.6
3.82
3.44
0.46
2.81
1.37
0.93
-1.19
0.24
-0.72
2.96
-0.98
0.02
0.91
0.84
0.73
1.99
3.94
2.56
0.34
-0.85
0.73
3.2
1.8
-4
-0.46
-2.5
-3.94
3.69
