-4
-1.9
-3.76
-3.59
0.72
1.44
-2.1
3.81
2.68
2.9
1.77
-1.25
2.32
0.53
0.69
3.93
3.37
-0.69
-0.31
-1.13
0.92
-1
-3.62
0.57
-0.17
-2.57
-1.48
0.46
0.07
-3.25
-3.41
0.25
-1.71
-2.37
-2.12
-1.08
-1.52
3.71
3.24
3.73
3.6
-1.67
0.1
-0.88
0.28
-1.92
-0.45
0.38
2.16
-1.75
3.53
-3.19
-3.17
1.89
3.08
2.95
-0.4
1.74
-2.93
-1.98
-0.06
0.21
-2.84
-0.38
0.32
-1.9
1.85
-1.9
-3.63
-3.72
-1.04
-2.2
1.84
-0.59
-0.03
-1.66
1.41
3.84
-1.24
0.33
2.72
-0.44
-2.49
3.62
2.69
-3.17
2.66
3.94
-0.79
-3.34
0.56
0.64
-3.05
2.07
0.54
2.66
3.15
-2.26
0.37
-1.75
0.81
-1
-0.9
-1.47
-2.92
0.8
-1.98
2.82
-3.37
2.43
-2.05
1.14
0.25
-2.75
2.96
0.28
2.12
1.98
-1.41
-0.51
-2.84
-2.25
