-6
3.56
0.06
-1.21
1.16
2.87
3.76
-1.85
3.91
2.5
-2.42
1.71
2.19
-2.95
1.9
3.18
4
-0.74
-0.72
2.2
1.44
-1.01
-1.48
-2.03
-0.32
-1.32
1.93
3.96
0.33
-3.22
-3.94
3.89
1.74
1.77
-1.79
-1.17
-1.82
1.78
2.86
3.05
-1.48
1.87
0.6
1.62
0.16
2.6
1.3
-3.97
-1.21
1.31
0.49
-1.69
-3.94
-2.59
-0.79
-3.83
1.03
-1.92
3.11
-1.53
-3.06
3.8
1.83
3.13
2.44
-2.31
3.97
-3.58
2.84
-0.94
1
-1.79
0.41
0.24
-0.32
3.58
2.4
0.91
1.81
1.09
1.38
1.89
1.17
3.02
0.3
1.76
3.82
0.33
-1.45
-1.96
1.81
-3.91
2.68
0.38
2.11
-1.28
-3.96
1.48
3.19
-1.53
2.63
0.88
-2.81
3.74
-3.69
-1.73
1.91
-0.17
1.73
-0.37
-2.22
-3.88
0.27
-1.98
1.09
-0.95
-1.37
2.81
-1.17
-3.32
-2.13
-0.36
