-10
-0.22
-3.4
1.15
2.31
3.2
0.96
0.09
2.67
-3.66
1.22
0.38
0.69
-3.84
-0.68
2.25
-0.12
1.87
-4
-2.39
-3.81
3.87
3.97
-1.98
-3.44
-0.83
-1.67
-2.85
-2.82
-3.38
-2.98
-3.71
-2.87
1.36
-2.62
1.51
-3.62
1.66
-0.33
1.46
2.9
-1.09
-1.79
-3.38
-0.93
-3.81
-3.53
-3.28
2.88
3.19
3.08
2.53
-1.53
-3.28
2.3
3.64
-0.18
0.98
1.21
2.99
-1.61
1.64
-1.84
3
-0.9
0.42
-1.83
3.11
-2.45
-3.97
0.26
-3.62
-0.21
-3.2
1.41
2.31
2.19
3.34
-0.47
-1.66
3.45
0.05
-2.2
-3.88
-1.28
-0.09
1.32
0.98
3.23
-1.06
3.62
1.51
-3.2
-1.07
2.75
0.62
2.95
3.14
1.3
-2.11
2.77
0.61
-0.58
3.27
-1.58
-1.81
2.51
-2.51
-1.43
0.25
3.64
-2.77
-1.6
-2.09
0.68
-1.76
-2.93
1.86
1.46
0.45
3.76
-2.22
