-5
-1.9
0.78
1.26
0.72
1.44
-1.32
1.72
-3.27
-1.44
-3.31
1.62
1.86
2.57
0.69
3.93
3.37
-0.69
-0.63
-1.13
0.92
2.75
-3.62
1.69
-0.17
-3.94
-1.74
-0.95
0.07
-1.18
3.52
-3.64
-1.71
-2.37
-2.34
-1.08
-1.52
2.65
3.24
-2.58
1.7
-1.67
0.1
-0.88
1.06
-3.08
-0.45
0.38
-0.76
3.57
3.53
-3.19
2.15
1.89
3.08
2.95
-2.28
3.57
-2.93
-1.98
-0.06
0.21
-2.84
-2.2
0.32
-1.79
-2.55
-1.9
-3.63
-3.72
-1.04
-2.2
-3.14
-1.63
-2.86
-1.66
1.41
3.84
-1.24
0.33
-0.4
-0.44
-1.78
-3.18
2.69
1.62
-0.42
2.38
-0.79
-1.61
0.56
0.64
-3.05
2.07
0.54
2.66
3.15
-2.26
-2.4
-1.75
-0.88
1.57
-0.9
-1.47
-2.92
0.8
-1.98
2.82
3.61
1.44
-2.05
1.14
0.25
-2.75
-1.47
0.28
0.05
1.98
-1.06
0.44
2.84
-2.25
