-5
-1.9
3.29
1.26
-1.29
-2.47
-2.1
1.72
2.68
-3.08
1.77
-1.25
1.86
0.53
0.69
1.99
3.37
-0.69
-0.63
2.38
-3.97
2.75
-3.62
1.69
-0.17
-2.57
3.22
0.46
0.07
-1.18
-3.15
-3.64
-1.71
-2.37
-2.34
-1.08
-1.52
2.06
3.24
-0.76
1.7
-1.67
0.1
-0.88
1.06
-3.08
-0.45
1.94
-0.76
2.63
2.02
-3.19
-3.17
1.89
3.06
2.95
-0.4
1.74
-2.93
-1.98
-0.06
0.21
-2.24
-0.38
0.32
2.29
1.85
1.68
1.68
-3.72
-1.04
1.7
-0.72
-2.5
2.29
2.07
1.41
3.84
-1.24
2.79
-0.4
-0.44
-1.78
-1.11
2.25
2.9
3.47
-2.96
-0.79
-1.61
0.26
0.64
-3.05
2.07
3.63
-1.38
2.26
-2.26
-2.4
-1.75
0.81
-3.58
-0.9
-1.47
-2.92
3.56
-1.98
2.82
-3.37
2.43
-2.05
-0.93
0.25
0.65
2.96
0.28
2.12
1.98
-1.06
-0.51
-2.84
-2.25
