-10
-3.44
-1.76
1.8
-0.84
0.18
-3.53
0.95
-1.95
-0.21
-2.2
0.88
1.11
-0.29
1.68
2.14
-2.68
2.33
0.48
-0.48
1.39
-3.34
-2.05
1.33
0.73
-2.98
0.47
3.7
-3.3
0.25
2.6
1.36
0.6
-1.17
2.6
2.44
0.87
-1.21
1.27
-1.2
-0.07
-3.34
-3.71
2.36
-3.05
-1.03
-2.74
3.18
-3.3
-3.51
-1.76
-3.95
-0.68
-2.73
-1.93
3.38
3.88
-3.86
1.49
0.01
2.9
-2.98
-3.99
-1.85
3.92
-1.6
1.42
3.67
-2.44
2.6
-2.25
-3.26
0.47
3.01
-0.95
3.83
-2.23
-1.17
-0.12
-1.33
-3.26
-2.59
0.79
-2.36
3.52
1.17
-2.52
-0.68
-0.45
-3.82
1.43
-2.23
-3.49
-1.68
-1.48
-2.1
1.6
1.01
-2.38
-2.75
-0.97
-1.95
3.25
-1.61
-2.7
-0.82
3.83
2.39
-0.94
-2.59
-1.77
-0.69
2.85
-3.59
-3.11
-1.55
2.62
-1.09
-1.15
0.28
3.09
2.49
