-6
1.39
0.05
-1.31
-2.38
3.93
-0.4
-2.09
3.91
-0.02
-0.55
2.3
2.73
-2.72
2.05
1.36
4
-0.12
-0.72
2.2
-1.6
-1.98
-1.86
-3.33
1.12
-3.74
-1.64
-2.47
-3.93
-3.22
-3.17
0.74
-1.01
-2.61
-2.6
-1.17
-3.35
-0.92
-1.23
-1.77
-2.6
1.87
0.6
0.47
-0.92
3.37
-1.72
3.51
0.12
-0.84
-1.19
3.41
0.92
1.92
-1.54
4
-1.57
-1.92
-2.92
1.23
-2.86
2.76
-2.16
3.54
-0.7
-3.97
0.01
1.34
2.67
-1.02
-0.49
-1.79
3.75
1.47
2.53
3.58
-1.85
0.2
-3.07
-3.76
1.38
-3.68
2.83
3.02
0.31
-0.78
-1.68
1.84
1.31
-0.21
3.9
2.77
-2.05
0.61
-2.39
-1.28
2.25
-3.15
0.87
-2.07
2.52
-2.39
-2.81
1.57
-0.73
0.18
-0.42
-0.17
-0.11
0.59
3.44
-3.67
1.05
0.67
1.09
3.12
-3.18
-1.48
0.3
0.67
-0.22
-0.36
