-3
-1.28
-1.16
-2.79
-1.21
-1.65
-0.42
-3.04
-1.36
1.05
3.34
0.31
-0.16
2.83
-2.31
-1.75
0.09
-3.59
2.37
1.69
-1.69
-2.53
0.36
-2.6
2.36
2.48
2.36
-1.28
3.74
3.07
-1
-0.85
-3.54
-0.93
-0.95
-0.2
0.37
-1.42
-3.03
-3.58
-1.59
-0.65
-0.1
1.05
2.12
1.16
0.11
-3.41
2.1
-1.64
1.15
-0.21
3.07
1.96
-1.94
3.17
-1.44
2.69
3.87
1.72
0.27
-1.47
1.05
1.03
-0.75
-2.08
1.54
-3.39
2.21
1.3
-1.14
2.65
-2.6
0.02
1.07
-0.23
0.14
2.44
-2.91
0.6
-0.73
-0.17
-3.04
2.8
-2.99
0.26
-3.53
0.63
1.38
2.65
3.34
-3.83
1.52
-1.41
-2.69
-1.97
-0.87
-0.38
3.49
1.35
-3.84
-2.01
2.19
-1.13
1.15
2.5
-1.54
-1.73
-0.35
0.96
0.12
2.44
1.78
-3
0.93
0.22
-2.04
1.61
-3.15
2.05
3.34
-0.25
