-8
0.01
1.99
-2.16
-2.3
-1.8
-1.29
3.87
0.78
-3.15
2.42
-3.92
-3.84
-1.11
-0.55
1.54
-1.72
2.27
-2.05
-1.48
2.21
-0.4
-1.71
0.48
-1.24
0.24
2.64
-2.91
-1.3
-0.67
0.77
-1.33
-1.11
1.29
1.05
-0.32
-1.89
-1.87
-3.89
2.42
2.51
1.67
3.47
-3.35
0.16
-0.84
3.88
3.45
-1.31
-0.51
1.9
2.86
2.76
-2.54
0.31
-1.82
2.72
2.53
0.78
1.31
-1.16
-0.58
3.52
-2.37
1.37
3.9
-1.01
-0.49
3.86
-0.09
-3.64
1.13
0.17
-1.18
2.12
-1.23
0.45
-3.07
3.45
-1.55
-0.85
0.48
-0.56
3.52
-3.36
-2.55
0.44
3.98
2.87
-3.93
-2.88
1.72
-3.12
-0.71
1.62
1.61
-2.42
0.68
-3.03
0.26
2.39
3.97
0.12
2.3
3
1.06
2.58
-1.83
0.39
2.06
1.44
3.43
1.19
-0.29
0.81
-2.94
1.86
2.07
-3.49
3
3.62
-0.98
