-8
-1.28
0.45
-2.79
-1.21
-0.17
-0.42
-2.95
-1.36
-2.47
3.34
0.31
-0.16
2.83
-0.75
-1.75
0.09
0.92
0.77
1.69
-1.69
-2.53
0.36
-2.6
2.36
2.48
2.36
-1.28
3.62
-2.19
-1
1.28
-3.54
-2.9
-0.95
-0.2
0.37
-1.42
1.11
-3.58
-1.59
-3.94
-0.41
1.05
2.12
1.05
-1.37
-3.41
2.1
-0.66
-1.46
-2.38
1.75
1.96
-1.94
3.17
-1.44
2.69
3.92
-2.51
0.27
0.84
1.05
0.84
-0.75
-2.08
1.54
-3.09
2.41
1.3
-1.14
2.65
1.89
3.34
-0.1
2.42
-0.23
2.44
-2.91
1.68
3.23
0.32
-3.04
2.8
2.04
-3.57
0.47
1.49
1.38
0.87
1.8
-3.83
1.41
3.02
-2.69
-2.98
-0.87
3.26
-2.77
1.35
3.92
-2.01
0.16
-1.13
1.15
0.01
-2.25
-1.73
-0.35
1.04
2.52
-1.68
1.78
-3
0.93
-3.32
-2.04
1.61
-3.15
2.05
0.31
-0.25
