-5
2.89
-3.69
1.8
-0.84
0.18
-3.76
0.95
-1.95
2.13
-2.2
0.88
2.22
-1.66
1.68
-0.96
-2.68
3.61
0.06
-0.48
1.39
-3.33
-2.05
-2.8
-0.18
-2.98
0.47
3.7
-3.3
0.25
3.46
-2.67
0.6
-1.17
2.6
2.44
0.87
1.42
1.27
-1.2
-0.07
3.37
3.71
0.55
-2.55
-1.03
-2.74
0.53
-3.3
-3.51
3.58
-3.95
-0.68
-2.73
-1.93
-2.14
3.88
-1.28
2.82
0.17
-1.24
-2.98
-3.99
-2.15
3.46
-1.6
3.79
-2.81
-2.44
2.6
-2.25
-3.26
0.47
-1.2
-0.95
3.83
-1.37
-2.14
-0.12
-1.25
-3.26
-2.59
0.45
-2.36
-0.43
1.17
2.01
2.93
1.03
-3.82
1.43
-1.05
-3.49
-1.68
-1.48
0.22
-3.6
1.01
-2.12
-2.75
-0.97
-1.95
3.25
-1.61
2.69
-0.82
0.87
2.39
-0.94
-3.67
-1.77
-0.69
2.85
-3.59
-1.05
-1.01
2.87
-1.09
-1.15
2.62
3.09
1.01
