-8
1.71
-1.02
-0.2
1.79
-1.26
-0.38
-1.38
-2.95
-3.15
-1.43
1.1
-2.32
-0.87
3.83
1.54
1.71
1.3
-0.32
2.09
2.21
1.09
-3.68
1.66
-1.59
2.72
2.64
-1.29
-1.3
-0.67
-2.33
1.34
-1.11
3.24
1.05
-0.32
-0.31
-3.42
3.73
-1.28
1.69
-2.67
-3.81
-0.56
0.16
-2.24
-2.64
-3.09
-3.65
0.9
1.9
-3.02
2.76
-2.54
-2.24
-3.55
2.72
2.53
3.12
0.18
-3.2
-0.58
3.52
0.39
1.37
3.9
0.36
-3.24
2.6
0.66
-2.22
1.13
0.17
1.14
3.95
1.18
0.16
1.61
-0.78
3.26
0.59
1.73
-1.05
-1.44
3.43
-2.55
0.44
-0.74
1.09
0.17
-3.21
3.16
-0.2
1.54
1.62
1.61
-2.95
0.68
-3.64
-2.32
-3.89
-3.95
1.96
2.3
-0.56
2.56
1.87
-1.83
-3.28
-1.25
-1.63
-3.71
-1.62
-1.86
0.81
-2.94
-3.11
-4
3.75
-1.91
-1.17
-0.2
