0
-1.36
2.78
-1
0.02
-0.23
1.97
-0.13
0.48
-0.18
-0.74
1.67
0.69
-3.84
-0.68
0
-0.12
-0.38
-4
1.58
-3.81
3.87
0.3
1.03
-1.09
-3.55
-1.67
2.58
-2.82
-3.38
3.57
-3.71
-2.87
-0.68
2.53
1.51
-1.75
1.66
0.37
1.94
2.97
-1.09
-2.34
3.27
-1.65
-1.52
-1.07
-1.95
2.88
3.19
3.08
-2.03
-2.68
-2.21
2.3
3.64
-0.05
-1.6
1.21
-1.4
0.85
3.32
-0.26
-3.6
0.91
1.39
-0.86
-0.85
3.74
-2.68
3.51
3.76
0.15
-3.01
2.62
2.23
2.19
-2.83
-1.43
-2.99
-1.7
2.51
-2.2
0.15
1.07
-2.64
2.52
1.29
-2.15
1.55
0.38
0.82
3.84
-0.42
0
0.09
1.32
3.14
3.73
-0.68
2.77
1.62
3.18
2.75
-1.2
-1.93
2.51
3.23
0.4
3.18
3.64
-2.77
-1.6
1.87
-1.67
-0.25
1.21
-0.19
-1.01
0.45
-3.58
-2.22
