-2
-1.05
-0.62
2.58
-1.98
-0.44
0.9
3.98
2.94
-2.55
-3.07
2.71
-2.11
2.67
-3.6
0.71
2.75
-3.05
3.21
-1.54
-3.94
3.58
-0.94
2.17
-3.06
3.5
1.33
3.43
2.57
-0.84
2.03
-3.64
-3.62
0.19
0.16
0.94
3.53
3.65
3.23
3.06
-2.69
-3.83
-3.87
-1.6
3.29
-1.43
-1.37
2.82
-2.19
0.93
0.92
-0.41
0.52
1.38
1.28
-2.68
2.18
-2.86
-2.75
-3.36
3.57
-0.31
-2.02
-2
0.73
-1.53
-3.42
-2.75
-3.7
-2.96
-3.57
0.08
0.32
-3.49
-2.88
-0.25
-3.48
-3.34
-1.73
2.38
3.89
-3.37
-1.54
3.17
-3.55
1.46
-2.29
2.57
-3.96
0.15
-2.3
-0.77
-1.65
-3.08
2.69
2.35
-1.37
1.13
1.68
-0.03
3.84
1.81
0.36
-0.84
-2.04
-3.97
1.69
0.03
0.25
1.92
-3.2
-0.37
-0.89
-0.12
3.3
-3.94
-2.15
2.49
-3.78
-2.06
1.71
-3
