-3
2.87
-2
-1.71
3.01
-0.08
-2.69
-3.04
-0.56
-2.47
-1.02
2.58
1.35
-2.15
-0.75
-1.75
2.52
0.92
2.37
3.76
3.5
2.62
0.51
-3.49
-2.55
-3.53
2.36
3.42
3.62
-0.76
-1
0.99
-1.62
1.91
3.94
-2.37
0.37
2.36
-3.03
-3.58
-1.29
-3.94
-0.1
3.79
0.72
1.05
-1.37
-3.41
2.71
-0.66
-1.11
0.46
1.5
-1.01
-1.94
-2.11
-2.46
2.69
-0.76
-2.51
-1.02
3.28
-2.33
1.03
0.54
-2.08
2.12
-3.09
2.21
1.3
-1.14
-3.97
2.57
3.34
-0.73
0.94
-0.23
-2.72
-2.91
3.41
3.23
3.79
1.41
-3.98
2.04
2.55
-1.77
1.47
-0.39
-0.01
-0.04
-0.29
1.52
-3.21
-2.69
3.65
0.78
-1.89
-0.76
1.35
-3.84
-0.89
2.19
-1.13
1.78
-3.48
-0.79
-1.73
-1.78
0.96
2.12
2.44
-0.89
0.48
-1.17
-2.7
-2.07
0.49
0.74
2.05
3.37
-2.14
