-7
-1.23
0.45
-1.71
-1.21
-0.17
-2.81
-2.95
1.95
-2.2
-1.16
2.58
1.35
-3.59
-0.75
-1.75
2.52
0.92
2.37
1.69
2.52
0.07
-0.62
-0.9
0.56
-2.7
-3.13
-0.14
3.62
3.07
-1
-0.85
0.42
-1.44
-2
-2.37
-3.78
2.26
-3.03
-3.58
-1.29
-0.65
-0.1
3.96
0.72
1.45
0.11
2.57
1.59
-0.66
-1.11
-0.21
1.75
-1.01
-1.61
1.39
0.87
2.69
-0.76
1.72
3.83
0.84
-3.05
1.03
-3.29
2.94
2.12
-3.09
0.31
-0.84
-1.14
3.04
-2.6
3.34
1.07
-3.4
-1.47
-2.72
3.45
3.41
3.45
3.79
-3.04
-3.44
2.04
-3.78
-3.53
1.47
3.15
2.65
-0.3
-3.83
1.52
3.02
-2.69
-1.97
-2.95
3.26
-0.76
1.35
0.77
-0.89
2.19
-1.13
-0.31
0.01
-1.54
-0.38
-3.39
0.96
0.12
3.35
1.83
-3
-1.17
-3.32
0.49
2.68
0.74
1.39
-3.5
3.76
