-10
-1.36
2.78
-1
0.02
-3.57
1.97
0.09
0.48
-0.2
-0.74
0.38
-2.35
1.49
0.11
0
-0.12
-0.82
-2.98
-3.63
3.13
3.87
3.97
3.8
-3.44
-3.49
-1.67
0.15
-3.57
3.08
2.51
-3.71
3.86
1.36
2.53
1.51
-0.62
1.66
0.37
1.94
2.97
-1.09
-2.48
-0.11
-2.95
-1.52
1.95
3.68
2.88
3.41
3.43
-2.03
1.08
-2.21
2.35
0.05
-0.18
-1.6
-3.91
3.65
-2.72
3.32
-3.79
-3.6
0.91
-0.76
-0.86
3.11
-2.45
-3.97
2.56
3.76
-0.45
-2.55
2.62
2.23
2.57
3.13
-1.32
-2.14
1.69
3.33
-2.2
-1.05
1.07
0.91
1.32
0.98
1.41
-1.45
3.62
0.82
3.84
-0.42
2.75
-0.18
2.95
3.14
1.89
-2.11
3.52
-2.25
2.92
3.27
-1.58
-1.93
1.46
0.97
-0.68
-3.05
-2.56
1.79
-1.6
3.43
-1.67
-0.25
1.21
0.25
1.46
1.16
-3.58
-0.36
