-5
2.89
-3.69
1.8
-0.84
-3.42
-3.76
1.38
0.97
2.13
3.22
-1.98
1.11
-0.29
1.68
-0.22
-3.88
3.61
0.48
1.12
1.39
-3.56
-0.29
1.33
-2.42
2.99
0.47
-0.36
-2.3
0.31
-0.7
-2.67
1.4
2.55
3.56
2.44
2.27
-1.21
-3.62
3.9
1.29
3.37
-3.71
2.36
0.01
-1.19
-1.39
2.86
-3.3
-3.51
-3.32
3.34
2.36
-2.73
-0.93
3.38
-1.1
-1.28
2.82
0.17
-1.24
2.51
0.68
-1.85
-2.99
-1.6
3.79
-2.81
-2.44
2.6
-3.75
-2.56
2.1
-1.2
3.83
0.53
0.25
-2.14
1.64
2.21
-3.26
-2.59
0.79
-2.23
3.52
1.08
2.01
-3.49
-3.82
-1.39
-3.55
-2.23
-3.74
-0.09
-2.57
0.22
-3.6
1.28
-2.38
-0.77
-0.97
-1.95
1.3
-1.61
3.01
1.22
-0.42
2.39
2.74
1.07
-0.47
2.02
3.09
2.26
1.6
-1.01
2.87
-1.09
-2.29
2.62
3.09
1.01
