-10
1.51
3.05
-1.36
-3.89
3.04
3.17
-0.62
-1.6
-3.54
-2.02
0.43
2.38
0.62
3.73
-1.52
-3.97
3.99
-2.03
-3.01
2.36
1.46
2.2
-3.33
-3.57
-3.09
1.72
-3
-3.36
2.14
0.83
-0.91
0.09
2.98
3.3
3.96
-0.08
0.35
-0.48
0.1
-0.83
1.84
-1.66
2.55
-0.53
-0.94
-0.68
-3.58
-2.97
-3.31
3.17
3.99
0.92
1.84
0.16
-1.31
3.56
3.51
0.33
-3.38
-1.02
-1.28
-1.26
-3.82
1.33
3.6
0.97
3.05
2
2.1
-0.48
-0.96
-1.83
-2.02
-0.01
-3.67
-0.46
0.8
-3.01
2.34
1.19
-0.26
3.28
2.03
-0.68
2.59
0.72
3.22
2.49
2.96
-1.79
2.78
1.71
-0.68
3.82
3.44
0.46
-1.39
-3.34
0
-1.19
0.24
-0.72
2.07
-0.98
0.02
0.42
-3.43
0.73
-3.47
3.94
-1.13
0.34
0.63
0.73
3.2
-3.82
-2.04
-0.46
-0.79
-0.41
3.69
