-5
2.18
-3.86
1.26
0.35
-2.94
1.82
1.72
-1.19
-3.08
3.33
-1.25
2.47
0.53
0.69
3.81
-1.48
-3.42
-0.63
-1.13
-0.14
2.75
-3.62
-3.47
-0.17
0.53
-1.74
-0.48
-3.92
-2
-2
2.41
-3.41
-1.36
-2.34
1.98
-1.52
2.06
2.74
1.05
3.6
0.77
-2.27
2.62
-2.15
-3.08
-0.45
-2.04
-1.9
1.2
-3.91
-3.19
2.15
-2.04
3.08
3.71
-2.28
3.57
-3.68
2.88
0.89
2.39
3.42
-0.38
0.32
3.21
-1.25
1.68
-0.77
-3.72
-1.04
-3.03
-0.72
-3.33
3.28
-1.66
3.46
1.87
3.92
0.33
-2.9
0.46
-3.77
-3.18
-0.99
1.62
-1.15
2.38
-1.75
-1.61
0.56
0.64
-2.78
3.87
1.14
-1.38
-1.08
1.6
0.1
-1.75
0.81
-3.58
-3.68
-1.47
-2.92
3.56
-2
2.87
3.61
-1.48
-3.35
-0.93
0.25
-1.48
1.81
2.04
2.12
2.59
1.15
0.44
-2.84
-2.25
