-9
-2.76
0.99
-2.4
-3.89
-0.62
0.41
0.56
-1.6
-3.74
-3.44
0.43
3.11
0.62
-3.41
-1.73
3.01
1.31
1.62
-2.06
-1.6
2.74
2.09
-3.33
-2.86
-1.61
3.14
1.73
-2.32
-1.54
-2.56
-2.62
3.18
0.04
-0.16
-3.65
-2.59
-2.1
-1.01
-0.35
1.2
-2.88
-0.16
2.55
-0.53
3.79
-3.95
0.06
-1.09
-2.94
-0.52
-2.59
-1.59
1.84
0.35
1.39
-0.65
3.44
1.73
1.44
0.06
0.21
-1.34
3.22
1.24
1
0.97
3.12
-0.66
2.1
-2.66
-0.96
0.5
-3.84
0.57
2.43
0.97
3.6
0.79
-0.36
2.27
-0.1
3.73
-0.46
2.98
3.03
0.39
1.96
1.56
2.88
-2.97
-2.05
-1.64
3.61
3.59
-0.95
2.85
-1.43
-2.43
-0.54
-1.19
2.84
-0.72
1.13
-1
0.02
2.36
-3.51
1.19
0.62
1.72
-1.13
-1.93
-0.85
0.73
3.2
-3.11
3.55
-0.46
2.65
3.53
1.36
