0
-1.36
3.44
-1
-0.33
-3.57
1.97
0.09
0.48
-2.37
-0.74
0.43
2.92
-3.84
2.08
0
0.31
-0.94
1.91
-3.63
-3.81
-0.22
1.06
1.03
-1.09
-3.49
0.65
2.58
-3.57
3.08
3.57
-3.71
-2.87
-0.68
2.53
1.51
-1.75
1.66
0.37
1.46
2.9
-1.09
-2.34
3.27
-2.95
-1.52
1.95
-3.28
2.88
-1.67
1.87
-2.03
-2.68
2.81
2.35
-2.93
0.31
0.98
-3.91
-1.4
0.85
2.63
-3.79
-0.73
0.91
3.68
-2.39
-2.63
3.74
-3.44
2.56
3.76
0.15
-2.55
2.62
2.23
2.57
-2.83
-1.43
-2.94
1.69
2.51
-2.2
-1.05
-0.66
-2.64
-0.35
1.29
1.41
1.55
3.62
-2
-2.17
-0.42
2.75
3.91
1.32
3.14
3.73
-2.11
2.77
1.62
2.92
-0.43
-1.58
2.47
1.46
3.23
-3.81
-3.88
3.64
0.22
1
1.87
0.68
-0.25
1.21
-3.29
-1.01
1.16
-3.58
-0.36
