-2
-1.05
-0.62
2.58
1.33
1.6
2.35
3.37
1.17
-1.6
-0.05
1.24
-0.14
2.67
2.35
0.71
2.75
-2.37
3.21
-1.54
0.47
3.58
-0.94
1.7
-3.06
0.16
-3.11
3.08
2.57
-0.84
2.03
-3.25
-1.39
-3.37
0.16
0.94
0.46
3.65
3.23
2.7
-3.86
-3.83
-2.78
-1.6
-0.67
-1.43
-1.37
2.82
0.52
0.93
0.92
-3.95
2.42
-3.02
1.28
-2.63
-2.53
-1.18
-2.75
-3.36
-3.84
3.27
2.76
-2
0.03
-1.53
-1.38
0.64
1.08
-2.96
-3.57
-2.66
-1.04
-3.49
-0.06
2.16
2.75
-3.34
-0.6
-0.36
3.89
2.82
1.8
3.55
-3.55
1.46
-2.29
2.57
0.07
0.15
-2.3
3.71
-1.65
-3.08
0.97
-0.45
-0.85
1.13
1.68
-0.03
3.84
1.81
-0.44
-0.84
-2.04
-3.63
1.1
0.03
0.25
1.92
-2.69
-0.37
-0.89
3.99
3.3
-3.94
1.89
3.21
-3.78
0.69
-3.32
-3
