-3
3.41
1.99
3.98
1.79
-2.53
-1.29
-0.54
-3.98
-3.15
-2.74
-3.92
-2.32
-1.11
-0.25
-1.52
-3.92
3.64
-0.32
2.09
3.48
1.09
-2.51
-0.77
-1.59
1.9
1.03
-2.91
-1.3
1.66
-0.35
-0.58
-1.11
3.24
1.05
-0.83
-1.89
-3.42
0.76
-1.28
3.8
-2.67
-3.81
-3.35
0.16
0.55
3.88
3.45
-1.31
0.9
1.9
0.22
2.99
-2.54
0.31
0.85
0.22
2.53
3.12
1.31
-1.16
-0.58
-2.85
-0.05
-2.2
3.9
-3.98
-0.49
3.86
2.12
-3.64
1.13
2.15
-1.18
3.95
-1.23
0.45
3.1
-2.5
-1.47
-0.21
3.75
-0.56
-1.44
-3.36
-2.55
0.44
3.98
-2.32
-3.93
3.14
-1.79
-3.12
-0.71
1.62
1.61
-2.95
-2.02
2.95
0.26
2.39
-3.93
-2.4
2.3
0.43
2.56
1.87
0.77
-3.28
2.06
-1.63
-3.71
-1.62
-0.29
-0.12
-2.94
1.86
-4
-3.01
-1.91
1.89
-0.98
