-3
-1.23
0.45
0.54
-1.21
-0.17
-2.81
-2.95
1.95
-2.2
-1.16
0.81
1.35
2.83
-0.75
-1.75
0.09
-3.59
0.77
1.69
2.52
0.07
-0.62
-2.6
0.56
2.48
-3.13
3.42
3.62
3.07
-1
-0.46
0.42
-0.93
-0.95
-2.37
0.37
-1.42
-3.03
-3.58
-1.59
-3.94
-1.31
1.05
0.72
1.05
-1.37
2.57
2.1
-0.66
1.15
-0.21
1.75
1.96
-1.94
1.39
0.87
2.69
3.92
-2.51
3.83
0.84
-2.33
0.84
-0.75
-2.08
1.54
2.37
0.31
-0.84
-1.14
3.04
-2.6
3.34
1.07
-0.37
0.14
2.44
-2.91
3.41
-0.73
3.79
1.97
2.8
2.04
-3.78
-3.53
1.49
1.38
2.65
-0.3
-3.83
1.52
4
-2.69
-2.98
-0.87
3.26
-0.76
1.35
3.92
-0.89
0.16
-3.95
1.15
-3.48
-0.79
-1.73
-3.39
0.96
-3.06
3.35
1.78
-3
-1.17
-3.32
0.49
2.68
-3.15
-3.3
-3.5
3.76
