-10
1.43
-3.4
-1
2.31
-2.6
3.7
0.09
0.48
-0.2
-0.74
0.38
-2.35
3.7
0.97
0
-0.91
-0.82
-4
-3.63
3.25
3.87
3.97
-0.37
-3.44
-3.49
-1.81
-2.85
-3.57
-3.38
2.51
-3.71
3.86
1.36
2.53
1.51
-0.62
1.66
0.87
1.46
2.9
-1.09
-2.48
-2.22
-2.95
-1.52
1.95
-3.28
2.88
3.19
3.43
-2.03
-1.53
-2.21
2.35
0.05
-0.05
-1.6
0.69
2.99
-1.61
2.54
-3.79
-3.6
0.91
0.42
-0.86
3.11
-2.45
-3.97
0.26
1.75
0.15
-2.55
2.62
1.34
2.19
3.13
-1.32
-1.66
3.45
2.51
-2.2
-3.88
1.07
0.91
2.52
0.98
3.23
-1.45
3.62
0.82
3.84
-0.42
2.75
-0.18
2.95
3.14
1.89
-1.81
3.52
-2.25
-0.95
3.27
-1.58
-3.48
-3.79
-2.51
-0.68
0.25
-3.57
1.79
-1.6
3.43
0.68
-0.25
-2.93
2.55
1.46
1.16
-3.58
-2.22
