-3
0.8
3.29
3.75
-3.62
-2.94
-2.69
-3.04
2.68
-1.44
1.77
-1.89
2.47
0.53
0.69
1.99
-3.53
-2.85
-0.63
-1.13
-0.14
2.92
-3.62
-3.71
-0.17
-2.57
-1.74
-0.95
2.31
-3.25
-3.41
-3.64
-1.71
-1.02
-2.34
-1.08
-3
1.36
3.24
-2.58
1.7
-1.67
0.1
-0.88
1.06
-1.92
2.81
-1.24
0.55
3.57
-3.91
-3.19
-3.17
1.89
3.06
-1.85
-2.28
3.57
-2.93
-1.98
-0.38
0.21
-2.84
-2.2
0.32
2.29
-1.25
-2.1
-3.63
-3.72
-1.04
1.7
1.84
-1.63
2.29
1.34
0.69
-2.33
3.29
2.79
1.88
-0.44
-3.77
2.48
2.25
1.62
3.47
-2.51
-0.79
-1.61
0.56
0.64
-3.05
2.07
3.63
2.66
-1.08
1.6
0.1
2.7
-0.88
1.57
-0.9
-1.47
2.8
1.48
-1.98
2.87
3.71
2.43
-2.05
1.14
0.57
0.65
1.78
2.04
2.12
1.98
-1.06
-0.51
-2.84
-1.95
