-2
-1.05
-3.11
2.58
0.2
-1.94
2.98
-3.1
3.79
3.08
-3.07
0.34
0.47
0.47
-3.6
-0.45
-3.31
-3.05
-3.45
-1.54
0.5
-3.94
0.58
-0.75
0.21
1.61
-3.11
1.37
2.57
-0.84
-2.66
-3.64
-1.39
2.52
-0.96
0.94
-2.38
-2.12
3.23
-0.53
-3.86
-2.97
2.44
-1.6
-0.47
0.84
-3.04
2.82
-3.75
-1.05
0.92
-0.41
0.52
3.72
-3.18
-2.63
-0.24
-2.86
0.96
-3.36
-3.15
3.27
-0.55
1.47
0.38
-0.69
-3.38
-2.75
-3.7
1.87
-3.57
0.08
0.32
-3.49
3.13
-0.98
-0.51
-3.34
-1.73
2.38
3.77
-3.37
1.8
0.88
2.88
-1.36
-0.24
0.2
-3.96
1.92
-2.3
3.71
1.25
-0.72
-3.6
1.62
-0.85
2.14
3.84
-0.03
3.84
-2.65
3.96
-2.41
-2.04
-2.78
1.69
-2.42
0.25
3.37
-3.2
-2.34
2
-0.12
3.3
-3.94
-0.24
2.57
-3.78
-2.06
-2.54
-3
