-5
-1.79
3.29
1.26
-1.29
1.44
-2.1
-2.67
2.68
-1.44
1.77
-0.13
1.86
-1.81
0.69
1.99
3.37
-0.69
-0.63
2.38
0.92
2.75
-3.62
1.69
-0.17
-2.57
0.36
-0.95
2.31
-3.25
3.52
2.41
-1.71
-2.37
-2.12
-1.08
-1.52
2.06
3.24
-2.58
1.7
-1.67
0.1
-3.05
1.06
-3.08
-0.45
1.94
-0.76
-0.68
2.02
3.77
-3.17
1.89
3.06
2.95
-0.4
1.74
2.17
-1.98
-0.38
0.21
-2.84
-2.2
0.32
2.29
-2.55
-1.9
1.68
-3.72
-1.04
1.7
-0.82
-2.5
2.29
2.07
0.69
3.84
-1.24
0.33
2.72
-0.44
-3.77
-1.11
2.25
2.9
-0.42
-2.96
1.95
-2.45
0.56
0.64
-3.05
2.07
0.54
-1.38
-3.03
1.6
0.1
2.7
-2.55
1.57
-0.9
-1.47
-2.92
0.8
-1.65
2.87
-3.37
2.43
-2.05
1.14
0.25
0.65
2.96
-0.66
2.12
-3.76
1.15
-0.51
-2.84
-2.25
