-2
-1.05
-3.62
0.97
-1.98
-1.94
2.98
0.15
3.79
3.08
-0.05
2.95
-3.15
-2.32
-3.6
-0.45
-4
-3.05
-3.45
-1.54
-3.94
1.1
0.58
2.17
0.21
0.16
-3.11
1.37
1.46
-0.84
2.03
-0.86
-0.06
0.19
0.16
-1.09
-2.38
-2.12
3.23
3.06
-1.75
-2.97
-3.87
-1.6
-0.47
0.84
2.94
-1.61
-2.19
-3.43
0.92
-0.41
-3.06
-2.24
1.28
-2.63
-0.24
-0.23
0.96
-0.96
-4
3.27
-0.55
1.47
0.73
-1.53
1.22
1.59
-3.7
1.87
-3.57
-2.43
0.32
-3.49
3.13
3.8
-0.51
-3.21
0.13
1.95
3.45
-3.37
-2.68
3.17
2.88
-1.36
0.42
2.57
3.28
-0.84
-2.3
3.71
1.25
-3.04
-3.6
1.62
1.19
2.14
3.84
-0.03
3.84
-2.65
3.96
-0.84
-2.04
-3.63
-3.83
-0.4
0.25
3.37
-3.2
-2.34
-2.65
2.09
1.87
-0.43
1.89
3.21
-3.78
0.3
-2.54
0.18
