-2
1.43
1.47
-1
2.31
-1.18
0.96
0.09
2.67
-3.66
1.22
0.38
1.87
-3.84
-0.68
2.25
-0.91
1.87
-4
0.81
3.25
3.87
3.97
-0.37
-3.44
-1.31
-1.81
2.58
-2.82
-1.45
-2.98
-3.71
-2.87
-0.68
2.53
1.51
-1.75
1.66
0.87
1.94
2.9
-1.82
-1.79
-2.22
-0.93
-3.81
0.1
3.68
2.88
-2.95
3.08
2.53
-1.53
-3.28
-2.53
0.05
-0.18
0.98
0.69
2.99
-1.61
-1.12
-1.84
-3.6
-0.9
-1.85
1.06
3.11
3.74
-3.97
0.26
3.76
-0.21
-3.2
1.41
3.61
2.19
3.34
-1.32
-2.99
3.45
2.51
-2.2
-3.88
1.07
0.91
1.32
0.98
3.89
-1.06
3.39
2.95
-3.2
0.2
3.04
-0.82
2.95
3.14
1.89
-2.11
2.77
-1.69
-0.95
-3.9
-1.58
-3.48
2.51
-2.35
-1.43
0.25
-3.57
1.79
-1.6
1.87
0.68
-0.25
-2.93
2.55
1.46
1.16
3.76
-2.22
