-10
-1.23
0.45
-2.79
-2.37
-1.65
2.13
-2.95
-1.36
-2.47
1.22
0.31
-0.16
-3.59
-2.82
-2.63
2.52
0.92
0.77
1.69
2.52
-2.28
0.36
-2.6
-2.55
2.48
2.36
-1.05
3.74
3.07
-1
-0.85
-3.54
-2.9
-0.95
-0.2
0.37
-1.42
-1.22
2.48
-3.64
-1.3
-0.1
3.79
-0.38
1.05
-1.37
-1.41
2.1
-0.66
1.15
-0.21
1.75
1.96
-1.94
3.47
-1.44
2.69
3.92
1.72
0.27
-1.47
-2.33
0.84
-0.75
2.94
1.54
-3.39
-1.15
1.3
-1.14
2.65
1.89
3.34
-0.1
-0.23
0.14
-2.72
-2.91
1.68
-0.73
-0.17
-3.04
2.8
2.04
-3.57
0.47
1.49
0.25
0.87
3.34
-3.83
1.52
-1.28
-2.69
-2.98
-0.87
3.26
-0.76
1.35
3.92
-2.01
0.16
-1.13
1.15
0.01
-2.25
-0.38
-0.35
1.04
2.52
2.44
1.78
0.48
0.93
-3.32
-2.04
1.61
-3.15
2.05
3.62
-0.25
