-2
2.18
-3.86
0.84
-2.95
-2.94
-2.1
-0.83
-2.74
1.31
-2.45
-1.25
-2.98
1.76
2.69
1.99
-1.48
-2.85
-0.63
-1.72
3.71
2.75
0.76
-3.47
0.52
0.53
0.17
-0.48
1.39
-2
3.19
2.41
1.24
1.12
-1.47
1.98
0.25
-2.46
3.24
-2.58
3.6
1.37
0.86
2.42
-2.15
0.6
1.82
-0.43
-0.75
-1.17
-3.48
-0.86
-1.91
-2.04
-2.31
3.3
-2.59
3.61
-3.68
0.52
0.89
2.39
1.79
3.27
2.12
-0.85
1.52
-0.1
-0.77
-3.29
-2.26
-3.03
-2.08
-2.06
-1.32
-1.66
-2.12
2.35
2.69
3.92
2.72
-3.4
-3.74
-1.45
-2.52
0.05
0.31
-0.73
-0.57
-0.77
0.56
0.64
-2.78
-1.29
0.54
-2.79
3.58
1.6
-3.71
2.7
3.09
-2.09
-3.67
-1.47
-2.92
3.56
-2.78
-3.86
3.28
3.36
1.41
-0.93
-3.09
-3.6
1.81
0.28
2.12
-0.76
1.78
-1.93
2.84
-1.76
