0
0.01
3.88
-3.33
-3.59
-3.8
-0.38
-2.79
2.99
-2.1
-1.57
-3.56
-1.08
1.46
3.83
2.11
-3.85
2.27
-2.2
1.49
-1.04
-1.33
-1.71
1
1.01
-0.94
2.9
-2.04
-0.68
-1.4
-3.09
3.44
-2.81
-2.3
1.32
-0.83
-0.31
-1.87
-3.89
3.36
1.87
-2.87
-3.81
-2.65
-2.22
0.55
-2.64
3.23
-1.59
2.85
-3.45
0.73
0.06
-0.79
-2.66
0.85
-2.29
-1.12
-0.34
1.35
-2.7
-2.34
1.89
0.39
-3.02
-1.01
3.25
-2.79
-3.86
0.66
-1.59
2.02
2.15
-1.55
3.63
-2.17
-1.52
-3.07
-0.78
-3.55
-2.3
3.68
3.55
0.47
-1.96
0.19
-0.62
1.99
-3.64
-3.54
-2.55
-3.2
2.47
-1.23
2.05
0.21
-0.76
-0.2
-3.64
2.79
1.3
-3.86
3.08
1.76
0.43
-1.46
2.58
-2.4
-0.42
3.51
-1.63
-3.22
3.67
-0.79
-0.36
-2.37
-1.89
-2.59
-1.65
0.8
3.62
-2.74
