-4
-3.8
-0.78
1.78
3.51
-3.02
0.96
0.09
-3.15
-0.06
3.98
-1.25
0.69
-3.84
2.26
0
0.31
2.36
1.29
-3.63
-2.74
-0.5
0.26
-0.11
-3.44
-3.49
3.74
2.34
-3.57
3.08
0.72
-3.71
-2.87
-0.68
2.62
1.17
-2.67
0.56
-1.43
1.46
2.9
2.97
1.69
0.52
-2.44
3.64
2.22
-3.28
0.66
1.48
-3.72
-0.65
-2.68
-0.18
-2.53
-2.93
-0.05
3.33
1.21
2.99
-2.75
2.63
-0.34
-2.22
3.23
3.68
-2.39
-2.63
-2.45
-2.91
-1.33
3.76
-0.21
3.84
-2.52
-1.71
1.81
3.74
-1.67
-3.07
-1.7
3.01
-2.33
-1.05
2.8
-2.64
2.98
1.31
-2.15
1.55
-2.79
-2
3.35
-0.42
0.21
-3.73
-0.69
-0.09
1.3
-2.11
2.02
0.84
3.18
-0.43
-1.2
-3.48
3.56
-2.51
-1.66
3.18
-0.74
0.22
1
0.28
0.68
-1.76
0.95
-3.29
-1.01
1.86
-3.31
0.31
