-1
1.39
-2.66
2.11
-2.54
-1.57
2.05
-0.07
-0.11
-1.82
0.69
-0.18
0.24
-0.33
-3.17
-3.84
2.19
-0.29
-2.41
-1.22
3.31
-1.98
0.58
1.76
3.72
-2.19
1.65
-1.15
4
2.16
2.89
0.65
-1.83
-2.68
1.01
0.75
3.46
-2.24
1.15
-1.77
-2.6
-3.01
-2.78
3.17
-2.48
-3.83
-0.51
-1.19
-3.53
3.1
0.71
-2.97
-3.14
-2.08
0.44
0.52
-3.19
-0.41
2.39
3.66
0.78
-0.8
-0.06
1.74
-0.7
-3.97
-2.35
-1.08
2.67
0.08
-3.29
0.42
2.56
3.36
-2.62
2.32
-3.21
1.41
0.23
3.55
2.33
-1.16
-1.62
-3.1
-2.56
1.85
-0.21
-3.75
0.88
-3.52
-0.06
-0.13
-0.63
1.5
1.46
2.21
1.05
-0.51
-0.14
-2.52
2.52
-3.43
0.15
0.39
2.39
-3.72
-1.52
-2.5
-3.46
2.13
-0.27
-0.6
3.36
2.85
-2.68
-2.06
-3.18
-0.96
0.3
1.46
0.25
-2.6
