-9
3.68
-0.8
-2.4
3.55
-0.62
0.41
-0.58
2.6
2.69
-3.44
0.43
-0.85
-2.44
-3.41
-2.21
-3.97
3.5
1.62
-2.23
-1.6
-3.15
2.09
-3.33
-2.86
-0.74
3.14
0.42
-1.91
-2.18
-2.56
-0.43
3.18
0.04
3.3
3.41
-1.44
-1.17
-1.01
-0.8
1.2
-3.84
-3.1
-0.31
-3.79
-0.76
-3.95
-1.92
-2.97
-3.69
-2.63
-1.14
3.19
1.84
2.86
4
-2.42
-1.47
-3.54
0.29
0.24
3.99
-2.68
0.78
1.24
1
1.26
3.12
-1.74
-2.81
3.24
1.21
0.5
-1.59
0.57
-1.76
3.95
-1.6
-3.55
1.91
-0.79
1.05
-0.62
-2.22
-3.56
2.59
0.39
-2.67
1.18
3.31
1.82
-3.98
-1.64
2.71
2.96
1.21
2.85
0.13
2.46
-0.78
1.98
-3.06
3.82
3.84
-2.92
0.17
2.36
0.77
-2.74
0.62
-3.96
3.19
-1.93
-1.45
-2.93
3.2
0.61
3.55
0.34
2.65
-3.4
-0.08
