-3
-1.05
1.06
3.86
-1.98
-1.94
2.98
0.15
1.17
3.08
-0.05
2.95
-3.15
-2.32
1.06
-0.45
-3.72
-3.05
-3.45
-1.54
1.71
1.1
0.58
2.17
0.21
0.16
1.33
1.37
1.46
-0.84
2.03
-3.64
-0.06
0.19
-0.96
3.19
-2.38
-2.12
3.23
3.06
-2.98
-2.97
-3.87
-3.42
-0.47
0.84
2.94
-3.27
-2.19
-1.05
0.92
-3.95
-3.06
3.72
1.28
-2.63
-0.24
-0.23
0.96
-1.79
-4
3.22
-0.55
-2
0.73
2.28
1.22
-2.75
-3.7
1.87
-3.57
0.08
-1.09
0.56
1.37
3.8
-0.51
-3.21
-0.2
1.95
3.77
0.36
1.29
3.17
-3.22
1.46
-2.04
0.2
3.28
-0.84
-2.83
3.71
1.25
-3.08
-3.6
1.62
-1.37
2.14
3.84
-2.72
3.84
-2.65
3.96
-0.84
-2.04
-3.63
2.71
-2.42
0.25
3.37
-3.2
-2.34
-2.65
2.09
-3.27
-0.43
-0.24
2.57
3.4
0.3
-2.54
-3
