-4
-1.05
1.06
0.97
0.2
-1.94
2.98
-3.1
3.79
-0.89
-0.05
2.71
-1.87
0.47
-3.6
-0.45
1.17
1.02
-3.77
-1.54
0.47
3.58
0.58
2.17
-3.3
1.61
1.33
1.37
1.46
-1.69
0.77
-2.38
-0.06
0.19
0.16
-1.09
-2.38
3.65
3.23
-0.53
-3.86
-2.97
-1.39
1.86
-0.67
0.84
-3.04
-3.02
-2.19
0.93
0.92
-0.41
-3.06
3.72
-3.18
-1.25
-3.7
-0.23
0.96
-0.96
-4
3.22
-0.55
1.47
0.73
2.28
-3.38
0.64
-3.7
1.87
-3.57
0.08
-1.09
1.58
-2.88
-3.42
-0.51
-3.34
-0.2
1.95
2.68
3.14
-2.68
0.88
-2.21
1.46
-2.04
2.57
0.07
-0.84
-2.3
-2.53
3.14
-3.08
-3.6
-0.45
1.19
1.22
3.84
-2.72
3.84
1.81
3.96
-0.84
3.32
-3.63
1.1
-0.4
-0.72
3.37
-3.2
-2.34
-2.65
2.09
-3.27
1.78
3.98
2.57
-3.78
0.3
-2.54
-3
