-5
2.89
-3.69
1.8
-0.84
1.07
-3.76
0.95
0.97
2.43
3.61
0.88
1.11
0.48
1.68
-0.36
-3.88
3.61
0.48
-0.48
1.39
-0.56
-0.29
1.33
-0.18
2.99
0.47
3.7
-2.29
0.25
3.46
-3.01
0.6
2.55
2.6
2.44
0.87
-1.21
1.59
-1.2
-0.07
3.37
2.25
-0.19
-3.05
-1.19
-2.74
3.18
-2.76
-1.58
3.58
-3.95
2.62
-3.19
-1.93
3.38
3.88
-1.28
2.82
0.17
-1.24
-1.97
-3.99
-0.72
3.92
-1.6
-0.25
3.67
-2.44
3.01
-2.25
-3.26
1.33
-1.2
-0.95
3.83
-1.37
-1.17
-0.12
-1.25
-3.26
-2.99
0.79
-2.23
-1.19
1.17
0.23
1.43
-0.45
-3.82
1.43
-1.05
-3.49
-1.68
-2.57
-2
3.36
-1.6
-2.38
2.33
-0.97
-1.95
1.3
1.42
2.69
-0.82
-0.41
2.39
-0.94
1.07
-1.77
-0.69
2.85
2.26
2.66
-1.01
2.87
-0.79
-1.15
0.28
3.09
1.01
