-5
-1.9
3.64
-1.94
-1.29
-2.46
-2.1
-3.04
2.68
-1.44
0.44
-1.89
2.47
0.06
0.69
1.99
-3.53
0.87
-0.63
2.38
0.92
3.09
2.11
1.14
-0.17
-2.57
3.22
-0.95
0.07
0.65
3.52
-3.64
-3.76
-1.02
-2.34
-0.53
-1.52
2.65
3.24
-2.58
3.6
-1.67
2.57
2.62
-2.58
-1.92
2.81
-1.24
-0.76
3.57
2.02
3.77
-3.17
1.89
3.06
-1.85
-2.28
1.74
1.68
-1.98
-0.06
0.21
-2.84
-0.38
0.54
2.29
1.85
-1.9
1.68
-3.72
-1.93
-2.2
-1.29
-2.5
2.29
-1.66
2.08
3.84
-1.24
2.79
2.47
-0.44
-3.77
-1.11
2.69
1.53
-0.42
-2.51
-0.79
-2.45
0.26
0.64
-3.05
3.87
0.54
-1.38
3.87
1.6
-2.4
-0.91
-0.88
-1.86
3.7
-1.47
-2.92
0.8
-1.65
2.82
-3.37
2.43
-2.05
1.14
0.57
0.65
2.96
0.28
2.12
1.98
-1.06
0.44
2.84
-3.96
