0
-1.28
-2
-2.79
-1.21
-1.65
-0.42
-3.04
-0.56
-2.47
3.34
0.31
-0.16
2.83
-0.75
-2.63
0.09
0.19
0.77
1.69
2.52
-2.53
-0.62
-2.6
-2.55
0.24
-3.13
-1.28
3.62
-2.19
-1
-0.46
-3.54
-2.9
-0.95
-0.2
0.37
-1.42
1.11
-3.58
2.77
-1.68
-0.1
2.07
2.12
1.05
-3.97
-1.41
2.1
-0.66
1.15
-0.21
1.75
-2.6
-1.94
3.47
-1.44
2.69
3.87
1.72
0.27
-3.63
-2.33
0.84
-3.29
-2.08
1.54
-3.09
-1.15
1.3
-1.14
2.65
-2.6
0.02
1.07
-0.37
2.87
-2.72
-2.91
0.6
-0.73
-0.17
-3.04
2.8
2.04
-3.78
0.47
1.49
1.38
0.87
3.34
-3.83
1.41
3.02
-3.36
-2.98
-0.87
-0.38
3.49
1.35
3.92
-2.01
0.09
-1.13
1.15
0.01
-0.79
-0.38
-0.35
1.04
2.52
3.35
1.83
-3
-1.17
-3.32
-2.04
-0.97
0.74
2.05
0.31
-0.25
