-7
-1.9
-3.76
1.26
0.72
1.44
-2.1
3.81
2.68
2.94
1.77
-1.25
2.32
0.53
-1.86
3.93
3.37
-0.69
-0.63
-1.13
0.92
2.75
-3.62
1.69
-0.17
2.82
-2.09
0.46
-0.1
-3.25
-3.27
-3.64
2.85
-2.37
-2.12
-1.08
-1.96
2.65
3.24
3.73
3.6
-1.67
0.1
-0.88
0.28
-1.92
-0.45
0.38
-1.33
-0.68
3.53
-3.19
2.15
1.89
3.08
2.95
-0.4
1.74
-2.93
-1.98
-0.06
2.4
-2.84
-0.38
0.32
-1.37
1.85
-1.9
-3.63
-3.72
-1.04
-2.2
1.84
2.49
2.29
-1.66
1.41
3.84
-1.24
0.33
2.72
-0.44
-3.77
-3.18
2.69
-3.17
-0.42
-2.96
-0.79
-3.34
0.56
0.64
-3.05
2.07
0.54
2.66
2.26
-3.35
-3.05
-0.91
-1.8
-1
-0.9
-1.47
-2.92
0.8
1.69
2.87
-3.37
2.43
-2.05
-0.93
0.25
-2.75
2.96
0.28
2.12
1.98
1.44
0.44
-2.84
-2.25
