-9
-2.72
-0.96
-2.42
-1.59
-3.5
1.74
-3.88
0.73
-3.64
2.62
0.56
-1.22
-2.69
-1.88
2.07
1.97
2.44
-0.41
2.94
-0.76
2.25
0.06
-2.16
-3
2.83
1.56
2.41
-2.86
-1.88
0.72
-3.83
0.74
2.37
1.44
0.39
3.54
-1.31
-2.53
3.9
0.39
-0.47
-2.11
-1.98
-3.47
-2.63
-1.2
1.7
2.8
0.12
-3.67
-0.59
0.62
3.8
-3.51
-1.14
1.23
-2.81
-3.42
-0.42
-1.06
3.33
2.99
-1.4
-0.36
2.44
3.83
0.42
-0.13
1.74
2.53
-0.73
0.97
-0.31
-1.46
3.71
0.35
-1.97
-2.69
3.63
0.03
3.87
3.62
1.03
-2.21
-2.69
-0.44
0.94
1.87
-1.42
3.17
2.35
-1.9
1.89
0.96
1.06
0.55
3.29
2.38
-1.91
-2.45
2.38
-2.18
-2.95
1.59
1.06
2.44
-3.07
1.25
-3.22
2.51
-0.81
3.88
-3.04
3.56
-0.92
3.72
-2.05
-3.19
-1.67
-1.13
-1.12
2.56
-2.71
2.57
-3.82
-2.83
3.08
2.74
1.49
-0.85
1.07
-0.35
3.22
2.07
1.65
2.04
2.56
3.44
0.73
-1.13
-1.37
3.7
1.08
0.07
-0.03
2.48
-2.86
2.34
-2.13
1.34
-1.41
2.48
0.05
3.22
2.68
3.83
-3.48
-1.51
1.41
-0.11
3.36
-1.81
3.76
1.64
-2.56
3.54
-3.35
-1.1
-2.1
1.04
-2.84
-1.48
0.08
3.46
-3.76
-0.82
-2.53
1.23
-1.41
-2.29
-3.97
-3.26
0.86
-3.86
-3.45
2.59
3.61
-4
3.4
1.83
1.52
0.07
-1.98
-3.16
-0.48
-3.57
3.94
3.45
-1.38
0.44
1.82
2.25
0.43
0.84
0.18
-3.93
-1.61
0.6
2.98
-0.51
2.36
-0.7
3.9
-0.3
-0.15
2.61
1.34
3.62
1.08
-1.15
3.94
-3.35
-0.5
0.07
3.53
1.09
-3.51
-0.77
-0.07
3.81
-0.76
-1.98
-1.4
2.16
-0.11
-2.21
0.32
-3.99
-0.04
-3.52
0.2
-1
-2.98
-0.1
3.48
-1.78
0.17
2.33
1
0.91
-0.9
-3.68
-1.63
3.78
0.51
1.17
-1.26
-3.65
1.32
3.09
3.58
3.17
-3.34
3.17
-3.75
0.34
-3.31
-2.27
3.81
-1.94
-1.71
1.32
-0.35
0.59
2.66
0.93
3.63
3.61
0.6
1.3
-3.08
-1.83
2.24
3.03
0.71
-1.08
3.65
-1.17
-2.35
2.73
3.05
-0.04
-1.3
0.87
-3.09
1.03
-1.66
-2.14
-0.35
-0.86
-2.48
-1.56
2.53
-1.07
-1.39
1.78
0.68
1.79
-2.89
3.58
1.54
-0.87
-0.25
-3.99
2.17
1.41
-3.08
-2.36
-1.55
1.33
0.69
1.86
-3.92
-2.93
-0.99
2.34
-1.38
2.78
-0.33
-2.38
-1.41
1.77
-0.04
-2.54
-0.22
2.48
-0.36
-0.69
0.41
2.94
2.24
-2.15
-2.28
-1.93
-2.81
-0.08
-3.8
-1.31
2.71
-0.49
0.1
-3.3
3.41
2.32
2.45
-0.34
-1.64
1.45
3.92
0.28
-0.84
1.91
-1.89
3.49
0.99
3.77
3.18
-1.71
0.24
3.7
-2.24
1.62
1.23
-0.48
3.1
-1.17
0.14
2.01
3.89
3.1
2.13
3.93
-3.93
-3.84
1.53
-2.11
2.37
1.64
-0.98
-3.89
0.12
2.2
-0.61
-3.87
-0.22
-3.67
3.75
-1.77
1.09
-2.58
0.74
1.92
2.45
3.02
-2.26
2.49
-0.52
-0.12
3.22
-0.39
3.53
0.35
1.57
-3.18
2.15
-0.77
1.83
-2.05
-2.04
-0.9
-2.61
-2.47
3.27
0.13
-0.43
-0.43
-1.77
1.09
3.75
2.76
-0.91
-2.1
-3.09
2.46
-1.65
-3.79
-2.52
-2.94
2.42
3.05
2.41
-1.51
2.42
3.41
-3.42
3.78
-3.37
-1.43
-2.02
-3.46
-1.5
1.79
-3.73
-2.01
-3.97
-0.79
2.65
-1.68
-0.56
2.18
0.25
2.39
0.14
-3.54
-3.48
1.62
-0.56
3.11
2.47
1.94
-2.25
0.77
-0.46
-1.08
0.69
2.91
-0.89
3.86
-0.46
-0.2
-1.07
3.67
-0.89
3.2
0.26
1.31
-2.37
2.93
2.43
3.15
-2.44
3.16
1.62
-3.77
-1.21
-3.98
2.35
1.96
2.89
-1.03
0.33
-2.48
0.1
0.05
2.8
1.73
-1.76
1.36
1.3
-2.88
-3.91
2.8
2.79
3.65
-0.76
0.59
-0.72
0.94
0.21
-0.79
-0.01
0.51
-3.32
3.33
0.38
-1.41
3.16
-0.7
-3.87
0.66
-3.45
1.16
-3.03
-3.43
3.47
-2.59
-0.44
3.07
-3.6
2.53
-0.94
0.28
-2.38
1.31
3.06
-1.23
-3.63
1.97
0.99
2.2
0.75
-2.59
-2.25
-0.33
2.99
3.83
-3.16
0.78
3.67
0.2
2.58
2.95
1.23
-3.36
-3.44
-1.06
1.82
2.21
-3.82
-2.17
-2.98
0.22
0.53
1.68
-3.85
3.71
-1.11
-0.63
-3.74
-2.39
-1.78
-2.82
2.32
-2.07
3.92
3.15
-0.6
1.3
-2.41
3.65
-3.44
2.79
3.4
0.21
3.95
0.12
3.06
-3.02
0.74
0.11
0.95
-1.84
1.79
-0.85
1.17
-3.47
0.89
0.07
-0.49
3.28
0.93
1.47
0.51
2.06
-2.03
1.39
-3.38
-0.71
-3.27
-2.58
3.54
-3.49
0.62
-3.46
-2.73
-1.76
0.82
-3.68
1.74
0.04
-3.35
-2.09
2.64
0.16
0.66
-3.94
-0.6
-0.84
0.76
3.38
-1.74
3.33
-2.22
-1.69
-1.29
-0.91
-1.73
-2.66
-1.77
-1.44
-0.51
-0.24
-3.75
-0.68
0.58
0.43
1.54
1.24
-2.12
-1.07
-0.29
0.56
2.34
3.48
2.62
-0.98
2.84
-3.65
-2.61
-2.09
-2.02
1.47
2.54
-2.65
3.16
-3.8
2.73
-1.69
1.84
2.18
3.98
-0.52
2.09
-0.83
-3.45
0.89
-2.34
-0.69
3.58
-3.77
-1.48
2.16
-2.72
-2.17
-0.33
1.7
-3.01
-1.69
-0.31
3.69
0.26
-2.09
3.95
-3.68
-3.43
2.03
1.22
2.9
0.16
0.37
1.7
-0.77
3.41
-0.3
-1.05
-3.78
2.48
-0.84
2.93
-2.27
-2.64
-0.48
-3.23
-2.84
3.39
-0.18
0.18
0.71
1.68
-2.54
3.22
0.42
2.62
2.15
-2.08
2.06
-0.47
1.77
-1.4
-1.47
3.67
-1.24
3.15
-0.79
-1.47
3.3
2.76
1.59
2.88
-0.56
3.23
1.84
-0.61
-2.04
2.32
-3.27
-2.87
2.79
-3.07
0.75
-2.16
-3.49
-2.78
-1.3
1.16
-2.72
0.62
-2.75
-2.23
0.89
0.7
-3.3
-3.44
0.4
-1.94
2.61
0.38
1.57
2.64
-3.91
1.07
2.59
1.83
-1.76
-1.77
-2.63
-2.97
0.65
3.83
-2.81
0.93
0.75
0.84
1.85
-3.32
3.16
-2.46
0.45
2.06
-2.75
-1.33
1.5
-0.18
-2.02
2.75
2.53
1.28
2.99
3.91
3.72
0.35
-0.43
-3.85
-3.17
3.69
-0.75
-1.32
2.98
-3.54
-0.22
-3.76
3.97
-2.58
-3.43
3.97
3.95
-0.14
-1.29
-0.29
-1.1
1.07
3.94
3.51
1.39
1.42
3.57
-1.23
-0.15
-0.5
-0.29
0.1
-1.96
0.74
-3.89
0.84
-2.65
0.59
0.01
2.17
1.43
0.48
-1.44
-0.02
-1.72
-3
-1.29
0.08
-0.76
-1.98
2.8
-1.34
-1.44
-0.72
1.01
-1.35
0.42
0.06
-1.23
-0.59
-3.89
-3.52
2.84
-0.52
0.76
3.68
2.21
-0.78
-2.69
-0.27
2.62
-0.65
3.86
0.55
2.28
2.43
-1.5
-0.05
1.23
0.38
-1.29
-0.51
3.53
-2.18
0.7
-2.95
-2.46
2.77
3.74
1.46
-3.58
1.29
-2.18
-3.41
2.05
0.95
1.64
3.08
3.23
-1.4
-1.2
3.49
-1.24
3.51
-0.6
-0.56
-1.2
2.02
1
2.58
-3.85
-3.54
2.84
2.39
-3.31
0.63
-3.05
1.01
2.79
-0.3
2.14
3.44
-0.51
-0.15
-0.69
-2.68
-2.47
3.27
2.5
-2.68
-3.22
-0.58
0.73
-1.37
-2.42
-0.77
-3.28
-3.98
2.42
-2.75
2.26
-0.48
-2.24
-2.85
1.31
3.96
2.46
-0.57
3.9
-2.59
0
-3.37
-3.71
-0.48
0.47
-0.64
-0.01
2.92
0.2
-1.92
-2.09
-0.46
3.52
-0.32
1.8
0.73
-0.27
0.2
0.81
1.46
-0.1
-3.08
2.59
1.53
1.45
-1.39
1.68
-1.67
2.54
-0.64
-1.13
2.1
3.37
1.08
1.32
-3.85
-0.88
-2.79
2.16
2.22
3.24
-2.19
-0.17
0.34
3.35
-1.29
0
2.09
-0.64
-3.43
0.22
-1.75
2.63
-1.56
1.51
-0.92
-1.96
-1.23
2.07
-2.15
1.69
-2.34
-3.63
-3.17
3.21
-0.19
0.18
-1.57
2.36
1.64
-2.4
-1.48
2.05
2.59
2.22
-1.91
1.1
-1.76
2.18
-1.26
2.62
3.6
2.97
1.96
3.14
-3.39
3.48
0.93
3.58
-1.76
2.11
-3.65
-0.85
0.31
-3.47
1.58
-2.57
-1.01
1.13
-0.47
2.54
-2.43
3.73
1.72
2.98
-2.3
0.21
-3.97
0.22
-0.58
1.98
3.8
0.59
-0.67
-0.76
2.09
-1.31
-1.59
-2.31
2.6
0.34
3.26
-1.14
0.11
3.54
-2.75
3.38
-2.27
2.06
-3.36
-3.34
-1.89
1.12
-1.36
0.2
1.04
3.87
-2.76
2.99
1.44
0.41
3.44
-3.3
0.15
0.27
2.32
-0.24
3.82
-2.93
-1.55
-1.12
3.03
-2.71
2.54
3.2
3.29
2.71
-0.38
2.19
1.72
-1.67
-1.52
-2.02
-0.43
-1.25
-0.13
-1.32
-2.06
3.14
2.2
2.23
-2.56
-0.58
0.26
-1.81
0.9
2.55
2.71
3.85
-2.79
1.49
3.56
-3.35
-0.4
1.76
-2.36
-3.19
2.58
-0.55
0.92
2.34
0.25
-0.94
-2.73
-0.89
-2.07
1.46
1.14
-2.6
-3.6
-0.37
-2.19
-3.32
-1.12
0.22
-2.57
-0.4
1.04
0.35
-1.7
-3.26
4
-0.22
0.97
-3.78
-1.23
-2.18
2.38
1.81
-2.89
-0.95
0.1
2.5
-1.79
3.86
-2.02
2.39
-1.85
-2.85
-3.74
3.44
-2.6
1.31
3.44
1.59
-0.32
2.88
1.78
3.39
0.33
2.04
-0.22
-1.77
-2.86
0.17
2.34
-3.53
2.09
-2.96
-3.67
-3.9
3.09
3.33
-3.72
1.35
3.54
-0.68
2.47
-0.98
-1.76
-0.96
-2.56
-0.11
0.09
-1.14
3.34
-1.31
0.34
3.39
0.55
-0.1
0.04
3
-2.52
-0.92
3.28
-2.13
1.35
2.04
-2.49
-2.5
-3.7
-2.89
-3.19
-3.85
-3.65
-1.92
1.03
-1.92
2.05
-3.65
-3.6
-1.24
1.14
-2.72
0.59
3.9
2.14
2.29
0.84
-0.35
0.13
2.7
0.49
0.44
0.07
-3.92
1.85
1.21
2.08
1.66
1.97
-3.58
-2.5
-3.27
-1.26
-3.67
-0.93
-0.06
-1.49
1.26
1.67
-1.75
-2.67
0.2
-0.51
-2.72
-2.15
-3.81
2.49
3.39
-0.27
3.07
-2.8
1.87
1.38
-2.39
0.62
0.38
0.08
-3.74
0.23
3.82
0.01
-3.61
-1.62
3.98
-2.75
0.4
2.55
0.25
0.82
-1.8
-0.22
3.59
1.99
-2.12
1.36
-3.71
-3.06
-1.21
2.24
1.65
2.72
2.7
-2.08
2.91
3.23
-0.36
-0.64
-2.88
-0.28
2.7
3.86
-1.76
-2.98
1.85
2.24
-3.06
-2.19
-0.48
-3.98
1.45
-2.35
-1.77
-1.44
-2.47
-0.71
-2.39
3.88
-0.51
0.25
0.32
-0.57
-2.71
-1.97
2.59
-2.9
1.31
2.47
-0.52
-3.25
1.62
-2.96
1.42
-3.47
2.12
-1.66
-2.47
2.57
-3.86
-0.36
0.41
2.49
1.43
-1.23
-3.22
-0.01
0.48
0.13
-3.61
-0.38
1.61
-0.24
3.88
0.87
3.41
-0.73
2.57
-3.79
-1.57
0.74
-3.07
-1.52
2.34
-1.24
-1.59
0.41
0.24
-2.3
0.45
3.19
-2.25
-0.95
3.73
3.85
3.85
1.84
2.01
2.52
-2.76
-1.4
0.62
-2.83
2.08
3.86
-0.86
-2.15
-2.84
-3.46
-2.88
-1.15
-0.23
-2.68
0.13
-0.6
-1.29
-2.07
-3.86
-1.34
-3.64
0.37
3.76
-1.23
3.69
-2.8
-2.14
-1.45
0.03
-3.98
1.03
-2.44
1.26
-3.96
2.97
3.84
-3.88
3.76
0.41
2.48
3.63
-3.45
-0.75
-0.31
-3.43
-2.41
-0.59
-3.57
2.93
0.33
1.14
1.91
1.69
-0.66
2.16
0.88
-1.16
-2.16
-2.51
0.87
1.99
-3.41
1.82
-2.86
-0.49
3.57
1.59
-0.27
-1.64
0.29
-0.72
-1.04
1.53
-2.33
-0.96
3.81
-2.88
0.06
-1.8
2.09
1.79
-2.57
-0.37
3.71
-1.12
3.12
-0.12
-2.09
-2.12
-1.92
0.99
2.28
2.27
3.54
-3.51
3.03
-1.26
-1.9
-3.82
-2.99
0.01
3.69
2.07
-1.37
-2.96
-1.82
-3.62
0.02
-3.7
2.36
-0.24
2.79
3.65
-0.6
3.08
0.55
0.96
2.11
2.26
0.39
-0.31
-0.33
-2.16
-3.73
3.31
1.01
0.69
2
-2.82
0.01
1.07
3.02
-0.12
-2.82
-1.92
2.1
-0.64
-3.01
2.67
-3.3
2.74
3.86
-2.39
-0.47
2.33
2.2
2.64
-1.13
-3.55
-0.06
-1.93
0.63
-0.16
-0.21
1.33
-3.67
1.85
1.8
-0.68
0.04
1.49
-1.61
-1.16
0.3
-2.71
0.74
-1.09
2.46
-2.69
-3.03
-2.81
-0.03
3.45
1.56
1.66
-0.17
-1.94
2.31
-2.06
-2.9
2.38
-2.18
1.54
1.24
-2.06
-3.56
-0.82
-3.91
-0.14
-2.25
-3.75
1.57
1.67
-1.38
-0.79
0.35
1.02
1.32
-1.76
-2.41
-0.71
-3.83
-2.45
3.48
-1.25
2.1
1.18
2.29
2.13
-2.51
2.28
3.54
-0.15
-1.78
1.67
-0.34
0.85
1.6
-1.65
-3.15
-2.45
-1.18
-1.4
3.57
-3.28
-0.38
2.3
0.82
-1.66
-2.7
2.82
0.74
0.07
-3.65
1.82
2.21
-3.73
2.06
-1.51
-0.16
-0.74
0.9
-2.04
-1.64
-0.53
-3.29
-2.29
-0.55
0.96
3.55
3.5
3.42
-1.04
-2.61
-3.97
-3.54
1.57
-2.01
2.76
3.13
3.81
-3.65
-0.06
0.83
-1.32
-2.47
-0.54
-0.5
0.4
3.47
-0.61
2.8
