-6
-1.85
1.15
-3.03
-1.55
-3.56
-1.11
1.97
2.58
0.28
-3.08
-0.29
2.13
1.93
2.5
0.51
-3.49
2.84
-1.77
0.09
-3.9
-3.43
3.55
0.98
0.57
1.52
1.63
3.82
2.67
-2.12
3.99
-1.25
-1.39
2.14
0.96
1.98
-3.43
-3.01
-3.15
-1.73
1.5
-0.78
0.93
-2.27
-1.21
2.84
-3.49
1.86
2.9
-1.48
-1.91
2.91
-1.52
-2.13
-2.76
-1.59
-1.4
-3.83
0.4
0.93
-1.19
-0.93
3.31
0.7
0.29
2.17
-2.91
4
-3.03
-3.48
-0.07
3.52
1.98
3.97
2.6
0.88
-0.36
1.81
-1.82
1.74
1.01
3.78
-3.08
0.15
3.79
-2.92
-3.73
-3.27
0.89
-1.46
-0.63
-3.6
0.6
-0.08
3.46
-1.58
-0.08
-3.77
1.45
0.62
1.74
-3.48
0.89
2.38
2.59
-1.43
-3.08
-1.48
-0.72
0.36
2.77
0.8
1.99
2.67
3.93
-0.96
-1.85
-0.85
0.91
-0.8
1.9
-3.65
-0.9
2.43
1.15
-0.47
-1.08
-1.94
-3.49
0.17
-3.04
-0.59
-3.64
1.57
-4
0.49
-1.11
-1.46
1.57
1.21
-3.84
1.76
1.46
-3.48
-0.22
2.58
-1.59
1.94
-0.01
0.41
-3.73
-3.24
-0.68
-1.76
2.72
1.38
1.42
2.46
-2.78
-0.95
3.66
2.87
-2
3.12
-0.6
-0.65
0.43
-3.59
2.66
-0.56
-3.86
3.61
1.59
3.71
-0.96
-3.86
-1.1
-1.43
-1.35
2.58
-2.89
0.98
2.07
0.1
-0.1
-3.81
-3.91
2.12
2.85
-1.37
3.07
0.43
-2.68
-1.49
1.56
-2.7
-0.25
2.35
1.13
-3.58
-1.86
-2.01
3.28
-3.45
0.26
-3.34
-0.83
-0.38
3.21
2.58
-1.53
-1.15
-0.19
-1.35
-2.06
-1.33
-3.21
1.91
-0.79
-0.8
-0.74
2.32
-2.43
0.03
0.37
-0.28
2.29
-0.92
-1.86
-2.26
0.4
0.56
1.44
-1.78
0.43
3.12
1.71
1.51
3.84
-0.77
1.02
0.48
2.92
-3.74
-3.85
0.21
-3.38
2.67
-3.43
-1.12
-3.5
1.84
-0.87
-2.08
1.17
-0.17
-3.58
-0.75
0.18
-3.46
-1.62
-3.91
-2.53
1.46
-1.82
1.92
1.41
-2.42
2.23
-1.18
0.97
-0.71
2.08
3.99
2.18
2.79
3.4
-2.7
-0.13
-3.85
-0.9
3.62
-1.49
3.27
-2.77
2.56
-2.57
-0.48
1.06
-3.41
2.7
-1.54
-2.68
3.29
-3.15
0.93
-1
-2.55
2.09
-1.76
2.81
3.04
-3.56
1.75
1.91
1.22
3.77
-0.85
-0.26
2.39
0.44
3.12
3.38
0.02
1.45
-1.24
1.58
-1.8
0.23
-0.38
0.49
-2.11
0.53
1.64
0.12
-1.49
-2.04
2.79
3.13
-2.75
-0.22
1.95
-0.78
-2.37
-2.65
0.06
3.18
0.76
-2.65
0.02
2.8
2.29
3.78
2.68
0.16
3.59
-0.92
1.31
-2.16
2.1
3.35
-3.2
1.23
-1.54
1.76
0.91
-1.49
-1.19
-2.37
-0.6
-0.74
-3.03
0.02
-1.51
-1.4
2.49
-0.1
1.74
-1.33
-2.62
-0.41
-3.18
-3.15
-3.8
0.83
2.21
-1.88
1.85
-2.53
0.54
3.43
0.66
0.95
-2.98
-2.1
-1.02
-3.28
-3.25
-0.12
0.44
-2.45
0.36
-0.87
1.96
-3.24
1.82
-1.74
1.29
0.07
1.67
-0.32
1.35
-1.37
-3.55
-1.49
2.53
3.96
1.02
1.63
3.56
-1.21
0.66
-2.67
1.09
-0.02
2.61
0.03
-1
-3.42
3.63
1.77
-0.85
-2.15
2.23
3.83
3.23
1.69
-1.11
3.45
3.02
-0.06
0.83
-2.22
-0.19
-3.14
-1.93
-1.98
0.49
2.52
-0.62
-0.97
-0.3
-0.88
0.33
-2.35
0.9
-0.97
2.04
-2.03
-1.85
-2.22
3.26
0.7
0.44
3.9
-3.47
-0.51
0.41
-3.38
-0.71
-3.17
1.06
1.58
2.62
-0.39
1.96
-1.13
1.53
0.23
-2.1
0.58
3.54
0.48
1.21
0.6
-1.93
-3.97
1.53
0.58
-1.07
0.19
3.65
-3.08
1.29
1.23
0.69
-3.87
1.34
-0.08
-3.67
2.59
1.62
-0.13
-0.77
-1.46
1.98
2.13
0.5
-3.29
-0.31
-1.98
1.51
-2.19
-3.93
1.57
-1.75
-1.22
3.5
3.85
1.82
-3.51
1.96
3.83
1.7
3.1
-2.81
0.13
-3.72
-2.62
2.93
1.83
1.54
-2.4
-0.1
-0.68
2.97
-0.33
-2.75
-1.33
2.63
-0.05
-0.47
0.81
-3.11
-3.1
2.69
1.84
-3.15
3.72
-1.02
-2.09
-3.37
1.49
2.1
3.84
-3.38
1.79
2.18
0.14
-2.66
-2.16
1.85
-0.88
-2.21
1.86
0.49
-0.1
1.92
0.75
2.61
2.58
-2.48
0.83
-2.78
-2.13
0.97
-2.85
2.94
0.79
-3.6
-0.65
-0.72
-3.44
2.4
1.02
1.2
-3.96
-0.49
0.07
-1.31
-2.82
1.5
1.12
-2.68
0.79
2.1
-3.6
-0.99
-0.97
0.42
-1.21
3.93
0.1
-2.89
0.4
-3.62
-0.19
0.27
0.22
-1.14
3.48
2.85
-2.62
-0.27
2
2.56
1.28
0.72
0.78
-3.34
0.44
-3.62
-2.16
-1.94
1.42
-2.92
0.41
-0.49
0.44
-0.23
0.57
2.14
-0.1
-3.64
1.62
-0.57
3.19
3.45
-2
0.63
-2.62
-0.22
3.3
-2.8
-0.78
-1.67
0.11
-2.61
-0.67
2.23
-3.18
-0.31
2.24
-1.63
3.98
-1.6
2.08
-1.97
-0.31
-0.69
-0.02
-3.7
3.84
-3.56
2.3
-2.66
-1.06
-2.99
2.11
-1.44
3.37
1.84
-1.28
-3.85
3.28
-3.34
-2.92
-3.36
2.85
-0.91
0.98
-0.98
-3.82
2.21
-1.05
-3.13
3.9
-2.48
-3.61
-0.79
1.35
1.16
-0.25
2.69
-3.35
-2.92
-0.06
2.86
-1.09
-2.13
3.39
-0.91
-0.72
-3.24
2.87
-1.01
-3.04
2.09
-0.9
3.32
-2.69
1.44
-0.81
-3.4
2.34
-3.04
-3.88
-2.38
1.49
1.42
-2.56
-2.59
-3.38
-1.1
1.21
-1.79
-1.92
0.04
3.5
2.19
0.72
-1.77
1.73
0.97
-0.3
-2.11
3.74
3.42
3.34
3.97
3.92
-2.19
2.43
-2.93
-2.1
3.92
-2.04
-0.86
-3.66
3.69
-3.04
-1.68
-2.64
1.5
-3.57
1.97
-1.54
-3.63
-0.45
0.66
-3.1
0.93
2.59
0.92
-1.41
3.09
3.71
2.23
0.91
0.45
-2.78
-3.3
-1.72
1.52
1.51
3.63
-1.01
3.56
-3
1.3
-3.76
2.94
-0.31
3.82
1.23
-1.6
-3.14
-3.77
0.53
1.73
3.43
3.36
-0.13
-1.32
3.07
-1.02
-0.77
-2.49
2.49
-1.19
-3.8
-0.26
2.24
-0.1
2.47
-3.75
-3.97
-0.15
3.99
-3.2
-1.02
-1.09
3.38
2.26
0.41
-2.04
-2.77
2.78
3.69
-3.81
2.22
3.48
-2.31
3.18
1.02
-2.14
0.84
3.61
2.46
-1.48
0.4
-2.52
-2.93
2.19
1.09
0.51
-3.3
3.79
-2.66
0.97
-1.63
1.02
-3.76
-0.27
-1.25
0.52
3.99
1.61
2.28
1.1
-2.26
0.46
-2.18
2.3
0.6
-3.27
-1.96
3.07
2.89
0.6
-0.58
-3.57
1.39
1.47
0.41
-2.51
-2.16
-2.81
-2.84
3.91
-2.74
-2.55
1.43
-1.28
1.83
-2.81
3.23
1.97
0.42
-3.51
-2.12
3.23
-2.67
-2.65
-3.23
3.94
3.66
-1.22
-2.42
0.36
-1.54
-2.37
-3.1
0.74
-2.46
-2.07
3.64
-1.22
3.32
-2.74
-1.32
2.79
0.45
2.37
-0.17
-3.71
3.03
3.11
-3.54
-0.6
-2.5
0.08
-1.35
2.39
-1.28
0.2
3.11
0.03
0.69
0.47
-2.16
3.07
3.61
0.8
1.44
3.64
-3.46
-3.32
-2.83
-0.11
-2.44
0.45
2.65
-0.84
1.82
-0.91
-1.22
-1.04
1.53
-3.53
-3.1
-3.45
-1.69
2.18
-1.15
2.38
2.99
-1.49
-1.98
1.35
-1.17
-0.4
2.09
-1.16
3.43
-0.38
3.18
3.65
-3.07
0.2
3.76
2.35
1.93
0.58
-2.16
1.06
1.44
3.5
-3.43
3.63
-2.59
0.14
2.51
0.22
-0.44
-2.72
0.75
-2.57
-2.05
3.07
-3.36
2.03
2.66
-0.18
-2.95
1.96
2.36
-0.2
-0.27
-1.81
-0.08
-0.87
-1.97
-2.68
-3.28
-1.44
-1.38
1.73
0.34
1.79
-3.06
3.49
-2.06
-1.61
-0.07
2.69
1.1
-2.13
3.28
2.14
2.87
1.75
1.7
-2.14
-0.45
-2.28
3.69
-1.9
-0.48
-0.12
2.71
-2.37
-0.24
2.39
-0.29
2.29
-1.89
1.19
-0.51
-3
2.66
3.03
1.09
0.16
2.12
-2.85
0.09
0.27
3.89
-1.63
-3.14
0.49
0.52
1.6
-0.67
2.17
1.44
-3.84
1.77
3.01
-1.12
-3.49
-1.8
-3.55
3.09
3.31
-0.27
-0.45
2.69
1.65
0.57
3.92
2.38
2.28
3.48
3.85
-3.35
-2.47
-0.25
-1.61
1.63
-0.58
-1.78
-2.85
-0.98
-1.79
1.12
2.17
-0.94
1.55
-3.16
-2.05
3.42
0.49
2.13
2.14
0.82
0.64
1.07
2.82
1.43
-3.47
1.58
-1.76
1.8
-3.05
2.11
2.25
2.12
-0.52
1.51
-0.1
0.42
-0.63
-2.62
3.46
2.3
-2.95
1.43
0.88
-1.81
1.57
-3.51
-2.86
0.8
-1.38
-3.51
-2.11
-3.85
-2.66
-0.98
0.02
0.46
0.93
0.97
1.09
1.84
3.98
-0.64
-1.93
0.1
2.87
-3.96
3.58
-3.97
0.95
1.53
0.04
-0.89
2.67
3.85
-0.23
3.21
-3.81
0.62
3.86
-3.96
0.44
1.45
-0.83
-3.55
0.22
2.09
0.78
-3.54
-2.51
3.44
3.49
2.41
0.29
-2.38
2.33
1.69
-0.64
-3.23
-0.68
1.52
-3.08
-2.9
3.86
1.09
0.45
2.79
-2.51
-2.51
3.26
0.82
0.27
-3.7
1.11
1.05
-2.61
-1.47
-3.82
-2.39
3.89
-3.22
-0.73
3.11
2.55
1.51
2.05
1.64
2.82
1.04
-2.48
2.08
-0.16
3.43
-2.7
-1.67
3.12
-0.66
1.59
2.08
0.01
1.44
0.6
-0.72
-2.79
0.67
-0.83
3.19
-2.71
3.25
-3.77
-0.21
1.51
-2.26
-3.11
-1.46
-1.75
-2.19
-1.45
-1.65
3.05
2.81
3.97
0.45
3.98
-2.83
-3.03
0.85
3.01
-1.23
1.93
2.06
0.94
-1.9
1.61
-1.56
0.18
3.99
1.9
-2.13
-1.67
2.87
0.35
3.58
0.81
1.73
-3.43
-1.91
2.53
2.76
-3.92
1.3
-3.22
-0.76
3.04
1.2
1.47
-3.86
-0.7
-3.97
-0.3
2.33
-3.83
2.52
-2.69
-1.82
2.85
-0.6
0.14
2.45
2.37
-1.74
-0.08
-3.32
-3.99
-3.82
-1.54
-3.61
3.65
-1.75
-3.4
2.88
2.32
-3.76
-1.31
-3.38
1.27
-2.3
-0.93
-3.6
0.98
0.03
0.69
1.86
2.17
0.01
2.69
1.83
2.26
-1.37
2.88
1.17
1.96
-3.92
-3.61
1.83
-2.62
-3.9
-0.77
2.85
-1.26
1.07
-3.5
-2.95
3.44
0.83
-4
3.94
-0.17
-3.31
0.91
1.15
-3.67
-0.27
-2.54
-1.67
1.58
2.07
-1.49
0
-2.5
0.63
-1.86
1.02
-0.63
-0.56
-3.09
2.24
3.85
0.87
3.25
1.16
2.48
0.22
1.67
3.92
-0.47
-0.37
2.43
-2.66
0
2.75
-2
1.57
1.72
-2.27
0.84
-1.78
2.62
2.07
-3.76
-0.69
1.6
3.23
1.35
2.11
-1.08
-0.51
1.68
0
-0.09
-2.23
-3.92
2.96
-2.56
3.75
2.68
0.12
2.06
-2.45
2.81
-2.06
3.65
-2.84
4
-1.25
-1.38
0.58
3.3
-2.36
2.61
2.7
3.63
-2.22
0.62
-0.06
3.57
3.25
2.87
3.57
0.99
-3.96
1.96
-1.58
1.44
-1.77
2.67
-0.95
0.12
1.97
-0.94
-3.29
0.17
1.06
3.26
2.31
-0.33
0.43
3.23
-1.4
-0.51
2.34
0.19
0.04
1.4
1.22
-1.86
2.3
-1.66
1.51
-3.82
3.43
1.25
2.5
0.57
2.77
-0.01
1.22
-0.27
1.77
0.09
3.58
-3.55
-2.67
2.58
1.89
-1.47
-1.44
-1.47
2.31
-3.74
-0.87
-3.98
0.27
0.07
2.65
-0.15
-2.09
1.03
-3.78
-3.91
-3.64
-3.3
2.62
1.79
-0.37
-0.53
1.67
-3.51
-3.51
-1.68
2.45
-3.3
-2.54
2.51
-0.09
1.89
-1.15
1.46
3.51
-1.31
3.59
-0.23
0.03
1.24
1.05
3.41
-3.03
-1.57
1.92
-1.09
-1.93
-3.82
-0.49
1.68
-0.27
2.87
-2.16
-0.46
-1.05
-1.59
0.86
-1.93
-1.96
-0.01
-2.18
-1.57
2.57
1.76
-3.85
-3.24
-3
0.45
1.52
1.54
-3.49
0.59
0.68
-2.62
-3.26
0.23
-1.51
-0.76
-1.42
1.58
-3.76
2.26
1.2
-0.21
-1.22
1.05
0.04
3.32
-1.49
1.1
1.83
1.51
-2.27
-3.96
-0.58
-1.38
-3.16
-0.78
-1.73
1.15
-2.09
1.63
-1.33
1.98
1.16
3.14
-1.81
-3.54
-1.2
2.72
3.92
-2.38
3.5
0.46
-0.26
-0.44
1.23
-1.23
-1.02
-0.89
0.72
-2.32
-2.07
-3.58
3.71
-1
-1.14
0.64
1.96
2.13
-0.61
3.28
-3.03
1.43
-0.33
-1.38
-0.41
3.23
2.63
-0.35
-1.14
-0.42
0.51
-0.2
1.18
0.2
2.02
1.27
0.31
3.87
1.39
2.07
-3.77
3.16
-3.57
-3.78
-0.31
-1.76
2.27
-1.84
0.28
1.55
-1.5
0.68
-0.68
-3.36
-3.35
-1.94
-3.21
-2.89
3.97
2
0.15
3.34
-3.75
-2.86
1.18
2.14
-0.75
-0.49
0.98
1.59
-3.68
2.1
-3.27
1.33
3.04
-2.19
1
-0.56
2.94
-2.66
-3.04
0.46
3.37
1.31
-2.92
3.84
-3.53
0.53
-0.46
-0.04
0.48
-0.81
3.9
3.39
-2.09
-3.1
2.91
3.3
-0.95
1.55
3
-1.24
1.19
2.7
1.22
0.4
-0.06
2
-2.4
2.85
1.07
1.35
-1.83
2.62
1.04
3.69
3.97
-1.06
-3.95
1.34
1.66
2.72
3.97
-2.98
-2.9
1.14
2.21
-2.65
-0.59
2.13
