-4
3.79
1.71
-1.38
-3.89
3.04
3.65
-0.62
-1.6
0.23
-0.92
0.43
2.38
0.27
-3.51
-1.73
-3.97
3.99
1.62
-2.06
-1.6
1.46
2.2
-3.33
-2.26
1.18
1.72
0.56
-3.36
2.62
-2.56
0.62
3.18
-0.57
3.3
-3.65
-2.93
0.35
-0.48
0.1
-0.83
3.85
-2.7
2.55
-0.53
-0.94
-0.68
-0.51
-2.97
-2.94
2.43
-2.99
-1.59
1.84
2.29
-1.31
1.15
-1.06
0.83
0.29
-1.02
-1.28
-1.26
0.69
1.33
1
0.97
3.05
-2.48
-0.28
2.54
-0.96
2.54
-1.59
-0.01
-3.67
-0.89
2.79
-3.01
-3.69
1.19
-0.26
-3.38
3.96
2.98
2.59
0.39
3.22
2.49
2.46
-2.97
-2.72
-1.66
3.6
3.82
1.65
2.93
-1.43
1.29
3.4
-1.19
0.24
-0.72
2.96
-0.98
0.02
3.03
-3.51
0.73
1.99
3.94
-1.13
-1.35
0.63
0.73
3.26
-3.82
-2.04
-0.46
-2.5
-3.94
3.69
