-2
1.39
0.06
0.22
-1.37
2.81
-0.4
-2.09
3.91
-1.88
3.9
-3.24
-0.73
-2.72
2.05
1.36
4
-0.12
-0.72
2.2
3.31
-1.98
-1.86
-3.33
1.12
-2.96
-1.64
-1.92
4
-3.22
-3.17
-1.6
-1.01
-2.68
1.8
-0.94
-3.35
-0.92
-1.23
-3.26
-2.6
1.87
0.6
0.47
-0.92
3.37
0.54
3.25
0.12
-0.84
0.19
-0.06
0.92
1.92
-2.5
4
-1.57
-1.92
-1.85
1.23
-2.86
-1.27
-3.79
-1.56
-0.7
-3.97
0.01
-3.03
2.67
-1.02
-0.49
-1.79
3.75
-1.88
2.53
2.32
-1.85
-3.2
1.81
-3.76
-2.84
-2.42
2.83
3.02
3.5
1.85
-1.68
0.33
-0.05
-0.21
3.9
-2.9
2.23
0.38
-2.39
-1.28
1.15
-3.15
-1.59
-3.54
2.52
-2.39
-2.81
1.57
-1.62
3.44
-0.42
-0.17
-1.52
2.13
3.44
-0.6
-2.19
3.58
1.09
3.12
1.71
1.23
0.98
0.67
-1.47
2.17
