-9
3.79
-2.08
-1.38
-3.89
3.04
3.17
0.56
2.2
0.23
-0.92
-3.52
2.38
0.62
3.62
1.17
-3.97
0.66
1.62
-2.06
-1.6
1.46
2.09
-3.33
-2.26
1.18
1.72
0.56
-0.34
2.62
2.37
-2.94
3.18
2.98
-2.49
-3.65
-2.59
0.35
-0.93
-2.26
-0.83
3.85
-1.66
2.55
-0.53
0.33
-3.95
0.06
-0.48
-3.31
-0.52
2.14
-1.59
1.84
2.29
-1.31
-0.65
2.93
1.73
0.29
-1.02
3.99
-1.26
-2.88
1.33
3.6
-0.69
-0.54
-0.66
-1.01
2.63
-0.96
2.54
-1.59
-0.01
2.43
-0.89
0.17
-3.01
1.48
1.19
-0.26
-2.36
-0.46
2.98
3.03
2.15
1.96
1.37
2.46
-2.97
2.78
-1.64
1.63
3.82
3.44
0.46
-1.43
1.37
0.93
-1.22
0.24
-0.72
2.96
-0.98
0.02
1.47
0.84
0.73
1.99
3.94
3.19
-1.35
0.63
3.04
-2.86
-3.82
1.79
-0.46
-2.5
-2.38
3.69
