-6
1.39
0.06
-1.31
-2.38
2.81
-0.4
-2.09
3.91
-1.88
3.9
2.3
3.24
-2.72
2.05
1.36
4
-0.12
-0.72
2.2
3.31
2.23
-3.55
1
1.06
0.28
0.51
-2.47
-3.93
-3.22
-3.17
3.89
-2.8
0.76
2.23
-0.94
-3.35
-0.92
-1.23
3.05
-0.58
1.87
0.6
0.47
-0.92
3.37
0.54
3.25
-1.21
1.31
-2.4
3.41
0.92
1.92
-2.5
4
-1.57
-2.63
0.88
0.42
-2.86
2.76
-2.16
-1.56
4
-3.97
0.01
-3.03
-3.4
-0.94
-0.49
-1.79
3.75
0.24
2.53
0.92
-1.85
-3.2
1.81
-3.76
2.33
-1.98
1.93
3.02
3.5
3.38
-1.68
-3.75
1.74
-0.21
2.79
-2.9
2.23
0.38
2.11
2.21
-0.9
0.2
0.87
-3.54
2.52
3.69
-2.81
3.35
1.1
3.44
-0.42
-0.17
-2.27
-2.67
3.44
-2.35
2.08
3.58
3.3
-0.58
-3.18
-1.48
0.98
0.67
-0.22
-0.36
