0
-0.22
2.78
-1
2.31
-2.6
3.7
0.09
1.19
-3.66
1.22
0.38
-3.41
-3.84
2.44
0
-0.12
1.87
-4
-3.63
3.25
-1.02
3.97
-0.37
-3.44
-1.31
-1.67
2.58
-2.82
-3.38
-2.98
-3.71
1.7
-0.68
-2.62
1.51
2.5
1.66
0.87
1.94
2.97
-1.82
-2.48
-3.38
0.7
-3.81
1.95
3.43
2.88
3.19
3.43
-2.03
-2.68
-3.28
-2.82
3.64
-0.18
-3.22
-3.91
2.99
-1.61
3.32
-1.84
-3.6
-0.9
-1.8
-1.06
-0.85
3.74
-3.97
0.26
3.76
-0.45
-2.55
2.62
3.61
2.57
3.13
-1.32
-2.99
3.45
3.33
-2.2
-3.88
1.07
-1.83
1.32
0.98
3.23
1.55
0.38
0.82
-3.2
-1.91
3.04
-0.82
2.95
-1.99
1.3
-1.81
2.77
-2.25
-0.95
3.27
-1.58
-3.48
-3.79
-2.51
-1.43
-3.88
3.64
0.22
-1.6
-2.09
0.68
-1.76
-2.93
2.55
0.28
1.16
-2.7
-2.22
