-4
-1.23
-2
-2.79
-2.37
-0.08
-2.81
-3.04
-0.56
1.05
-1.16
0.31
1.35
-3.59
-0.75
-2.63
2.52
0.19
0.77
1.69
3.5
0.07
-0.62
-3.49
2.36
-2.7
-3.13
-0.14
3.74
3.07
-1
-0.46
0.42
2.05
-0.85
-0.2
0.37
-1.42
-3.03
-3.58
-1.59
1.03
-0.1
3.79
0.72
1.16
0.11
2.57
2.1
-0.66
-1.52
-0.21
3.07
-1.01
-1.94
3.17
-1.44
2.69
3.87
1.72
3.83
-1.47
3.62
1.03
0.54
-0.83
2.12
-3.09
-1.15
2.52
-1.14
3.04
1.89
3.34
1.07
0.94
-1.47
-2.72
-2.91
2.57
2.1
-0.17
-3.04
-3.98
2.04
-3.57
-3.53
0.63
-0.39
2.65
-0.3
-3.83
1.52
3.02
-2.69
-1.97
-0.87
-1.89
-0.76
1.35
-3.84
-2.01
2.19
-3.95
-0.31
0.01
-1.54
-0.38
-1.78
0.96
0.12
-1.68
0.3
-3
-1.17
-3.32
0.49
0.49
0.74
2.05
-3.5
-0.25
