-9
-2.76
0.99
-1.36
3.55
3.04
3.17
-0.62
-1.6
-3.54
2.64
-1.84
2.38
0.62
-2.4
-1.73
-3.97
0.66
-2.04
-2.06
-1.45
-0.2
2.09
-3.33
-2.26
0.2
1.72
0.56
-2.32
-1.26
0.83
-2.94
-2.63
0.04
-2.49
-3.65
2.54
0.35
-1.01
0.1
-1.47
3.85
-2.7
2.55
-0.53
-0.94
-3.95
-0.51
-2.97
-3.31
0.95
2.14
-1.59
1.84
0.35
1.39
-2.42
3.44
1.73
0.29
1.84
2.82
-1.34
0.69
1.24
3.6
0.97
-4
-2.48
2.1
2.54
-0.96
2.54
-3.84
-0.01
2.43
-0.89
0.8
0.79
1.48
3.53
0.99
-2.36
3.96
2.98
2.59
-1.05
1.96
1.37
2.46
-2.97
-2.05
-1.64
1.63
3.82
3.44
2.93
-1.43
-2.43
0.93
-1.22
-0.79
-0.72
0.45
2.94
2.31
1.47
-3.51
0.73
1.99
1.72
-1.13
-0.11
-0.85
3.78
3.44
-3.82
-4
-0.46
-3.19
-3.4
3.69
