-8
-1.09
0.06
-1.21
-1.37
-0.43
3.76
-2.09
3.91
-1.88
3.9
-3.24
3.24
-0.33
3.68
-1.95
4
-2.56
-0.72
2.2
-1.6
-1.98
0.33
1
3.72
-3.74
0.51
-2.47
4
-3.22
1.32
3.89
-3.57
0.76
-2.6
-0.94
3.85
-0.96
-2.17
-1.77
-2.6
-3.03
0.6
-1.46
0.03
2.6
-1.72
3.51
-1.21
1.31
-2.4
3.41
-3.14
-2.59
-1.54
4
-3.19
-2.6
-2.92
1.23
1.56
2.76
0.49
-3.06
4
-3.97
0.01
-3.03
2.67
-0.94
3.34
-1.79
0.13
0.24
-0.32
0.92
-0.49
1.41
1.81
-3.76
2.27
-3.68
-1.62
3.02
3.17
1.85
3.82
1.84
1.31
3.15
3.9
-3.91
-2.05
2.52
-2.39
2.21
2.25
1.24
3.29
-3.54
2.52
-3.43
-2.81
-2.67
-0.27
-1.73
-0.42
-0.17
1.73
0.59
1.69
-2.35
-1.55
0.67
1.09
-0.58
1.71
-3.72
0.98
0.67
0.73
-0.36
