0
-1.36
-3.13
1.15
0.02
-3.57
1.97
0.92
2.67
-0.2
1.22
0.38
2.92
-3.84
-1.29
2.25
-0.12
1.87
1.91
0.81
-3.81
3.87
1.06
3.8
-3.44
-3.49
-1.67
2.58
-2.82
3.08
-1.98
-3.71
3.86
1.36
-1.43
1.51
2.5
1.66
0.37
3.81
2.97
-1.09
-2.48
-0.11
-1.65
-1.52
1.95
3.43
2.88
-2.95
3.08
-2.03
-2.68
-3.28
2.35
3.64
-0.18
-1.6
1.21
-3.98
0.85
-1.12
-1.84
3
0.91
-1.85
-0.86
0.96
-2.45
-0.68
-3.39
1.75
-0.21
-3.2
1.41
0.93
-3.56
3.13
-1.43
-2.99
3.45
2.51
-1.22
-3.88
1.07
0.91
-0.35
0.98
1.41
-1.45
3.62
0.82
3.84
-0.42
2.75
3.91
1.32
2.36
3.73
-2.11
-0.74
-2.25
2.92
2.75
-1.58
1.94
1.46
-2.51
-0.68
-3.05
-2.56
0.22
-1.6
-2.09
-1.67
-1.76
1.21
0.25
1.46
1.16
3.76
-1.75
