-5
-3.44
3.09
3
-0.84
-1.11
-3.76
0.95
0.97
2.13
3.22
0.88
2.22
0.48
1.68
2.14
-3.88
3.61
0.48
1.12
1.39
-3.33
-2.05
0.56
-2.42
-1.99
0.47
0.56
0.31
-2.31
2.6
-2.67
1.4
2.55
3.56
2.44
0.87
-1.21
1.66
2.27
-0.07
3.37
2.25
-0.19
0.01
-1.03
-1.39
3.18
-3.3
-3.51
-1.76
-1.71
-0.68
-3.41
2.36
3.38
1.58
-1.28
2.82
0.17
-1.24
-1.97
0.68
-0.72
-1.8
-1.6
-0.25
-2.81
-2.44
2.6
0.78
-3.26
0.47
3.01
3.83
3.83
0.61
-2.14
1.64
-1.25
-2.89
-2.99
0.45
2.65
-0.43
1.17
0.23
-3.49
1.03
-1.39
1.43
-2.23
-3.49
-2.91
-1.48
-2
3.36
1.01
-2.12
-2.75
3.67
-1.95
1.3
-1.61
3.01
-0.82
-0.42
2.39
-0.94
-3.67
-0.47
-0.69
2.85
-3.59
1.6
-1.08
2.87
-1.09
-2.29
2.62
3.09
2.49
