-2
3.56
0.06
-1.31
-2.38
2.81
-0.4
-2.09
3.91
-3.59
3.9
2.3
2.73
-2.72
3.68
1.36
1.26
-0.12
-0.72
2.2
3.31
2.23
-3.55
-3.33
1.12
0.28
1.67
-1.92
-3.93
-3.22
-3.17
3.89
-2.8
-2.61
2.23
-0.94
-3.35
-0.92
-1.23
1.87
-0.58
1.87
0.6
0.47
-0.92
3.37
0.54
3.25
-3.28
-0.84
-2.4
3.41
0.92
2.99
-2.5
4
-1.57
-1.92
0.88
1.23
-2.86
2.76
-2.16
-1.56
4
-3.97
0.01
-3.03
-3.4
-1.02
-0.49
-1.79
3.75
0.24
2.53
0.92
-1.85
-3.2
1.81
-3.76
1.38
-2.42
1.93
3.02
3.5
3.38
-1.68
-3.75
-0.05
-0.21
2.79
-2.9
2.23
0.38
2.11
-1.28
1.15
2.99
0.87
-3.54
2.52
-2.39
-2.81
3.35
1.1
3.44
-0.42
-0.17
-0.11
-2.67
3.44
-0.6
1.05
3.58
3.3
3.12
1.71
-1.48
0.3
0.67
-0.22
2.17
