-8
3.93
1.99
-2.16
-2.3
-1.8
-2.13
-3.57
2.23
-3.15
-1.43
-3.92
-2.32
-1.11
-0.25
-3.01
-3.92
3.64
-0.32
2.09
1.24
1.09
0.7
1.66
-1.24
1.9
1.03
2.34
-1.3
-0.23
0.77
-0.58
-1.11
-0.12
1.05
-0.83
2.11
-1.87
-3.89
2.42
3.8
1.67
-3.81
-3.35
-1.61
-0.84
3.88
2.55
-3.65
0.9
1.9
2.86
2.99
-2.54
-1.81
0.85
0.22
2.53
3.12
1.08
-1.16
-2.34
3.52
-0.05
3.68
3.9
0.36
-0.49
3.86
2.12
-3.64
-0.06
0.17
-1.18
3.64
1.18
0.45
-3.07
3.45
-1.55
-0.21
3.75
-0.56
-1.44
-1.96
-2.55
2.95
3.98
-2.32
0.17
3.14
-1.79
-3.12
-0.71
1.62
1.61
-2.95
-2.02
-3.03
0.26
2.39
0.18
0.12
2.98
0.43
3.64
2.58
-1.83
-3.28
-1.25
0.31
-3.71
-1.62
-0.29
-0.12
-2.94
-2.5
-4
-3.01
3
3.62
-0.98
