-1
-1.23
0.81
1.2
-1.21
-0.08
-1.31
-2.95
-0.56
-3.16
-1.02
-1.09
-2.51
1.12
-1.8
-1.75
-2.1
2.67
3.66
1.69
-1.69
2.62
0.51
-0.9
-2.55
-2.7
2.36
3.42
3.62
2.61
-1
-0.85
2.63
-2.83
3.94
-2.37
0.37
2.36
1.11
-3.68
-1.29
-0.65
-1.52
3.96
0.72
1.16
0.11
-3.41
1.59
-0.09
-1.11
-0.21
1.5
3.8
3.28
-3.74
2.21
-2.29
-3.94
-2.51
3.02
0.84
-2.62
-3.14
0.54
-2.08
2.49
3.31
0.31
0.88
-0.09
-3.97
1.89
3.34
1.07
1.79
2.87
0.82
2.87
3.41
2.1
3.79
2.28
-3.98
2.04
2.83
-2.59
1.47
-0.39
0.87
-0.3
-3.83
-2.19
-0.09
-3.36
-3.19
0.78
2.87
-1.87
-0.08
-3.84
-0.89
2.19
-1.13
-0.31
0.01
0.43
-0.38
-1.78
0.96
-2.28
2.44
-1.77
0.48
-1.17
3.23
0.49
0.49
3.43
1.39
-3.5
3.97
