-7
-1.36
3.44
2.81
0.02
-3.57
1.97
-0.05
0.48
-0.18
-0.74
0.43
-2.35
-0.79
2.08
-3.09
-0.12
1.87
-4
1.58
-1.58
3.87
0.3
1.03
3.85
2.85
0.65
2.35
-2.82
0.13
-1.98
-2.43
3.86
0.34
-1.43
-0.08
-1.75
-1.51
0.37
2.41
2.97
-1.32
2.6
-2.11
-1.65
2.83
1.95
2.66
2.88
3.41
3.43
-0.08
1.08
2.81
2.3
2.2
0.31
-1.6
-3.91
-1.4
0.85
3.32
-0.26
-0.73
-1.94
1.39
1.82
1.32
3.74
-0.68
2.56
-3.39
-0.45
-3.01
2.62
1.34
2.57
-2.83
-1.43
-2.99
1.69
2.51
-2.2
-3.88
-0.66
-1.91
1.32
0.04
2.05
0.62
3.62
0.82
3.84
-3.72
2.75
3.91
1.32
-1.99
-1.64
0.75
3.52
2.39
2.92
2.75
-1.58
-1.93
-1.65
0.97
-2.81
-3.88
3.64
-2.05
-1.6
3.47
-2.09
-1.25
-2.93
-0.39
2.37
-1.27
-3.58
-0.36
