-8
-1.09
-2.83
-0.09
1.16
3.93
1.7
0.04
3.91
-1.88
3.9
-3.24
3.24
-0.67
3.68
2.77
4
-0.74
-0.72
2.2
-1.88
-1.71
0.33
0.93
1.06
-3.69
-1.64
3.96
1.72
1.67
-3.94
0.74
1.74
0.76
1.8
-1.17
-3.35
1.78
-3.9
1.72
-1.48
0.29
2.19
1.62
3.31
0.82
-2
-2.85
-1.21
1.31
0.49
-2.4
-3.03
4
-1.54
-2.41
1.03
-1.92
0.88
-2.41
-0.26
2.76
0.49
-1.56
2.44
-1.39
2.37
-3.58
2.84
-0.94
-3.65
-2.32
-2.66
0.24
2.09
-1.55
-1.85
-3.2
1.35
1.09
2.27
-2.42
2.83
3.02
2.03
3.38
-3.15
-3.75
1.74
-0.41
0
-3.91
2.68
2.52
-2.39
-1.28
0.08
-3.15
0.37
-3.54
-0.9
3.72
1.58
-2.67
-0.27
-1.73
3.33
1.54
1.73
-2.67
-0.86
-2.35
1.55
0.8
-1.87
-1.32
-1.37
1.66
0.98
0.67
0.73
-0.36
