-1
3.41
-1.02
2.93
1.79
-1.26
-1.29
-0.17
-3.98
3.05
-1.29
1.1
-2.32
-1.11
-0.6
1.07
1.71
1.3
-0.32
2.73
2.21
-1.97
-3.68
2.32
3.82
2.72
2.64
-1.29
-0.99
-0.23
-2.33
-1.33
-1.11
3.24
1.05
-2.66
-3.97
-1.18
0.76
-1.28
2.29
-2.67
-3.17
-0.56
-3.37
-2.24
-0.43
-1.41
1.09
1.49
4
-3.02
3.44
-2.54
-1.81
-1.82
2.72
-1.83
3.12
1.27
-1.16
-0.58
-0.72
-0.87
1.37
-2.77
-3.98
1.81
2.6
2.12
-2.54
0.36
-3.55
1.14
-3.73
-1.23
-0.34
3.1
-2.5
-3.73
0.59
1.73
-2.76
-1.44
1.91
3.97
0.44
2.94
1.09
0.17
-2.92
3.16
-0.2
-3.9
-1.81
-1.13
-2.95
0.68
2.95
0.26
2.8
3.97
-2.4
2.98
-0.56
-3.23
1.87
-0.63
-0.85
-2.78
-2.33
-3.71
-1.62
0.2
0.81
1.12
-3.11
-4
3.75
-1.91
-1.17
0.24
