-2
-2.76
3.7
-1.38
-3.89
2.82
0.94
1.7
2.2
3.48
-0.43
-1.84
2.38
2.47
2.15
0.34
3.37
-2.4
-1.34
2.52
3.89
-0.2
2.2
3.33
-2.26
-1.92
-1.03
1.73
-2.11
1.08
0.64
-2.62
1.76
2.98
-0.16
-3.65
-2.02
-3.03
-2.23
3.63
2.23
1.84
0.09
2.55
-0.53
-3.97
-2.32
-1.94
-1.09
3.23
-0.52
2.14
3.99
1.48
2.54
-2.34
-0.65
3.44
1.73
1.44
-2.02
2.82
-1.34
3.22
3.84
3.6
-0.43
1.45
-0.66
2.1
-2.66
3.68
2.54
0.49
-3.72
2.43
-3.29
3.6
0.79
-0.36
2.27
-0.26
3.73
-1.01
2.98
3.03
0.87
1.96
1.37
2.46
0.26
-2.05
0.26
-3.54
-3.04
0.13
2.05
-2.99
-2.43
-0.29
-1.19
0.24
1.11
0.45
2.94
2.76
0.61
1.92
1.19
1.3
1.47
2.56
-1.35
-1.15
-2.42
-2.86
0.88
-2.29
-3.55
-0.27
-3.94
-3.74
