-5
3.81
1.99
-1.32
-2.3
-1.8
-2.13
3.87
3.28
-1.94
2.42
-2.65
-2.32
-1.11
1.55
-3.37
0.01
2.27
-0.32
0.97
2.21
1.09
0.7
-0.52
1.84
-3.06
-3.17
3.07
-1.3
-0.67
-2.33
1.93
0.59
3.24
0.03
2.84
2.11
0.63
0.76
-2.38
1.35
-2.96
3.47
-3.35
-0.76
-2.24
3.88
-0.25
-1.31
0.9
1.9
2.98
2.76
-2.54
0.31
-0.02
-2.68
-2.48
-2.26
0.73
-1.91
0.58
-2.56
-0.05
-0.16
0.73
-1.01
-0.49
3.86
1.2
1.55
1.13
1.33
-2.04
3.35
-1.23
1.14
3.1
-1.54
-1.55
-0.38
3.75
0.67
-2.92
-3.36
-0.51
-1.43
3.98
-2.32
0.69
3.59
1.66
-3.12
-0.57
-1.81
1.62
-2.42
-0.33
-3.03
0.26
2.39
2.95
0.12
3.59
0.57
-2.27
-1.33
-2.68
0.39
2.06
-0.45
3.5
0.55
0.18
3.3
0.19
1.86
-3.83
1.12
3
-1.54
-1.47
