-3
-1.28
-2
-1.71
-1.21
-0.08
3.28
-2.95
-0.56
-2.47
-1.02
2.58
1.35
-3.59
-0.75
3.24
2.52
0.92
2.37
3.76
3.5
2.62
0.51
1.81
-2.55
-3.53
2.36
3.42
3.62
3.07
-1
0.99
0.42
2.05
3.94
-2.37
0.37
2.36
-3.03
-3.86
-1.29
-0.65
-0.1
3.79
-0.38
1.05
-1.37
2.57
1.59
-3.37
-1.11
0.46
1.5
-1.01
1.63
-2.11
-2.46
-2.29
3.92
-2.51
-0.99
3.28
1.05
1.03
0.54
-2.08
2.12
-3.09
2.21
1.3
-1.14
-0.23
2.57
2.22
1.07
0.94
-0.23
-2.72
-2.91
3.41
3.23
-1.04
1.41
-3.98
2.04
-3.57
-3.53
1.47
-0.39
-0.01
-0.3
-0.29
1.52
3.02
-2.69
-2.98
-3.5
-1.89
-0.76
-1.21
2.62
-0.89
2.19
-1.13
-0.31
0.01
-2.25
-0.38
-1.78
1.04
2.12
2.44
-0.89
0.48
-0.12
-2.7
-2.07
1.61
3.83
2.05
-3.5
3.97
