-2
-2.76
0.99
-1.38
-3.89
3.04
0.41
0.56
-1.6
-1.18
-0.43
-1.84
2.38
0.37
-2.4
-1.73
3.01
-2.4
1.62
2.52
-1.45
-0.2
2.2
3.33
-2.26
0.2
0.83
0.42
-2.32
2.14
-2.56
0.86
3.18
0.04
-2.49
-3.65
-2.59
-2.1
-1.01
0.1
2.23
-2.91
-0.16
2.55
-0.53
0.33
-0.68
0.06
-1.09
3.23
2.43
2.14
-1.59
1.11
1.64
1.39
-0.65
0.2
1.73
1.44
0.06
2.82
-1.34
0.69
1.24
3.6
0.97
3.12
-0.66
2.1
-3.72
3.68
2.54
-3.84
-3.72
2.43
0.97
0.8
-3.06
-3.69
1.19
-0.26
-2.45
-1.01
-3.56
2.81
0.39
-1.2
1.37
2.46
-2.97
-2.05
-1.64
-0.75
3.59
2.23
3.63
-1.43
-2.43
2.45
-1.22
0.24
-0.72
0.45
2.94
0.02
2.36
1.92
-2.89
1.99
1.72
2.56
-1.35
-0.85
0.73
3.2
0.88
1.79
-0.46
2.65
-2.38
-3.3
