-2
-3.38
0.72
1.22
-3.12
-0.35
-0.53
-2.09
-0.52
-3.47
3.43
2.26
0.58
0.91
3.32
1.36
2.37
0.55
-3.61
-2.43
0.39
0.36
2.73
1.52
1.05
-0.96
-0.26
0.1
3.52
-3.2
-2.35
2.5
-0.34
-1.48
-2.94
-0.27
3.09
-3.79
0.84
-3.96
-1.53
3.98
0.85
3.78
-1.02
3.82
-3.12
2.59
-1.44
-2.88
-0.47
-0.04
3.01
0.96
-3.4
-2.17
-2.1
3.2
-3.83
1.84
3.92
3.37
-1.6
-1.33
2.88
-3.07
-1.4
-1.94
-0.16
-0.41
2.28
2.15
3.71
-3.66
3.1
0.42
3.52
2.96
-1.46
1.23
-1.85
1.16
-2.46
2.39
1.28
1.69
3.49
2.7
-2.09
3.24
-2.18
3.9
-3.96
3
-3.87
-0.89
1.57
-1.83
-3.11
-1.96
1.22
2.83
-1.26
2.98
-1.15
1.38
0.26
2.67
1.87
0.19
-1.69
-1.06
0.65
-1.06
-0.32
-1.25
1.83
0.02
1.39
-2.81
-2.55
-0.09
-3.85
0.61
-2.24
2.39
2.11
-3.3
-3.8
-0.02
2.85
1.35
2.07
-3.51
-3.99
-0.67
-1.58
-1.44
-0.47
3.91
-2.57
-3.18
-3.18
1.72
0.92
2.89
-0.76
1.1
-0.68
1.39
1.29
-2.45
0.78
3.7
-3.41
-2.69
2.68
2.13
1.22
0.47
3.28
-0.45
2.46
-2.12
1.35
0.97
0.88
0.15
-1.07
-3.65
-3.67
-0.74
-3.51
1.49
3.77
-3.37
-0.92
-1.57
3.7
-1.12
-0.86
-3
1.39
-1.18
2.7
1.3
-3.43
2.37
3.9
2.7
0.66
0.29
1.35
3.06
-3.37
1.88
-1.64
2.94
-3.63
3.95
-2
3.09
-1.83
-1.04
1.05
-1.98
-2.94
3.3
3.93
3.97
2.23
0.25
2.43
-1.66
-2.67
2.27
2.16
-0.36
-0.81
-3.96
0.4
2.52
0.26
0.23
-0.31
0.04
1.92
-2.57
0.85
-2.11
2.27
0.14
-1.95
3.75
-3.13
0.05
2.84
-1.57
1.77
0.67
0.24
-2.72
2.44
3.94
-3.54
-3.59
1.86
-1
1.73
-1.63
3.73
2.73
-0.25
-3.68
-0.45
-0.51
-1.17
1.94
3.27
-2.99
0.1
3.63
-1.56
2.04
-2.3
-1.91
-1.81
2.68
-2.54
1.28
3.43
-0.27
1.87
2.52
-0.19
-0.88
-3.93
0.32
-0.24
-0.72
2.18
-1.09
-0.3
-1.52
-1.84
3.55
-3.61
-2.28
0.2
1.39
-2.78
-3.1
-0.84
0.76
-3.43
0.61
2.84
-3.6
2.24
2.38
2.22
3.18
-2.46
-3.55
-1.05
-0.01
-3.15
1.23
0.52
-3.57
-0.59
2.51
-1.83
-0.01
-1.17
-2.82
-0.07
3.96
-0.12
-1.85
-2.31
-3.53
-1.52
0.08
0.05
2.52
-3.43
-2.9
1.95
3.21
0.28
3.68
2.09
1.39
1.07
3
-2.63
-0.75
3.54
2.17
2.69
-0.84
1.21
-0.23
-2.03
-1.29
2.73
3.18
-2.07
3.39
-3.33
2.89
0.52
0.08
0.68
1.75
0.7
1.46
0.4
0.43
-0.58
3.76
3.29
1.31
0.16
-0.26
-3.58
0.79
2.92
-0.17
3.82
-3.32
-3.58
1.71
-0.53
2.54
-0.74
2.72
-1.89
-2.66
3.8
-2.6
3.18
2.57
2.53
1.39
-0.85
-1.99
-3.3
3.33
-1.7
-0.09
2.85
-0.89
-1.26
2.94
-0.12
3.9
3.62
2.23
-1.71
-2.07
-3.75
2.1
3.57
4
2.47
2.82
-3.4
2.15
-1.52
1.99
-0.65
-0.94
0.64
-1.98
-3.43
-3.28
2.78
2.77
-3.41
2.42
0.09
3.6
-2.47
-0.1
-2.17
1.31
-1.04
0.54
-1.34
-0.63
3.11
-0.12
3.05
1.86
-2.86
-2.93
3
2.53
2.93
0.33
-2.6
-1.44
0.85
0.31
-3.44
-0.22
2.47
-3.28
2.36
-0.85
-2.89
-3.16
1.64
-0.12
1.85
-3.34
0.57
-0.33
2.17
-2.85
-0.14
0.07
-0.52
3.11
2.89
3.48
0.01
2.79
-3.12
3.5
-2.27
-3.76
3.85
0.26
1.01
-2.47
-1.25
1.22
-0.67
2.05
2.85
-1.76
2.18
3.51
-1.75
2.26
2.25
-0.83
-4
-3.52
0.5
-0.68
-3.64
1.77
-3.53
1.33
3.08
1.74
1.43
-2.91
3.77
3.69
3.85
2.86
-2.58
-3.14
-3
-2.63
2.87
0.32
1.91
3.36
-3.67
-3.89
-1.69
-2.38
1.9
-0.02
0.86
-3.38
-2.78
-3.16
2.78
-3.61
-1
2.42
3.89
-1.93
-0.21
3.69
-1.55
1.02
3.79
-1.76
2.28
3.16
-1.6
3.32
2.09
-2.62
1.26
0.87
0.3
-0.31
-1.43
1.14
-1.02
-3.75
-0.54
2.86
3.44
-0.91
-3.13
0.81
3.87
2.93
-3.09
3.45
-0.14
-0.99
-3.02
2.93
1.59
3.19
-2.14
-3.11
3.58
2.1
-2.17
-0.85
3.22
2.59
1.9
-0.52
-0.63
0.36
0.54
-0.91
1.82
1.86
-0.57
3.63
2.62
0.93
-3.75
3.37
0.14
-1.02
-1.62
3.36
2.25
-1.05
-0.55
-0.92
-3.61
2.33
3.28
1.12
-2.18
-2.32
1.56
0.89
2.42
-3.7
3.64
-3.16
1.2
1.4
-2.57
-0.5
-1.62
1.83
-2.38
2
3.58
-2.65
-3.7
-3.34
2.93
-1.5
0.76
0.6
-0.28
-1.52
0.9
0.27
-0.87
-1.19
-0.92
1.04
1.09
3.43
-2.74
0.14
-3.71
2.55
-2.79
2.31
1.3
3.41
-1.84
2.74
-2.46
2.88
0.97
-3.58
-2.68
1.45
-0.5
3.04
2.03
2.62
2.19
3.33
0.92
-3.04
-2.83
-0.06
-0.59
-0.64
1.72
-1.61
-1.68
0.4
2.41
-1.04
0.56
1.48
1.7
-2.97
-3.86
-2
-0.64
3.53
-3.66
2.02
-0.94
0.84
1.51
0.48
-1.06
1.68
3.32
0.04
3.02
2.48
-2.77
-2.07
3.23
3.34
1.37
1.27
-1.1
-2.07
-2.31
3.78
0.42
1.14
-3.54
-1.99
-0.14
-0.16
3.75
-1.54
2.89
0.02
-0.75
2.67
2.99
2.9
1.9
0.34
2.43
2.93
-3.58
-3.97
-0.93
2.28
1.39
3.94
-2.27
-1.37
2.26
2.37
-0.34
-1.13
3.1
-2.57
1.84
-3.43
-2.4
1.92
0.37
-0.51
-3.39
3.1
1.93
0.85
1.15
-1.01
-0.77
-1.44
-1.05
-3.68
-2.57
-2.97
2.85
-0.03
-2.5
-2.35
0.7
2.14
3.76
-3.47
-3.72
-2.77
1.59
-2.62
2.8
0.02
0.92
-2.18
-3.17
2.42
1.3
3.99
3.97
-1.06
2.31
-2.67
-1.9
2.23
-2.87
-1.61
0.71
3.17
3.68
1.94
0.93
-1.37
0.03
-0.87
3.93
0.18
-0.13
-0.54
2.17
-0.16
-0.79
3.39
-2.49
0.55
2.05
-2.87
2.07
-2.6
-2.27
0.54
-0.98
-2.55
-2.93
-0.09
1.66
-3.83
3.56
2.47
1.01
1.36
-0.17
-2.88
-2.45
3.65
0.45
0.17
3.99
-2.21
-2.1
0.65
-1.46
-2.17
-2.19
0.13
3.73
2.93
3.82
1.56
-3.82
4
0.33
-0.7
1.43
-0.86
-1.09
-0.53
-2.44
-3.88
1.47
3.75
0.63
1.41
2.46
-3.2
-4
-1.91
1.84
-2.14
-3.91
-2.13
-2.85
0.28
3.51
1.08
-2.01
-2.82
3.64
0.94
0.18
2.74
-3.64
-2.01
2.28
1.01
-2.97
-3.48
-0.31
2.41
0.73
-3.02
-1.39
3.86
0.33
-1.85
-3.98
1.13
-0.62
-2.99
0.12
1.64
-2.91
1.95
1.46
2.32
2.85
-3.96
-0.2
-3.66
-2.86
-2.28
-0.16
0.62
-0.05
2.74
3.39
-1.37
3.13
-2.56
3.78
3.49
2.4
3.43
1.14
3.12
3.27
-2.71
3.96
1.35
1.06
0.87
1.81
2.63
-3.19
2.55
1.65
-1.59
0.54
3.97
2.17
-3.02
0.73
-0.66
1.27
-1
1.14
1.99
-0.09
1.59
-1.23
1.39
2.01
-2.06
-2.76
0.64
3.24
-2.34
-3.19
2.34
3.05
1.56
-3.91
2.45
-0.71
0.28
-0.08
1.21
-0.2
1.41
-2.92
0.97
2.1
3.16
-0.72
2.79
-1.25
-0.95
-1.84
-1.87
-2.03
-2.73
1.38
-1.64
-1.43
3.68
2.87
-0.13
1.39
0.18
3.31
-0.02
-2.4
2.2
-3.08
-3.39
-3.11
2.28
-3.95
-3.02
3.09
3.94
-1.82
2.51
0.51
1.81
3.3
2.85
2.67
-1.55
-2.12
0.19
3.51
2.68
0.37
1.78
-3.83
1.74
-0.12
-0.39
1.42
-3.95
3.83
3.63
2.1
1.11
-0.63
3.9
2.24
-1.34
1.9
0.48
-1
-2.83
-0.95
-1.96
3.09
2.88
1.86
0.77
-3.63
-3.98
1.2
-1.07
-1.71
-0.88
0.48
-1.08
-2.18
-0.86
-3.57
-0.85
-1.6
0.44
-0.43
3.03
-3.89
-1.44
-3.6
3.4
-1.57
3.4
-3.4
0
0.56
1.4
-2.82
2.33
-0.37
-1.67
2.69
-2.71
3.89
3.12
-0.76
1.4
-1.15
0.89
1.33
-1.02
-3.38
-3.55
2.07
-0.91
-1.77
-1.26
-1.92
2.56
1.61
0.02
-2.08
0.53
2.48
2.46
-1.67
-3.02
3.42
-2.8
2.37
0.89
-2.07
2.15
3.29
3.5
0.46
3.15
-0.73
-0.72
-2.8
2.18
0.18
-0.78
1.23
1.42
2.77
-2.02
-2.68
1.51
-2.23
-2.18
-0.68
-1.37
-3.28
3.61
-3.6
-1.84
-1.18
-2.58
0.78
-1.75
1.98
-2.35
2.53
-3.57
-2.95
-1.52
-2.84
2.58
2.64
-0.92
3.47
2.8
1.35
3.43
3.85
2.71
3.3
-2.95
3.69
-3.66
3.66
-2.09
3.44
0.55
-2.43
3.3
1.43
3.68
3.09
-1.7
0.32
-2.16
2.51
2.95
-3.81
-1.47
0.7
0.79
0.37
0.29
-3.19
-1.25
2.88
2.69
-1.65
0.52
1.28
-2.71
3.77
-2.3
-1.14
-2.24
-2.26
0.43
-1.41
0.06
-1.79
-2.03
2.87
-2.25
1.05
-2.52
3.49
0.33
2.76
1.63
-3.71
2.4
3.24
1.32
-2
-1.5
0.68
-0.61
3.53
0.91
-0.96
-3.25
-1.81
1.05
-1.99
0.14
3.92
1.39
3.45
-1.44
-3.9
-1.93
0.36
0.13
-3.69
-1.28
1.93
-1.38
3.25
3.34
-0.74
-1.46
3.93
0.73
0.23
2.88
-1.94
-1.56
3.71
-3.64
1.09
2.35
0.9
1.68
-2.98
-2.54
3.78
-2.19
3.74
-3.09
-2.44
-1.91
0.89
0.2
1.53
2.23
-1.96
-0.9
1.01
3.28
0.58
-1.94
0.15
-3.81
-2.35
-3.51
-3.18
1.47
-3.18
-0.87
-1.93
1.48
1.69
3.09
1.47
-2.25
1.17
2.68
-0.89
2.85
-1.06
0.11
-1.12
2.33
1.77
-2.84
1.66
-0.28
3.2
2.01
0.84
2.97
1.44
-3.58
-0.22
-0.98
-1.8
0.71
0.03
-3.47
-3.37
-1.69
-3.01
0.61
2.84
0.09
0.41
1.81
2.74
-0.23
-2.95
-0.63
4
2.16
0.33
-3.54
3.18
1.83
-1.57
-3.52
-1.16
1.11
2.27
-1.18
2.3
-0.89
-3.97
1.27
-0.7
-1.56
3.56
-3.54
-1.36
-1.43
2.22
-3.37
-0.88
2.28
3.49
-2.32
0.76
3.86
0.99
-0.57
0.95
-2.54
2.98
3.29
0.09
-0.68
-0.15
0.38
-1.72
-0.45
1.7
-0.47
0.04
2.18
2.31
-0.27
0.05
3.15
-1.49
0.29
0.22
-3.41
-3.27
1.42
3.95
-0.3
1.35
-3.1
2.34
-3.25
-0.28
-1.01
-3.88
-1.16
1.87
0.84
0.14
-3.25
-2.83
3.98
2.6
-0.83
2.19
3.09
0.88
-1.32
0.6
0.94
3.97
-0.25
1.63
1.62
1.34
-3.31
3.21
0.36
-3.27
-2.45
3.35
-3.61
1.97
-1.06
2.04
-2.47
3.83
-1.29
-0.59
-2.81
-3.69
-2.53
3.6
-0.7
1.97
-1.47
1.7
-2.96
-1.6
-2.36
-3.47
1.26
3.1
-3.6
-3.07
-1.42
-0.88
2.11
1.65
3.43
-0.36
-2.5
0.11
-1.42
-2.6
-3.23
-2
-0.35
1.14
0.66
3.26
-1.83
3.27
-0.6
0.63
2.5
0.16
-1.68
3.65
-1.19
-1
2.16
-2.05
3.09
-2.99
-1.92
-2.71
1.56
-1.99
-0.54
2.41
-2.28
1.07
-0.01
1.56
2.81
1.37
1.01
-2.11
1.19
-3.48
-1.96
-0.09
1.75
-1.61
2.37
1.99
-0.3
-0.22
-1.57
2.42
-3.21
2.47
-1.17
0.42
1.48
3.56
1.02
-2.44
3.33
3.49
0.44
-2.36
-2.33
2.25
1.54
1.11
-0.72
1.84
1.82
-2.87
3.16
-3.57
-1.55
-1.72
-3.04
-1.76
0.2
0.7
-1.35
0.09
1.6
-2.22
3.58
1.04
1.61
-0.75
-1.77
3.57
-3.92
3.26
-3.66
-0.56
-1.43
1.71
0.09
-3.61
-1.76
3.51
0.85
-2.74
-1.29
1.86
1.96
-2.7
3.27
-3.64
0.02
-3.45
-0.54
-0.77
-0.65
-3.68
2.92
-0.77
-2.12
-1.34
-1.93
0.64
-3.37
-1.71
-1.12
-0.28
1.76
2.57
-3.22
-0.29
1.87
0.74
2.2
-3.43
-4
0.7
3.85
-2.62
-2.62
3.75
-0.18
2.27
1.78
1.25
3.24
-2.33
0.11
0.85
-0.1
-3.99
0.53
3.34
-0.18
-2.58
2.32
1.6
2.87
-1.44
2.39
3
-3.91
3.39
-3.49
-0.45
-1.5
3.28
-1.64
-1.12
-0.77
2.65
-3.52
1.53
-2.16
-1.86
2.84
-0.2
2.87
-0.61
-0.95
-2.8
3.61
-3.09
-1.33
-3.23
3.18
2.53
-3.09
0.77
-1.75
-1.59
1.84
1.29
-1.01
-1.61
3.65
0.43
1.76
-1.78
-1.25
3.96
3.32
-2.78
-2.38
1.25
3.54
3
1.49
-2.32
-1.42
-1.48
2.74
-0.53
3.51
1.19
3.39
3.18
0.72
3.75
0.37
-0.03
2.36
1.59
-3.37
-3.18
-3.19
-0.8
-1.47
3.46
-1.5
-1.6
2.05
0.64
-3.37
-0.9
-2.11
2.39
3.3
1.42
-2.77
-3.82
-2.97
3.24
-1.81
3.74
-0.33
-1.64
1.78
1.81
-0.99
-3.53
3.71
2.01
1.85
2.78
-2.41
-2.28
-3.41
-3.21
0.44
0.34
0.46
2.04
3.18
-3.83
0.47
-1.91
-1.17
0.41
-0.71
-3.01
3.88
3.31
2.51
0.19
-1.07
3.13
-0.6
-3.11
1.15
