-1
-3.86
-2.66
3.07
-3.88
0.87
0.32
3.57
0.03
2.86
3.26
3.6
-1.49
-2.8
3.65
-2.51
-3.8
-0.94
-2.02
2.75
0.92
1.27
-1.56
3.62
-3.86
0.96
1.22
3.41
1.07
1.46
-3.59
2.7
1.76
-0.61
-0.62
1.71
-1.6
2.96
-0.13
-0.49
-2.31
-3.35
-3.34
1.99
0.36
2.33
-0.39
-0.33
1.57
-1.48
1.1
2.23
1.65
2.6
3.45
-2.13
1.71
-2.27
2.93
-0.83
3.65
0.91
-1.5
2.57
2.44
-3.45
-2.17
3.12
1.82
-2.06
3.1
-2.76
3.2
2.47
1.05
0.27
0.61
0.45
-0.74
-2.19
-2.65
-2.45
-2.16
-1.45
-3.65
-1.81
-2.95
3.17
-0.06
-2.5
4
-3.33
-3.97
-3.3
-0.14
0.78
2.16
-1.91
3.55
-0.2
0.49
0.49
1.85
-0.38
-0.58
-0.14
3.04
3.18
-2.46
-0.82
1.26
-2.74
2.47
1.11
-2.19
2.1
-0.94
3.96
2.22
0.25
3.51
-1.33
-0.83
0.32
-2.06
2.43
-2.79
2.49
-1.4
-3.73
2.12
-1.48
0.9
3.46
1.33
0.86
-0.3
2.22
3.13
0.5
-0.85
-2.13
1.63
-3.24
0.24
2.74
-1.8
-1.08
2.89
1.77
-2.29
2.2
-0.12
-0.7
0.29
-2.19
-2.69
-2.47
-2.33
0.99
-1.36
-3.45
0.57
-2.74
1.07
-1.26
0.36
3.02
3.79
0.95
-1.6
0.84
-3.18
-2.29
-2.9
1.64
1.05
-1.59
-3.93
-0.79
0.23
2.3
3.6
0.84
2.56
3.92
2.64
-2.4
-0.84
-0.48
-0.45
-1.84
0.55
-1.87
-2.15
-1.4
1.3
0.36
-0.31
-2.51
-1.63
-0.82
-0.86
-2.06
-0.64
0.87
1.37
-1.84
-1.81
2.66
0.76
2.91
-2.55
2.47
-3.24
0.35
-3.05
3.74
-1.29
1.16
0.1
-1.24
-0.15
0.26
-2.6
-3.77
-3.71
2.7
3.87
2.51
-3.67
-3.31
2.73
2.59
-3.17
-2.96
-0.85
1.66
-2.53
-2.31
-1.46
0.48
3.41
0.5
2.76
0.64
-3.3
2.08
-2.63
1.5
-2.36
1.57
-2.35
2.54
1.4
3.62
3.33
2.88
-3.47
-0.88
0.57
2.68
-1.71
-0.31
2.33
0.07
-3.83
-1.13
1.64
3.72
-2.8
-0.71
2.26
-2.98
-1.39
3.63
-0.64
3.35
1.51
0.76
3.53
-1.78
1.32
-1.63
0.86
-1.24
3.05
-3.82
-2.81
-2.78
-2.28
0.28
1.13
2.36
1.12
-0.14
-1.82
-0.28
2.18
-1.31
0.46
1.84
-3.57
-2.34
0.3
2.35
3.32
-3.37
-0.08
1.77
0.26
3.99
-2.63
-0.23
-0.41
-1.65
-2.64
3.93
2.83
-0.44
1.03
4
-2.32
0.42
2
0.92
2.17
3.91
-0.1
2.76
1.44
3.64
-2.83
-1.18
-3.71
-2.31
-2.22
-0.35
2.08
2.51
-0.55
2.42
0.27
-0.58
0.97
-2.26
-1.09
-2.65
-1.24
-1.23
-1.5
-1.74
0.9
-1.39
1.66
0.47
0.15
0.02
-0.33
3.38
-3.82
3.42
0.73
1.17
-3.67
0.62
2.81
2.55
-0.53
-2.1
-3.44
1.71
-2.16
-3.69
-3.89
2.61
-0.28
2.27
3.46
0.25
-1.99
0.82
1.14
-2.87
0.25
-0.83
-1.27
2.57
1.16
-0.17
1.55
1.77
3.99
2.71
2.33
0.03
-2.32
3.11
-0.92
-3.66
-1.07
0.36
1.88
-3.14
-1.8
0.8
-3.58
0.58
-1.51
3.05
-3.25
1.89
0.57
3.42
1.36
-0.63
-1.73
-0.41
-3.09
1.16
-2.12
-3.76
-2.61
3.65
0.36
-1.21
1.72
-0.86
-2.02
0.08
0.92
0.62
-0.82
3.11
-2.68
1.66
2.94
0.28
2.93
3.46
-1.25
2.16
0.07
2.11
-0.93
3.66
-2.8
-3.44
-2.66
-1.04
-2.24
2.1
2.19
1.92
2.46
-1.31
-1.04
2.24
0.51
3.42
3.08
1.28
-1.41
2.41
-1.87
0.13
-1.3
1.46
2.1
3.7
0.44
1.99
0.66
-2.55
-1.59
-0.27
0.17
-0.71
0.57
0.7
-2.42
1.16
-2.2
3.03
-1.68
2.83
2.43
1.26
-3.35
2.63
-1.3
-3.31
3.78
3.52
-3.62
1.48
-0.44
1.67
-0.02
2.95
0.96
-0.25
-1.53
-2.36
2.53
-0.22
-2.56
0.73
-0.49
-1.27
2.53
3.68
-2.34
3.81
1.83
-2.08
-0.52
-0.43
0.09
-0.7
1.7
1.44
0.81
3.47
1
-0.26
2.21
1.14
-2.93
0.94
-3.83
2.51
3.31
1.63
3.74
1.84
-1.32
-3.85
-3.51
2.54
1.39
-2.31
-2.25
1.92
-3.91
-0.98
3.04
3.97
-2.31
2.47
-2
3.99
-2.43
-3.33
-2.76
3.52
2.95
-1
0.65
-1.21
1.57
0.3
-0.34
2.58
-1.45
-3.98
-3.64
0.04
-3.93
3.99
3.24
-0.68
-0.93
1.55
1.92
0.01
-0.31
2.89
3.37
-2.02
0.71
2.24
-0.55
-1.39
-1.06
-3.82
0.93
2.64
0.39
-3.78
2.9
3.69
-0.49
1.71
-3.04
-2.91
2.04
-0.82
-0.63
-3.93
-1.34
-1
3.9
-2.3
3.24
2.68
0.91
0.02
-1.24
1.24
-0.17
-3.95
-0.37
-1.33
2.08
3.34
-3.16
-2.96
-0.36
-1.64
-0.9
-2.27
3.65
3.86
-2.91
3.55
3.82
1.37
0.58
0.82
1.97
-3.49
-0.48
3.3
3.32
-2.3
2.34
-2.25
-0.62
0.26
-0.72
-3.1
-0.13
3.15
0.4
2.84
0.05
-3.17
3.63
-2.37
-3.75
0.99
3.55
-3
0.98
-3.08
-0.65
-3.96
-3.39
3.69
2.86
3.55
3.44
1.94
3.27
-0.69
0.54
0.34
-0.65
0.38
-3.01
3.1
1.67
3.38
3.09
-1.81
1.86
-3.51
-0.55
-1.75
-0.51
2.99
1.74
-1.05
0.57
-3.03
-3.03
-1.48
-1.68
2.4
2.36
2.3
-2.87
-0.31
1.41
-0.27
-2.53
1.94
3.89
-2.92
-1.7
3.72
1.49
-0.75
-3.36
-2.85
3.33
-3.84
-2.09
-1.21
-0.94
-1.15
0.59
2.37
0.19
3.88
-2.19
0.49
-2.64
2.3
-1.66
-1.98
-1.98
0.95
2.02
-1.31
1.96
-2.02
-2.03
-0.64
-3.28
3.93
-3.39
-1.63
3.95
-0.23
-2.51
-1.52
-1.69
-0.59
-2.35
-3.2
-3.4
3.53
-0.67
-0.5
-2.3
-1.23
3.5
1.53
-2.08
0.98
0.57
-2.42
2.74
-3.72
1.7
-3.47
1.24
1.95
-0.8
1.35
2.2
2.56
-1.93
-0.87
-1.77
-1.78
2.42
-3.58
2.39
3.34
-1.82
1.95
0.64
-2.46
-2.59
-1.51
-2.38
-1.49
-3.01
-0.82
-1.52
0.44
-2.56
-0.26
-0.64
3.03
-0.37
3.67
2.08
-3.05
1.25
0.36
-3.79
0.31
-1.4
-1.95
1.46
-3.81
-2.73
3.49
0.35
3.08
3.15
-1.42
-1.2
2.62
0.94
1.2
2.87
-0.79
2.92
-1.28
0.95
-3.99
-1.14
-2.25
1.11
2.33
3.78
-0.79
2.59
2.75
-1.65
1.43
-1.92
1.82
1.74
-3.67
2.94
3.36
1.03
-2.58
-2.76
-2.49
2.83
-0.59
1.3
2.86
-3.07
0.74
-1.92
2.43
-3.21
-1.14
-1.96
-1.48
3.41
-3.81
-2.56
-3.16
0.94
3.14
-3.58
2.07
-3.11
1.6
0.73
-2.28
-3.5
0.99
-3.12
0.61
2.27
3.51
2.18
1.49
-2.52
-0.56
-2.82
3.46
0.46
2.26
1.4
-0.97
-2.88
-3.85
1.96
3.49
-0.62
3.57
2.41
1.55
2.9
2.09
-1.58
1.9
-3
-0.82
-3.39
-2.77
2.68
-0.43
2.36
-0.05
-0.14
1.48
-3.84
-2.71
0.68
0.56
-2.96
-0.03
3.01
-2.01
0.39
2.69
-2.26
1.39
0.94
-3.27
3.65
1.24
2.35
-3.07
2.59
-0.66
1.72
-3.83
1.09
-3.72
0.48
2.31
-1.18
3.96
-3.23
-3.11
3.91
-2.56
3.17
-0.36
4
0.66
-1.2
2.83
2.53
-1.56
2.54
0.91
-2.3
-0.26
0.16
-0.38
2.24
3.89
-2.42
-2.57
1.23
1.42
1.37
-3.48
3.77
4
0.2
0.4
-3.93
-1.27
-2.86
3.05
-2.79
-0.51
2.78
-3.71
2.22
-2.7
-3.26
-1.01
-1.56
3.52
-1.59
0.15
0.8
-3.2
2.48
-2.65
0.13
-3.14
-3.94
-1.06
2.38
3.35
-0.34
-1.51
0.08
2.64
-0.13
4
-3.54
2.41
2.75
-0.21
-2.71
3.5
-0.31
2.21
0.96
-0.13
1.4
0.94
3.14
2.6
3
1.71
-0.99
-2.78
-0.27
2.96
-2.48
-1.15
-3.73
3.21
-1.33
2.21
-3.34
-2.13
3.84
0.29
0.21
3.58
1.43
-3.26
-1.47
0.03
-3.23
2.62
-1.15
1.31
1.12
-3.74
0.39
-3.74
-0.53
-0.87
-0.2
3.79
-3.66
1.95
3.48
-1.14
-1.09
0.92
2.48
1.61
2.14
3.55
-2.89
-0.91
2.83
-2.18
2.38
-3.33
3.66
1.82
3.51
2.4
0.07
-1.03
0.94
0.39
2.37
2.43
-2.16
-2.75
2.47
-4
-0.27
3.55
-1.6
-3.12
-2.48
-2.12
0.81
-2.65
0.67
-3.5
-1.73
0.92
1.9
-2.78
1.5
3.77
2.49
-0.71
-2.11
-0.28
-3.4
1.66
-0.38
1.41
-0.28
1.38
-2.99
-0.91
0.49
0.49
-0.93
1.22
3.15
2.13
-0.19
-2.43
-3.32
1.95
-3.71
0.49
-0.14
2.3
-2.86
3
0.13
3.15
1.07
-0.29
2.89
2.61
3.94
2.56
3.37
-1.25
3.4
2.08
-0.08
1
1.16
0.15
-3.13
-2.28
0.87
-3.83
1.44
1.05
1.78
3.77
1.42
-0.07
3.08
-3.46
-1.01
1.4
3.86
-1.69
0.51
0.62
-2.73
0.57
-3.7
1.3
0.2
1.88
0.55
0.52
1.86
0.4
2.73
1.73
1.66
-0.32
-3.22
0.15
-0.38
-1.86
-2.57
-3.03
-2.44
3.08
-2.63
1.31
2.29
-1.04
3.53
3.4
-0.44
-2.03
-1.11
1.09
-2.43
3.31
-0.28
-3.42
-0.15
-0.43
1.52
2.99
-0.37
-3.09
3.2
-2.62
-2.97
3.7
2.27
-0.61
3.76
2.85
-2.23
1.71
-3.12
-0.46
-0.95
-1.8
-0.8
-1.01
3.02
-2.76
2.35
1.15
-3.04
-0.12
-2.5
-2.36
0.16
2.35
3.97
-3.81
-3.7
-3.95
0.63
-1.56
1.34
-3.35
3.89
3.99
0.27
2.6
0.69
0.14
3.65
0.72
-3.81
1.18
0.21
2.03
0.25
-2.48
1.39
-3.15
0.56
0.27
-3.37
2.48
3.96
-0.69
3.88
3.4
-0.47
3.93
-0.57
3.57
2.54
-2.28
-2.92
2.44
2.2
-1.6
-1.69
-0.79
2.72
-3.59
0.55
-1.79
1.51
0.24
-0.31
0.32
1.44
2.13
-1.9
2.44
-1.19
3.45
-0.5
-3.65
-2.19
2.87
-3.3
0.58
-3.89
0.88
-0.93
0.77
-3.29
-3.93
2.18
2.48
0.1
1.77
3.84
-2.16
3.21
-1.83
-1.87
0.14
3.72
2.43
-3.03
-0.29
3.63
-0.44
-2.05
1.41
1.82
0.99
0.76
3.1
2.22
-3.28
0.63
3.34
-2.3
1.74
-0.9
-2.17
1.35
3.79
-2.5
1.43
2.07
1.21
-3.78
3.67
2.3
-3.75
3.24
-3.37
1.32
3.36
-3.37
-0.61
1.89
1
0.96
0.56
-1.08
1.66
2.96
-0.28
-0.68
3.09
-3.74
-0.63
-2.86
-3.51
-3.86
-2.54
3.07
-3.71
2.8
3.94
0.92
-0.46
1.64
-1.59
-0.67
-1.71
3.12
1.57
1.75
0.12
-2.22
2.86
-3.92
-2.76
-2.56
0.71
-3.22
2.55
2.92
3.69
-3.17
1.78
-1.89
2.99
0.95
0.85
2.53
1.8
-3.9
1.77
-2.43
1.02
-3.44
-3.3
2.47
-1.65
3.36
-1.46
-2.78
-3.37
2.55
-2.61
1.98
3.21
1.31
-2.6
-0.71
3.9
3.06
-0.56
-3.33
-3.48
-2.62
3.11
3.11
3.15
-2.58
2.66
1.46
2.49
-0.24
-2.69
1.46
3.98
-1.45
0.76
2.29
3.39
-1.23
3.09
1.35
2.24
1.33
2.28
-2.86
3.45
3.81
-1.09
-2.32
-0.45
-2.44
2.63
2.75
0.66
1.09
-2.96
-0.37
-2.55
-2.4
3.33
-3.07
-3.3
1.09
-1.27
0.88
1.23
-0.07
2
0.65
-3.46
-0.89
-0.09
1.13
3.97
2.1
-1.57
-0.8
-0.89
1.97
3.66
3.34
2.52
0.98
-2.09
0.93
1.13
-1.43
-3.21
-1.11
-2.5
-2.88
0.83
1.78
-0.55
2.16
0.65
-2.85
-1.41
-2.61
-0.09
-0.49
-2.19
2.26
-2.87
-3.57
1.66
-2.5
2.78
2.57
-1.35
1.85
-3.48
-0.51
-2.06
3.99
-1.59
-0.28
-0.82
1.81
3.75
-1.35
-0.86
-0.9
-0.85
3.42
2.28
2.13
-2.33
-2.2
-2.56
-2.72
-3.39
-2.29
-1.94
0.15
1.53
-3.74
-0.16
-2.53
3.28
-0.37
-0.21
-1.78
-3.77
-0.34
-3.41
-2.66
-0.16
-0.54
-0.25
-3.08
1.98
0.78
-2.35
-2.75
-3.63
2.71
-0.9
-2.29
-1.85
3.53
3.83
0.98
1.13
-2.63
1.24
2.82
-2.58
1.8
-1.54
-1.85
3.89
-2.3
2.54
0.12
2.86
-3.09
-1.13
3.5
2.82
0.94
-1.71
2.21
2.05
-3.49
-0.69
-0.17
-3.94
-3.2
-0.23
2.82
1.16
-1.87
3.33
3.75
-0.2
2.82
1.1
2.86
2.42
-2.22
3.92
2.04
-3
-2.41
-2.96
0.27
2.25
1.53
-1.61
3.46
-0.17
-0.39
-1.11
1.22
1.24
-2.39
2.93
0.61
2.07
-2.6
2.76
-3.38
-1.97
-0.36
1
1.76
-1.62
2.79
-3.68
-3.96
-0.18
0.02
-2.93
1.04
1.02
0.25
1.21
0.45
3.48
3.04
1.58
-1.47
2.41
0.31
-1.01
-2.46
3.24
-1.89
-1.5
-1.82
3.89
-3.52
-3.21
1.01
-0.97
3.3
0.01
1.36
0.6
-0.71
-2.11
3.46
1.2
-1.65
-0.36
3.82
-1.46
1.86
-3.81
-3.01
0.41
-1.53
1.14
3.04
-0.17
0.22
-1.79
1.72
-3.35
-0.55
2.52
-3.74
0.29
2.14
-3.84
-0.67
-0.78
0.06
-1.99
1.73
-3.76
3.85
3.86
0.18
1.14
2.12
1.33
0.06
-3.33
-0.83
3.01
-2.62
-2.09
