-10
-3.44
-3.69
-2.81
-0.84
0.18
-3.53
0.95
-1.95
-0.21
-2.2
0.88
1.11
-3.91
1.68
2.14
-2.68
3.61
0.48
-0.48
1.39
-3.33
-2.05
-2.8
0.73
-2.98
0.47
3.7
-3.3
0.25
3.46
1.36
0.6
-1.17
2.6
2.44
0.87
1.42
1.27
-1.2
-0.07
-3.34
2.25
0.55
-3.05
-1.19
-2.74
-0.15
-3.3
-3.51
-1.76
-2.49
-0.68
-2.73
-1.93
3.38
1.58
-1.28
-3.41
0.17
-1.24
-2.98
-3.99
-1.85
3.92
-1.6
3.79
-2.81
2.79
2.6
-2.25
-3.26
2.1
3.01
-0.95
3.83
-1.37
-2.14
-0.12
-1.33
-3.26
-2.59
0.45
-2.36
3.52
1.08
3.46
-0.68
1.03
-3.82
-2.09
-2.23
-3.49
-1.68
-1.48
-2.1
1.6
1.01
3.98
-2.75
2.06
-1.95
3.25
-1.61
2.69
-0.82
-0.42
2.39
-0.94
-3.67
-0.24
-0.69
2.85
-3.59
-3.11
-1.01
2.87
-1.09
-1.83
2.62
3.09
1.01
