-10
-1.23
0.45
-2.79
-2.37
-1.65
-0.42
-2.95
-0.56
-2.47
1.22
0.31
-0.16
-3.59
-0.75
-1.75
2.52
0.92
-2.62
1.69
2.52
-2.28
0.36
-2.6
2.36
2.48
2.36
-1.05
3.74
-2.19
-1
-0.85
-3.54
-2.9
-2.54
-0.2
0.37
-1.42
-1.22
-3.58
-1.29
-0.65
-0.1
3.79
-0.38
1.05
-1.37
-1.41
2.1
-0.66
1.15
-2.38
1.75
1.96
-1.94
3.47
-1.44
2.69
3.92
1.72
0.27
3.28
-2.33
0.84
-0.75
-2.08
1.54
-3.09
-1.15
1.3
-1.14
2.65
1.89
3.34
-0.1
-0.23
-0.23
2.44
3.45
1.68
-0.73
-0.17
-3.04
2.8
2.04
-3.57
0.47
1.47
1.38
0.87
3.34
-3.83
1.52
4
-2.69
-2.98
-0.87
3.26
3.49
1.35
3.92
-2.01
0.16
-3.95
1.15
0.01
-0.79
-0.38
-0.35
1.04
2.52
2.44
1.78
0.48
0.93
-3.32
-2.04
1.61
-3.15
2.05
3.62
-0.25
