-10
3.79
0.99
-1.36
-3.89
3.04
3.65
0.56
2.2
-3.54
2.64
0.43
2.38
0.27
3.62
1.17
-3.97
3.99
-2.04
-3.63
-1.6
1.46
2.2
-3.33
-2.26
-3.7
1.72
-3
-3.36
2.62
0.62
0.62
3.18
2.98
3.3
-3.65
-2.93
0.35
3.77
0.1
-0.83
3.85
-2.7
2.55
-0.53
-0.94
-3.95
2.11
-2.97
-3.31
1.01
2.14
-1.59
1.84
2.29
-1.31
1.15
2.93
0.83
0.29
-1.02
-1.28
-1.26
-2.88
-1.47
3.6
0.97
-0.54
-0.66
-1.11
2.63
-2.75
2.54
-1.59
-0.01
-3.04
0.97
2.79
-3.06
-3.69
1.19
-0.26
-2.36
3.96
2.98
2.59
0.39
1.96
2.49
2.46
-2.97
2.78
-1.64
3.6
3.82
1.65
0.46
-1.43
1.29
0.93
-3.75
0.24
2.59
0.45
2.94
0.02
2.36
-3.51
0.73
1.99
3.94
2.56
-1.35
-0.85
0.73
3.2
-3.82
-4
-0.46
-2.5
-3.94
3.69
