-6
1.39
0.06
-1.31
-1.37
2.81
-0.4
-1.14
3.91
-1.88
3.9
-3.24
2.73
-2.72
3.68
2.77
4
-0.12
-0.67
2.2
3.31
-1.98
-1.86
-3.33
1.12
-3.74
1.67
-1.92
-3.93
-3.22
-3.17
1.41
-1.01
-2.61
1.8
-3.12
-3.35
-0.92
-1.23
1.87
-2.6
1.87
0.6
0.47
-0.92
3.37
0.54
3.25
3.18
-0.84
-2.4
3.41
0.92
2.51
-2.5
4
-1.57
-1.92
0.88
1.23
-2.86
2.76
-3.79
-1.56
-0.7
-3.97
0.01
-3.03
2.67
-0.94
-0.49
-1.79
3.75
-1.88
2.53
2.32
-0.49
-3.2
1.81
-3.76
-2.84
-2.42
2.83
3.02
1.49
-0.78
-1.68
0.33
1.02
3.15
3.9
-2.9
-2.05
0.61
-2.39
-1.28
1.15
-3.15
0.87
-2.07
2.52
3.25
-2.81
3.35
-1.62
0.18
-2.31
-0.17
1.11
2.13
3.44
-0.6
2.08
3.58
1.09
3.12
-3.18
-1.48
0.98
0.67
-0.22
2.17
