-2
-1.09
0.05
-1.31
-1.37
1.34
3.76
-2.09
3.34
-1.88
0.69
-3.24
3.24
-0.67
3.68
1.36
2.19
-0.12
-0.67
2.2
-1.6
-1.98
-3.55
1.76
1.12
0.28
0.33
-0.08
0.33
1.91
1.32
3.89
-1.01
0.76
-2.6
-1.17
-3.35
-0.92
2.86
1.72
-2.6
1.87
0.6
1.62
0.03
2.6
2.75
3.51
-1.21
-0.84
0.49
3.41
0.92
0.45
3.46
4
-3.19
-2.63
0.88
3.66
1.56
-0.8
-3.79
0.15
-0.7
-3.97
0.01
-3.03
2.84
-0.94
-0.49
-1.83
0.13
-2.96
-0.32
0.92
-0.49
1.41
1.81
0.42
1.38
-2.42
-1.62
3.02
1.49
1.85
3.82
1.84
-0.05
3.15
0
-3.91
2.23
0.38
-2.39
2.21
2.25
1.24
0.87
-2.07
2.56
-3.43
-2.81
-2.67
-0.27
3.44
-2.31
-0.17
1.11
2.13
1.69
-2.35
-1.55
3.58
1.09
-0.58
-1.37
-3.72
0.42
0.67
-0.22
-0.36
