-4
-2.76
1.71
-2.4
3.55
3.04
3.17
0.56
2.2
-3.54
-0.43
0.43
-3.66
0.62
-2.4
1.17
-3.97
0.66
-2.04
-2.06
-1.45
-0.2
2.2
3.33
0.49
-3.7
1.72
1.73
-3.36
2.62
2.37
-0.08
3.18
0.04
-2.49
0.13
-2.93
-2.1
-0.48
-2.26
-0.83
3.85
-2.7
2.55
0.84
-3.97
-3.95
3.07
-2.97
-3.31
-0.52
-2.59
-1.59
1.11
1.64
-1.31
-0.68
3.44
0.83
0.29
2.67
2.82
-1.34
0.26
1.24
3.6
0.97
3.12
1.08
-0.28
2.54
3.68
2.54
-1.59
-0.01
2.43
-0.89
0.8
-3.01
-0.36
1.19
-0.26
-2.45
3.96
-3.56
2.59
0.87
1.96
2.49
-2.41
0.26
2.78
-1.66
-0.32
3.82
1.21
3.63
-1.43
1.29
-0.87
-1.22
-0.79
-0.72
0.45
-0.98
0.02
2.36
-3.51
-2.89
-2.61
1.72
-0.03
-0.11
0.63
2.47
-2.86
0.88
1.79
1.8
-0.93
-0.41
-3.74
