-9
0.8
3.64
1.26
-1.29
-2.94
-2.1
-1.45
2.68
-1.44
0.44
1.11
2.47
0.53
2.97
1.99
-3.53
0.87
-1.44
-1.13
-0.14
3.09
-3.62
1.69
-0.17
1.84
-1.74
-0.95
0.07
-3.25
-3.41
2.41
-1.3
-1.02
-2.12
-0.53
-3
2.65
3.24
-2.58
-0.41
-1.67
-2.27
-2.11
1.22
-1.92
1.96
-1.24
0.55
1.2
-3.91
-3.19
0.12
1.89
3.08
2.14
-2.28
3.57
-2.93
-1.98
-0.06
0.37
3.42
-0.38
0.32
2.29
-1.25
-2.1
-3.63
-3.72
-1.93
-2.2
-1.29
-1.63
-1.15
-1.66
-0.88
-2.33
-1.24
2.37
2.72
-0.44
-3.77
-1.11
-2.52
-3.17
-0.42
1.75
-0.79
-1.61
0.56
0.64
1.11
2.07
0.54
-1.38
-1.08
-2.26
0.1
2.7
0.81
-2.83
-3.68
-1.47
-2.92
1.48
-1.65
2.78
3.71
-0.76
-3.35
1.14
-3.09
0.65
1.81
0.28
0.05
1.98
-1.06
0.44
-2.84
-3.96
