-5
-3.24
-1.76
3
-0.84
-1.11
-3.76
0.95
-1.95
2.13
3.22
0.88
2.22
-0.29
0.87
-3.05
-1.93
3.61
0.48
1.12
-3.13
-3.33
-2.05
0.56
-2.42
2.99
0.47
3.7
-2.3
0.25
-0.7
1.36
0.6
-0.46
2.6
2.14
0.87
3.33
1.59
2.27
-0.07
3.37
2.25
-2.74
0.01
-1.19
-2.2
0.53
-3.3
-3.51
3.58
-2.49
-0.68
-2.73
2.36
3.38
1.58
-1.28
2.82
0.17
-1.24
-2.59
-3.99
-1.85
-2.99
-1.6
1.42
-2.81
-1.33
2.6
-2.25
-3.26
0.47
-1.2
2.94
3.83
0.61
2.89
1.64
-1.33
-2.89
-2.99
0.79
0.81
-1.19
1.08
0.23
-3.49
1.03
-3.82
1.43
-1.05
-3.74
0.89
-1.48
-2
-0.96
1.28
-2.12
-2.75
-1.65
-1.95
3.25
1.42
3.01
-0.82
-0.42
2.39
-0.94
-3.67
-0.47
-0.69
0.31
-3.99
-3.11
-1.21
-3.32
-0.79
-1.83
0.28
3.09
2.49
