-2
-0.22
-3.4
1.15
2.31
3.2
0.96
0.09
2.67
-3.66
1.22
0.38
2.92
-3.28
-0.68
2.25
-0.12
1.87
-4
-3.63
3.25
3.87
3.97
-0.37
-3.44
-1.31
-1.67
2.58
-2.82
-3.38
-2.98
-3.71
-2.87
-0.68
-2.62
1.51
2.5
3.14
0.87
1.46
2.9
-1.82
-1.79
-2.22
0.64
-3.81
0.1
-3.28
1.91
3.19
3.08
2.53
-1.53
-3.28
-2.53
3.64
-0.05
0.98
0.69
-2.19
-1.61
-1.12
-1.84
3
-0.9
3.68
-1.83
0.96
3.74
-3.97
0.26
3.76
-0.21
-2.55
1.41
1.34
2.19
3.34
-0.47
-1.66
3.45
0.05
-2.2
-3.88
-1.28
0.91
2.52
0.98
3.23
-1.06
3.62
1.7
-3.2
-2.45
2.75
-0.82
2.95
3.14
1.3
-1.81
2.77
2.22
-0.58
-3.9
-1.58
-3.48
2.51
-2.51
-1.43
-3.88
-3.57
-2.77
-1.6
-2.09
0.68
-1.76
-2.93
2.55
-3.56
0.45
3.76
-0.91
