-4
1.39
0.06
-0.73
-1.37
0.52
-3.05
-1.14
-3.14
-1.88
2.45
-2.6
2.73
3.31
3.42
0.05
4
-0.12
-0.67
-3.62
3.31
-1.98
0.09
-3.33
-2.48
-3.74
-1.64
-3.25
4
-3.22
-3.24
-1.36
-3.62
1.35
-2.6
-0.94
-1.29
-3.41
-0.22
1.87
-2.6
1.21
0.6
0.47
-0.92
2.6
0.59
-3.01
-0.48
0.36
-2.4
3.81
0.92
-1.12
-3.32
4
-1.57
-1.92
3.46
1.23
-2.86
-0.4
-3.79
-1.56
-0.7
-3.97
0.01
1.34
2.67
3.68
-0.49
-2.53
3.75
3.79
2.53
2.32
-0.49
-3.2
1.81
1.57
2.23
-2.42
-1.5
3.02
3.5
-0.78
-1.68
3.36
-0.05
-1.51
-2.41
-2.9
-1.38
0.38
-2.39
-1.28
-2.22
3.9
0.87
-3.54
1.04
-1.17
-2.81
3.35
-3.29
1.91
-0.42
-0.17
-0.11
2.13
2.53
-0.6
-2.57
0.67
-2.47
2.57
-3.18
-1.48
-4
0.67
-1.47
0.35
