-10
-2.76
0.99
-1.36
-3.89
3.04
3.17
-0.62
-1.6
-3.54
2.64
0.43
2.38
0.62
3.62
-1.73
-3.97
3.99
1.62
-2.06
-1.45
1.46
1.44
-3.33
-2.26
-3.7
1.72
1.73
-3.36
2.14
-2.56
0.62
3.18
2.98
3.3
-3.65
-2.93
0.35
-0.48
0.1
-0.83
1.84
-1.66
2.55
-0.53
-0.94
-0.68
-0.51
-2.97
-3.31
3.17
-2.99
1.45
-3.38
2.29
-1.31
1.15
3.51
-2.25
0.29
-1.02
2.82
-1.26
0.69
1.33
1
0.97
3.05
-2.48
3.39
2.63
2.11
2.54
-1.59
-0.01
-3.67
0.97
0.8
-3.01
-0.36
1.19
-0.26
-2.36
2.03
-0.68
1.45
2.15
3.22
2.49
2.46
-2.97
-2.72
-1.66
1.63
3.82
3.44
0.46
-1.43
1.37
3.4
-1.19
0.24
-0.72
2.96
-0.98
0.02
0.42
0.84
0.73
1.99
3.94
2.56
-3.58
0.63
0.73
3.26
-3.82
-4
1.8
2.65
-3.94
3.69
