-9
-1.9
3.29
1.26
-1.29
0.91
-1.32
-3.04
2.68
-1.44
1.77
-0.13
2.47
0.53
0.69
1.99
3.37
-0.69
-0.63
-1.13
-3.97
2.75
-3.62
1.69
-0.17
-2.57
0.36
-0.95
0.07
-3.25
3.52
-3.64
-1.71
-2.37
-2.34
-1.08
-1.52
2.65
3.24
-0.76
-3.45
-1.67
0.1
-2.78
1.06
-1.92
-0.45
1.94
-0.76
2.63
2.02
3.77
-3.17
1.89
3.08
2.95
-0.4
1.74
0.82
-1.98
-0.38
0.21
-2.24
-2.2
0.32
-1.79
-2.55
1.68
1.68
-3.72
-1.93
-2.2
-0.72
-2.5
2.29
2.22
1.41
3.84
-1.24
-3.27
2.47
-0.44
-3.77
-1.11
2.25
2.9
-0.42
-2.96
-0.79
-2.45
0.56
0.64
-3.05
2.07
0.54
2.66
-3.03
-3.35
-2.4
-1.75
0.81
1.57
-0.9
-1.47
-2.92
0.8
-1.98
2.82
3.71
2.43
-2.05
1.14
0.25
0.65
1.78
0.28
2.12
1.98
-1.06
0.44
-2.84
-2.25
