-2
1.43
-3.4
1.15
2.31
-1.18
0.96
0.09
2.67
-3.66
-0.74
0.38
1.87
-3.28
0.97
0
-0.12
1.87
-4
-3.63
3.25
3.87
3.97
-0.37
-3.44
-1.31
-1.67
2.58
-2.82
-3.38
-2.98
1.94
-2.87
1.36
2.53
1.51
2.5
1.66
0.87
1.94
2.9
-1.82
-1.79
-0.11
-0.93
-3.81
-3.99
-3.28
2.88
3.19
3.08
2.53
-1.53
-3.28
2.3
3.64
-0.18
0.98
-3.91
2.99
-1.61
3.11
-1.84
3
-0.9
3.68
1.06
3.11
3.74
-3.97
0.26
3.76
-0.21
1.8
1.41
1.34
-3.56
3.34
-1.67
-2.99
3.45
2.51
-2.2
1.11
-1.28
0.91
1.32
0.98
3.89
1.55
-3.67
2.95
-3.2
-1.91
3.04
-0.18
2.95
3.14
1.3
-2.11
2.77
0.61
-0.95
3.27
-1.58
2.47
2.51
-2.51
-1.43
0.25
-3.57
-2.77
-1.6
-2.09
0.68
-0.25
-2.93
2.55
1.46
0.45
3.76
-2.22
