-7
0.84
-3.95
-2.81
-0.75
-3.42
2.45
0.33
-1.95
3.59
3.22
-0.69
2.22
-3.91
-3.19
3.64
-2.68
3.61
-3.8
-0.48
1.39
-1.64
-2.05
-2.8
0.73
-2.98
-2.8
3.89
-2.3
1.14
-0.07
1.36
-2.59
3.11
2.6
2.14
0.87
-1.21
1.27
3.9
1.29
3.37
-1.53
3.62
-2.55
3.78
-2.74
-3.82
2.79
-1.58
-3.32
-2.49
-0.68
1.67
2.36
0.13
3.88
-3.86
-0.82
0.17
-0.25
-2.59
0.68
1.97
-2.78
-1.75
-0.25
3.67
1.25
2.6
-3.75
-0.97
-1.66
-1.2
3.83
3.01
2.21
1.56
-0.36
2.86
-3.26
-1.29
0.79
0.81
-1.19
0.73
-1.13
-0.68
2.15
2.22
2.95
0.34
1.3
-2.91
1.51
-2
3.43
-1.6
-2.38
-2.4
1.31
-1.95
0.33
-3.82
2.69
-0.82
3.18
-3.58
2.5
3.52
-0.47
2.02
-3.27
-3.59
2.93
-1.15
-3.33
-0.79
-1.83
0.06
2.12
1.01
