-7
-1.05
1.06
3.86
-1.98
0.9
-0.2
0.15
1.17
3.08
0.53
2.95
-3.15
-2.32
1.06
-0.45
-3.72
-3.05
-1
-2.74
0.47
-1.74
-2.42
2.17
0.21
-1.88
1.33
0.86
-1.88
-1.08
2.03
1.34
-0.06
-2.14
-1.24
-1.1
-2.38
-2.12
3.23
-3.73
-2.98
2.35
-3.87
-3.42
-0.47
0.84
2.94
-3.02
-3.65
-1.05
3.37
-3.95
-3.06
-1.88
1.69
-2.63
-2.15
-1.83
0.96
1.6
-4
3.22
-0.55
-2
0.38
2.28
-1.84
-2.75
-3.7
1.87
-3.57
-2.43
-1.09
0.56
3.13
-0.25
-0.51
1.26
1.85
1.95
3.77
0.36
3.57
3.17
-1.72
1.55
-2.04
0.2
3.28
-0.84
-2.3
-2.53
1.25
0.14
0.82
1.62
-1.37
1.22
0.12
-0.03
3.84
-2.65
3.43
-3.16
-2.04
0.37
-3.83
3.96
0.25
3.37
0.69
-2.34
-2.65
-2.6
-3.27
3.74
-0.24
2.57
-3.78
-0.87
1.71
-3
