-10
0.84
2.54
1.8
-0.84
1.07
-3.53
0.76
-1.95
2.13
-2.2
0.88
2.35
-3.91
1.68
-0.22
-2.68
3.61
0.48
-0.48
1.39
-3.33
-2.05
1.33
-0.18
-2.98
0.47
3.7
-3.3
0.25
3.46
-2.67
0.6
-1.17
2.6
2.44
0.87
1.42
-0.84
-1.2
-0.07
-3.34
3.71
0.55
-3.05
-1.03
-1.39
3.18
-3.3
-3.51
-1.76
-2.49
-0.68
-2.73
-1.93
-2.13
3.88
-3.86
1.49
0.17
-1.24
-1.97
-3.99
-2.15
3.92
2.14
-0.25
-2.81
0.93
2.6
-2.25
-3.26
0.47
3.01
2.94
3.01
-1.37
-3.41
-0.12
-1.33
1.41
-2.99
0.79
-2.36
3.52
1.08
2.01
-0.68
-0.45
-0.51
-2.09
-1.05
-3.49
-1.68
-1.48
-2
-3.6
1.01
2.77
-2.75
2.36
-1.95
2.23
-1.61
2.69
-0.82
0.87
2.39
-0.94
-3.67
-1.77
-0.69
0.31
0.8
-3.11
-1.55
2.87
-0.79
-1.83
-0.17
3.09
2.49
