-2
-0.22
1.47
0.35
2.31
-1.18
0.96
0.09
2.67
-3.66
1.22
0.38
-2.35
-3.84
0.97
0
-0.91
1.87
-4
-3.63
3.25
3.87
3.97
-0.37
-3.44
-1.31
-1.81
-2.85
-2.82
-3.38
-2.98
-3.71
-2.87
-0.68
-2.62
1.51
-1.75
1.66
0.87
1.94
2.9
-1.69
-1.79
-0.11
-0.93
-3.81
0.1
-3.28
2.88
3.19
3.08
2.53
1.62
-3.28
2.3
3.64
-0.05
0.98
-3.91
2.99
-1.61
-1.12
-1.84
3
-0.9
0.42
1.06
3.11
3.74
-3.97
0.26
3.76
-0.21
-3.2
1.41
3.61
2.19
3.34
-1.32
-3.07
3.45
0.05
-1.22
-3.88
-1.28
0.91
1.32
0.98
3.89
-1.06
3.62
1.7
-3.2
1.23
2.75
-0.83
2.95
3.14
1.89
-2.11
2.77
0.61
-0.95
-3.9
-1.58
-1.81
2.51
-2.51
-1.43
-3.88
-3.57
-2.77
-1.6
-2.09
0.68
-1.76
-2.93
2.55
1.46
1.16
3.76
-2.22
