-2
1.39
0.06
0.22
-1.37
2.81
-0.4
-2.09
3.91
-3.59
3.9
0.45
-0.73
-2.72
2.05
2.77
1.26
-0.12
-0.67
2.2
3.31
-1.98
-3.55
-3.33
1.12
-3.74
-1.64
-1.92
-3.93
-3.22
-3.17
0.74
-2.8
-2.68
1.8
-0.94
3.85
-0.92
-1.23
-1.77
-2.6
1.87
0.6
0.47
-0.92
3.37
0.54
3.25
0.12
-0.84
-2.4
3.41
0.92
2.51
-2.5
4
-1.57
-1.92
0.88
1.23
-2.86
2.76
-3.79
-1.56
-0.7
-3.97
0.01
1.34
2.67
-0.94
-0.49
-1.79
3.75
-1.88
2.53
2.32
-1.85
-3.2
-3.07
-3.76
1.38
-2.42
1.93
3.12
1.49
1.85
-1.68
-3.75
1.31
3.15
3.9
-2.9
2.23
0.38
-2.39
-1.28
1.15
-3.15
-1.59
-3.54
2.52
3.25
-2.81
1.7
-1.62
0.18
-0.42
-0.17
1.11
2.13
3.44
-0.6
2.08
3.58
1.09
3.12
-3.18
1.23
0.3
0.67
-0.22
2.17
