-5
2.89
-3.95
3
1.71
-3.42
-0.94
1.38
1.21
2.13
-0.26
-1.98
2.22
-0.29
1.68
-0.96
-0.36
-3.28
0.48
1.12
1.39
3.2
-2.05
1.33
0.73
2.99
1.93
3.7
-2.3
1.14
3.46
-2.67
-1.86
3.98
3.56
-2.13
0.87
-1.21
-1.73
-1.2
-0.63
3.84
-3.71
2.36
-2.55
3.78
-1.39
-3.82
2.79
-1.58
2.79
-1.02
2.62
0.58
-0.93
3.38
-1.1
-3.86
1.49
0.17
-2.82
-1.14
1.9
-1.85
-2.78
-1.6
1.42
-2.81
-2.44
3.01
-3.75
-0.97
0.47
3.97
3.83
3.01
0.25
2.89
-0.12
2.86
-3.26
-2.59
-3.45
0.81
3.52
-0.27
2.01
-0.68
2.15
2.22
-3.97
-2.23
-3.74
-2.91
-1.48
1.39
3.43
-1.6
-2.38
-0.77
1.31
-0.82
-3.14
-0.4
3.01
1.22
-0.42
1
3.61
3.52
-3.54
2.02
3.09
0.58
-1.05
-1.21
2.87
-3.08
-1.15
0.41
-0.49
-3.58
