-3
3.93
1.99
-3.33
-3.59
-2.53
-3.35
1.21
-3.98
-3.15
-1.43
3.25
3.72
-1.11
-2.87
-1.52
1.71
1.3
-0.32
-2.32
0.1
1.29
-3.68
1.66
0.83
1.9
2.64
-2.04
-1.3
-0.67
-0.35
1.91
-1.11
-0.12
1.05
3.35
1.56
-3.42
-3.44
-1.28
1.87
-2.67
-2.28
-3.35
0.16
-2.24
-3.18
-1.41
1.09
-0.51
1.9
-2.94
2.99
1.12
-2.24
-3.55
-2.86
2.53
2.54
1.27
0.06
-1.25
-3.49
0.25
3.68
2.4
0.36
-2.7
3.86
2.12
1.55
1.13
-3.55
-1.55
3.64
-2.17
1.27
0.88
-0.78
-3.73
-0.21
1.73
-1.05
-1.44
-1.96
0.19
0.44
3.98
2.87
-3.93
3.14
-1.79
-3.12
1.91
3.19
1.61
-3.19
0.11
-3.64
0.26
2.8
-1.32
-2.4
2.98
0.43
-3.23
2.44
0.77
-0.85
-0.47
-2.33
2.67
-1.62
-1.86
0.81
-2.94
-2.5
2.07
-3.49
-1.38
-1.17
-0.2
