-10
3.79
-2.08
-1.36
2.42
3.04
1.12
0.56
-1.6
-3.74
-0.43
-1.87
3.11
-1.51
2.15
0.34
3.01
1.31
-1.34
-2.06
-1.6
2.74
2.48
-3.33
-2.26
-1.61
-2
2.13
-3.36
2.14
0.64
-1.52
3.18
2.98
-0.16
-0.49
-2.93
0.35
-0.93
3.63
1.2
1.84
-0.16
-2.6
-0.53
3.79
-0.68
0.06
-1.09
-3.31
2.43
-2.99
0.56
-0.73
2.29
1.39
-0.65
3.77
-1.89
0.36
1.12
2.82
0.01
-1.09
1.24
3.16
-1.2
3.12
-0.66
1.79
2.63
3.68
-3.43
-3.84
-3.72
-1.94
0.97
0.8
-3.01
-3.69
-3.3
-0.26
-2.36
1.47
2.98
-3.9
0.39
1.96
1.37
2.88
-3.21
-2.72
-1.64
3.61
3.59
-0.95
3.63
1.49
-2.43
-0.54
3.79
2.84
-0.72
2.96
-1.94
0.02
0.61
0.84
1.19
1.3
-2.55
-1.13
-0.48
-0.85
-2.42
3.2
1.52
1.79
1.8
-1.78
3.53
3.69
