-5
-1.9
3.64
1.26
0.72
-1.17
-0.14
1.72
-1.96
0.92
0.44
-3.63
3.44
0.53
0
-1.1
1.5
0.87
-3.46
-1.13
1.79
-0.03
-3.62
1.14
2.41
-3.94
3.22
2.93
2.31
2.42
-3.41
3.7
-3.76
-1.36
-1.91
-0.53
2.07
3.81
-1.28
-0.76
-0.41
-1.67
3.3
-1.48
1.22
-1.92
1.96
-1.24
2.68
1.48
-3.84
3.77
0.12
-2.14
-3.62
3.71
-2.28
-1.5
2.85
0.65
-0.39
0.93
3.42
-0.38
0.32
0.74
-3.87
0.79
-1.57
-3.47
0.83
1.7
-1.85
1.31
3.28
-0.55
0.67
1.87
3.92
0.33
-1.89
0.46
-3.75
-3.18
2.25
-3.17
-0.42
2.38
-1.75
-1.61
-2.26
-0.43
-3.05
2.07
3.63
2.66
-1.08
-0.33
2.2
-3.53
-2.05
-2.83
-3.68
2.15
-3.36
-1.53
1.61
2.81
-1.42
0.94
-0.97
-0.14
-1.42
-1.48
-1.46
3.16
0.68
2.59
1.38
-0.51
-2.84
-2.25
