-8
-1.09
-2.83
-1.31
-1.37
1.34
1.7
1.93
2.86
-2.7
2.29
2.3
1.74
-0.67
3.68
2.77
1.26
-2.56
-0.67
0.06
-1.6
-3.67
-3.55
-2.63
1.06
-2.96
-2.92
0.73
1.72
1.91
2.02
3.24
-1.71
0.76
-2.6
-2.76
-3.35
-0.91
-3.9
1.87
3.66
0.29
2.19
3.65
0.03
0.82
2.75
3.51
0.12
-0.84
-2.4
3.41
0.92
0.45
3.46
-2.41
-1.54
3.81
1.63
-2.41
0.26
-3.03
-3.79
-3.06
-0.72
3.06
0.01
-3.03
-2.08
2.43
2.11
-1.83
-2.66
1.47
0.4
2.12
-1.85
-3.2
1.35
-3.76
-1.71
-2.42
-3.4
-1.45
0.31
2.62
-1.68
1.84
1.31
3.82
2.79
-3.15
1.46
2.52
-2.39
2.68
0.08
1.24
0.37
0.98
-3.19
1.77
1.58
1.7
1.06
3.44
2.07
3.45
-3.95
-2.67
3.44
-2.35
-1.55
1.39
3.3
-1.32
-3.63
1.66
0.64
0.67
0.73
2.17
