0
1.43
-3.4
1.15
-3.53
-2.76
-2.54
-0.13
2.67
-2.37
-1.75
-0.41
-2.35
-0.79
2.08
-1.6
0.14
-0.38
1.91
1.58
-3.81
3.86
0.3
-0.37
2.21
-0.32
-1.81
2.58
2.33
0.14
3.57
0.52
1.21
0.34
-1.43
1.51
-2.21
-0.48
3.47
1.94
2.97
-1.14
-2.34
-2.11
-2.95
1.14
-1.07
-0.31
0.78
-1.67
3.08
-1.34
3.21
2.81
2.3
3.64
-2.88
0.98
2.94
0.79
3.05
-1.12
1.54
-1.47
-1.94
1.74
2.38
1.32
-3.36
-3.44
-3.39
-3.39
0.15
3.98
2.62
1.34
2.19
-1.6
-1.43
-2.94
-3.25
2.51
-2.2
0
1.07
0.91
1.32
2.41
2.05
-1.06
0.38
0.82
0.59
-1.33
2.89
0.09
1.32
3.14
3.84
-0.68
2.77
1.62
-0.95
0.22
-2.28
2.47
2.51
3.23
-3.81
-3.05
-2.56
2.73
-1.6
1.87
0.04
-3.46
-2.93
-2.46
1.46
1.16
-3.58
3.98
