-2
-3.39
0.99
0.04
3.84
3.04
3.17
0.56
-1.6
3.48
-1.93
1.24
-3.55
-0.91
-2.4
-1.73
-2.43
-2.4
-3.87
2.52
2.17
-0.2
2.15
0
0.49
-1.61
-1.03
1.07
-2.11
2.14
0.94
-1.52
-3.73
-1
-2.43
-0.49
-2.02
-2.1
-0.93
-0.35
2.23
1.84
2.83
2.55
-0.95
3.79
-2.32
3.07
-0.48
3.23
2.43
2.14
-1.59
1.48
1.64
-1.31
-1.53
-3.01
3.56
1.44
0.06
-1.9
-1.34
0.26
-1.47
3.6
0.97
1.45
-2.48
2.1
-3.72
3.68
2.54
0.49
-3.72
-3.67
0.97
3.6
-3.06
0.7
-3.3
-0.1
-2.45
-1.34
3.72
2.81
-3.94
-1.2
1.37
2.88
-2.97
-3.01
-1.66
1.63
3.59
0.13
-0.83
-1.43
0.01
-0.54
-1.19
0.24
1.55
1.43
2.94
2.76
3.6
1.92
1.19
1.3
1.72
-1.13
-3.96
-1.15
0.73
-3.84
-3.46
-4
0.55
-0.27
3.53
-1.83
