-2
-1.05
1.06
3.86
0.2
-1.94
2.98
-3.1
3.79
-1.6
-2.58
2.95
0.47
-2.32
1.06
-0.45
-3.31
1.02
3.86
-1.54
-3.94
1.1
-0.94
-0.75
-3.06
0.16
-3.11
1.37
-0.42
-1.69
-2.66
-0.86
-1.39
0.19
-0.96
0.94
-2.38
-2.12
3.23
-0.53
-3.86
-2.97
2.44
3.76
-0.47
0.84
-3.04
2.82
-3.75
-1.81
0.92
-0.41
-3.06
3.72
-3.18
-2.63
0.17
-2.86
0.96
-0.96
-4
3.22
-0.55
1.47
0.38
2.28
-3.38
-2.75
-3.7
1.87
-3.57
-2.43
-1.09
-3.49
3.13
-0.98
-0.51
-3.34
-1.73
2.38
3.77
0.36
1.8
3.17
2.88
-1.36
-2.04
0.2
0.07
1.92
-2.3
3.71
1.25
-0.72
-3.6
1.62
-1.37
2.14
3.84
-0.03
3.84
-2.65
3.96
-2.41
-2.04
-2.78
1.69
-2.42
0.25
3.37
-3.2
-2.34
-2.65
2.09
3.3
-3.94
-0.24
2.57
-3.78
-2.06
-2.54
-3
