-5
-1.79
3.29
3.75
-3.62
-2.94
-2.1
-1.45
2.68
-1.44
1.77
-1.89
1.86
0.53
0.69
1.99
-3.53
-2.85
-0.63
-1.13
3.71
2.75
-3.62
-3.71
-0.17
-2.57
3.22
-0.95
0.07
-3.25
3.52
-3.64
-1.71
-2.84
-2.12
-1.08
-3
2.65
3.24
-2.58
1.7
-1.67
0.1
-0.88
1.06
-3.08
1.96
1.94
0.55
3.57
2.02
-3.19
-3.17
1.89
3.08
-1.85
-0.4
3.57
1.68
-1.98
-0.06
0.21
-2.84
-2.2
0.32
2.29
-2.55
-2.1
-3.63
-3.72
-1.04
-2.2
1.84
-1.63
2.29
-1.66
0.69
3.84
3.92
2.79
1.88
-0.44
-3.77
-3.18
2.25
-3.17
3.47
-2.96
-0.79
-1.61
0.56
0.64
-3.05
2.07
3.63
2.66
-1.08
1.6
-0.11
2.7
-0.88
1.57
-0.9
-1.47
-3.34
1.48
-1.98
2.87
-3.37
2.43
-2.05
1.14
0.57
0.65
1.78
0.28
0.05
1.98
-1.06
-0.51
-2.84
-2.25
