-6
1.71
1.99
-2.16
-2.3
-1.26
-2.13
-3.57
-3.98
-3.15
-1.43
-3.92
-3.84
1.1
-0.25
-3.01
-1.72
3.64
-0.32
2.29
2.21
1.09
0.7
3.4
-3.01
0.24
1.03
-2.91
-2.87
1.66
0.77
-0.58
-1.11
1.29
1.05
-0.32
-1.89
-1.87
-3.89
2.42
3.8
1.67
-3.81
-0.78
-1.61
-0.89
3.88
3.45
-3.65
-0.51
1.9
0.22
2.76
-2.54
0.31
-1.82
-2.86
0.39
3.12
1.31
-1.16
-2.34
3.52
0.39
1.37
3.9
-1.01
-0.49
3.86
2.12
-3.64
1.13
0.17
-1.18
3.64
-1.23
0.16
-3.07
-1.27
-1.55
-0.21
3.75
-0.56
3.52
3.43
-1.18
2.95
3.98
-2.32
0.17
3.14
3.16
-0.2
1.54
1.62
1.61
-2.42
-2.02
-3.03
0.26
2.39
3.52
0.12
2.3
3
3.64
2.58
-1.83
-3.28
2.06
1.44
-3.71
-1.62
-0.29
3.3
-0.46
1.86
2.07
-3.49
3
1.89
-0.98
