-4
1.43
-3.4
-2.66
2.31
-0.23
3.7
0.09
2.67
-3.66
1.22
0.38
0.69
-3.84
-0.68
2.25
-0.91
-0.82
-4
0.81
3.25
3.87
-3.65
-0.37
-3.44
-1.31
-1.81
-2.85
-2.82
-3.38
3.57
1.94
-2.87
-1.56
-2.62
1.51
2.5
0.56
0.87
1.94
2.9
2.97
-2.34
0.52
-1.65
-3.81
0.1
-3.28
1.91
-2.95
3.08
2.53
-1.53
-3.28
-2.53
3.64
-0.18
0.98
1.85
2.99
-2.16
2.54
-1.84
-3.6
-0.9
-1.8
-1.06
0.96
-2.45
-3.97
3.51
-2.54
0.15
-3.2
2.62
0.93
2.19
3.34
-1.67
-3.07
-3
2.51
-1.22
0.15
-1.28
-1.83
2.52
0.98
3.23
-1.06
0.38
1.7
3.84
-0.42
2.75
-0.82
-3.86
3.14
3.57
-1.81
-0.74
0.61
-0.95
-3.9
-1.2
-1.93
2.51
-2.51
-1.43
0.25
-3.57
-2.77
-1.6
-2.09
0.68
-0.94
0.84
2.55
1.46
2.33
3.76
-2.22
