-2
-1.05
1.06
3.86
0.2
-1.94
2.98
-3.1
3.79
3.08
-3.07
2.71
-3.15
0.47
-3.6
-0.45
-3.31
1.02
-3.45
-1.54
-3.94
1.1
-2.35
-0.75
0.21
1.61
-2.87
1.37
-0.42
-0.84
0.77
-0.86
-0.06
0.19
-0.32
3.19
3.83
-2.12
3.23
2.7
-2.98
-2.97
-3.87
1.86
-0.47
0.84
-3.04
-3.02
-2.19
-1.81
0.29
-0.41
-3.06
3.72
-3.18
-2.63
-0.24
-2.86
0.96
0.82
-3.84
-0.31
-0.55
1.47
0.73
-0.69
1.22
1.59
-3.7
1.87
-3.57
0.08
-1.09
-3.49
3.13
-0.98
-0.51
-3.21
-1.73
1.95
2.68
0.36
-2.68
3.17
2.88
-1.36
-2.04
2.57
3.28
-0.84
-2.3
-2.53
1.25
-0.72
2.69
-1.28
-0.85
1.22
3.84
-0.03
3.32
-2.65
3.96
-2.41
-2.04
-2.78
1.1
-0.4
0.25
3.37
2.32
-0.37
2
2.09
1.87
-0.43
1.89
2.49
-3.78
-2.06
-1.25
-3
