-6
3.56
0.05
-1.31
-2.94
2.81
1.7
-2.09
3.34
-3.59
0.69
2.3
2.73
-2.72
2.05
1.36
1.26
-0.12
-0.67
2.2
-1.6
2.23
-3.55
-3.33
1.12
-2.96
-1.64
-2.47
-3.93
-3.22
-3.17
0.74
-1.01
-2.61
-2.6
-0.94
-3.35
-0.92
-1.23
1.87
1.18
3.36
0.6
0.47
0.16
3.37
2.75
3.51
0.12
-0.84
-2.4
3.41
0.92
1.92
-2.5
4
-1.57
-1.92
-3.4
1.23
-2.86
-3.03
-3.79
-1.56
-0.7
-2.31
0.01
-3.03
1.5
-1.02
-0.49
-1.79
3.75
-2.96
2.53
0.92
-0.49
-3.2
-3.07
-1.22
1.38
-2.42
-1.62
3.02
0.31
3.38
-1.68
-3.75
1.31
-0.21
3.9
2.77
-2.05
0.38
2.11
-1.28
-0.9
3.57
0.87
-2.07
0.3
-2.39
-2.81
1.57
-0.73
0.18
-2.31
-0.17
-0.11
0.59
3.44
-3.67
1.05
3.58
-0.89
3.12
1.71
-1.48
0.3
0.67
3.17
-0.36
