-10
0.74
-3.13
-2.66
2.31
-2.6
0.49
-2.24
-2.54
-2.4
3.98
-3.36
1.46
-1.88
0.97
-3.19
-0.91
-0.82
0.01
1.33
3.25
-1.02
3.97
-1.98
-1.47
-1.31
0.13
-2.85
-2.27
-2.23
2.86
0.34
1.99
-1.56
-1.71
-1.22
0.55
1.74
3.31
0.31
-2.29
-1.82
-2.48
-3.38
-0.93
2.2
-1.04
0.81
1.48
3.24
3.83
2.53
0.76
-3.28
-2.82
1.37
-0.18
-3.22
2.42
1.22
-2.16
0.42
-1.84
3
-1.26
-3.12
-1.94
0.96
-0.8
-0.34
0.26
1.22
0.29
-3.2
1.41
0.93
0.93
3.34
3.89
-2.14
3.45
-0.51
-1.42
-1.74
-1.28
-1.83
3.59
0.98
3.23
-0.73
2.97
1.7
0.05
1.23
3.04
-0.82
-3.86
2.36
1.89
-1.81
-0.74
-1.74
-1.73
-3.9
-1.33
2.47
-3.79
1.06
-1.43
-0.38
-3.57
1.79
-1.13
0.08
-3.8
2.36
0.84
2.55
0.28
-1.54
2.8
-1.75
