-4
0.59
3.09
3
1.71
-1.11
-0.94
0.33
1.21
-3.32
3.61
1.17
1.11
1.8
-3.19
-3.69
-2.68
2.33
0.06
-0.56
-1.46
-3.34
-2.05
1.33
-0.18
-1.99
-2.47
-2.27
0.06
1.14
3.46
1.36
3.79
-0.11
3.06
1.9
0.58
-1.21
1.86
2.27
-2.58
-3.34
2.03
-0.89
-2.55
-1.03
0.6
0.53
-2.76
-1.58
-1.76
-1.71
2.62
-2.73
-1.93
0.13
-1.37
-1.28
1.49
-0.3
-2.65
2.51
-3.74
0.99
3.92
2.22
-0.48
2
1.97
3.01
-3.75
-0.97
0.47
1.2
0.55
3.01
-1.37
-2.14
-0.12
-1.24
-3.26
1
2.23
-2.36
-1.19
1.17
-3.31
-0.68
1.03
-1.81
-0.74
2.91
1.3
-0.09
-1.48
-2
-3.6
-1.6
-2.12
-2.51
3.46
-0.74
0.33
-0.4
2.69
3.22
-0.42
-2.59
0.07
3.52
-1.77
-3.71
-3.76
-3.59
-1.05
-1.55
-3.73
-1.09
-1.83
0.06
-0.49
-3.58
