-3
-2.3
-1.65
3.75
-1.29
-2.46
-0.1
-1.45
2.68
3.57
-1.19
-1.89
1.86
1.17
-0.64
2.46
3.37
-0.69
-3.84
2.38
-1.76
3.09
2.11
-3.71
3.31
1.84
1.45
-0.6
-0.18
-3.25
3.52
-3.64
-1.71
1.51
3.5
3.75
-3
2.65
3.61
2.14
3.95
2.3
1.91
-3.64
-2.58
-1.07
-1.39
2.57
-0.53
1.35
2.02
0.74
-3.72
-1.77
3.06
-1.85
-0.4
-0.15
2.36
1.43
-0.06
0.21
-2.84
-2.2
-3.95
2.29
3.82
1.08
2.39
-0.38
-3.24
-2.2
-1.29
-2.5
-2.41
-1.88
0.78
3.84
-1.24
2.79
-0.78
-0.44
-1.16
2.48
2.69
1.53
3.2
-0.2
2.45
1.08
0.26
1.15
3.34
-1.16
0.06
3.33
-3.78
-3.89
-3.69
-0.91
-0.88
0.71
-3.82
3.86
1.99
0.01
-1.98
2.78
-3.37
-2.28
0.77
-3.39
0.57
3.25
-1.47
-3.63
-1.25
-2.85
-1.06
1.28
3.1
-1.95
