-11
0.84
-3.69
1.8
-0.84
-3.19
-3.76
0.76
-1.95
-3.97
-2.2
0.88
2.22
-1.66
1.68
-0.22
-2.68
3.61
1.51
-2.2
0.36
-3.33
-2.05
1.33
-0.18
-1.45
0.47
3.7
-3.3
0.25
3.46
-3.01
0.6
-1.17
2.6
-0.88
0.87
-2.71
1.27
-1.44
-0.07
3.37
-3.71
0.55
-3.7
1.03
-2.74
3.18
-3.3
-3.51
-1.76
-3.59
2.7
-2.73
-1.93
0.4
3.88
-3.86
1.49
0.17
-1.24
-3.76
1.39
-2.15
3.46
-0.64
-0.25
-2.81
-2.44
2.6
1.54
1.39
-3.19
3.01
-0.95
3.83
-1.37
-2.14
-1.06
-1.25
-3.26
3.19
0.79
-2.36
3.52
1.08
-2.52
-0.68
-0.45
-3.82
3.54
-2.23
-3.49
-1.68
-1.48
-2
0.17
-2.66
3.09
-2.75
-0.97
3.01
-0.34
-1.61
-1.68
-1.08
-3.29
2.39
1.63
-3.67
-1.77
-0.69
2.85
-3.59
-3.11
-2.58
1.98
-1.09
-1.83
-3.08
2.54
-0.3
