-3
-1.9
3.29
-3.73
-1.92
1.44
-2.1
1.74
2.68
2.9
1.77
-1.25
2.32
0.53
0.69
3.93
3.37
-0.69
-0.63
-1.13
3.61
0.52
-3.62
1.69
-0.17
-2.57
1.22
0.46
-0.1
-3.73
-3.41
-3.64
-1.71
1.53
-2.34
-1.08
-1.96
-0.38
3.24
-0.76
3.6
-1.67
0.1
-0.88
0.28
-1.92
2.69
0.38
2.16
-1.88
3.53
-3.19
-3.17
1.89
3.08
2.95
-0.4
1.74
-2.93
-1.98
-3.38
0.21
-2.84
-0.38
0.32
-1.79
1.85
-1.9
-3.63
-3.72
-1.04
-2.2
1.84
2.49
-0.03
-1.66
-2.67
3.84
-1.24
0.33
2.72
-0.44
-2.49
-3.18
2.69
-3.17
-0.42
3.94
-0.79
-3.34
0.56
-3.07
-3.05
-2.24
0.54
2.66
3.15
-2.26
-2.4
-1.75
2.89
1.57
-0.9
-1.47
-2.92
0.8
-1.65
2.87
-3.37
2.43
-2.05
1.14
0.25
-2.75
2.96
0.28
2.12
1.98
1.78
0.44
-2.84
-2.25
