-7
2.56
1.56
-0.55
1.79
-3.28
0.59
-3.55
-1.8
-3.95
3.57
3.12
-3.65
-2.65
-1.19
-2.25
2.65
-2.6
-3.74
1.47
3.59
2.11
-3.97
-0.15
2.88
1.28
-3.69
1.92
1.97
-0.41
-2.23
-2.94
2.38
1.37
1.88
3.35
0.68
-2.94
-2.13
-3.18
-2.78
-3.72
0.25
0.93
0.56
0.4
2.47
1.56
-2.45
-2.18
-2.18
2.57
3.04
4
-3.86
0.63
2.52
-2.3
0.58
-3.49
-3.59
2.67
-1.51
2.62
2.28
2.5
-3.26
-1.02
-0.52
-0.53
1.07
1.58
3.54
3.45
0.25
3.31
-2.14
-0.89
3.3
-1.53
2.81
-1.24
0.36
0.14
-2.24
-0.79
-1.97
2.39
1.23
-2.76
-3.18
-1.02
0.48
-2.65
-3.6
-1.45
1.79
1.64
2.65
2.07
-0.35
-0.52
-1.93
2.08
0.76
0.24
3.03
3.59
-0.26
-3.16
-1.23
-0.6
-1.6
-1.9
-2.3
1.65
-1.69
2.35
0.85
-0.93
0.46
-1.64
1.76
-1.77
-1.36
-1.91
-2.9
2.18
3.04
-2.3
-2.49
0.22
0.47
-2.77
2.83
-0.67
-3.32
2.28
3.39
1.52
0.18
-1.56
-1.36
0.38
2.47
1.43
-3.43
-1.62
3.66
-1.24
-3.76
3.44
-3.22
-0.43
-2.4
-2.71
1.72
3.85
-0.56
-1.34
-0.86
-3.15
-3.45
-1.97
3.33
2.56
2.93
-2.83
-0.72
2.38
0.97
0.03
2.97
3.34
2.89
-1.99
3.72
-2.63
-0.24
1.22
-2.48
2.72
2.53
0.28
-2.54
-1.93
-0.56
-3.11
3.63
1.53
1.61
-3.16
-1.16
0.72
-1.63
-0.67
-2.11
-3.39
1.06
3.92
2.5
3.4
3.1
-2.72
1.8
0.22
-3.53
-2.56
0.68
3.59
-2.43
0.35
0.08
2.22
-2.86
0.42
-1.68
0.27
-3.43
1.26
-0.89
2.03
-2.46
1.75
-3.24
0.12
-2.82
-1.76
0.96
-0.44
-3.88
3.11
0.32
-0.15
2.72
-1.88
3.63
1.25
2.49
1.25
-2.4
-2.01
0.22
-3.96
-0.04
-2.74
0.77
0.63
-0.42
1.95
-3
1.63
-3.97
3.8
0.8
-3.53
1.86
-2.65
-3.49
-2.33
-0.96
2.23
0.49
-2.88
3.47
-1.53
-3.98
-3.77
3.51
3.02
0.8
1.08
1.79
-0.67
-0.34
-2.88
-2.19
-2.5
-2.21
3.51
3.35
0.55
2.67
3.02
-1.45
-1.5
3.07
0.53
3.05
2.25
0.26
2.28
0.73
0.81
-1.79
-0.63
1.51
-0.91
-3.43
-2.52
-2.77
0.54
1.12
0.56
-2.86
-0.07
3.84
0.71
0.14
-0.32
2.66
0.36
3.56
-2.99
-1.68
2.49
3.57
1.47
2.58
0.97
-0.6
-0.5
-2.82
-2.74
-1.24
2.53
-3.66
-3.03
-2.88
-3.71
-0.38
2.72
-3.08
-3.7
2.27
-1.19
3.44
-1.9
1.87
2.62
-1.34
-1.64
-3.62
-0.63
3.59
3.91
2.72
-0.28
-1.51
-0.28
-0.2
-3.97
0.52
-0.39
2.09
1.74
-0.65
-0.14
-2.2
-1.38
-0.41
2.87
-0.41
-0.15
-3.95
3.94
-0.57
3.26
-1.26
3.52
3.05
1.47
3.61
3.96
-1.7
-2.96
-0.89
1.82
-2.33
-1.15
3.82
0.62
2.49
1.4
0.49
-0.41
-1.8
1.31
-1.78
-3.47
3.46
-0.42
-3.71
-0.75
-0.97
-0.21
2.78
0.54
-0.69
3.65
0.47
3.47
-3.03
-1.02
0.68
2.34
-3.58
0.57
-2.7
1.04
-1.38
1.54
-1.82
2.96
-1.2
2.97
-3.62
2.19
3.36
0.46
1.74
2.13
1.03
-1.79
-3.95
-0.53
1.17
0.35
0.92
2.51
-1.74
2.58
-1.5
-1.98
2.38
-3.65
-0.36
-0.49
-3.28
2.16
-0.84
1.63
0
1.18
1.92
-2.08
-2.61
-2.66
-3.56
0.07
-0.59
-3.42
1.18
2.86
-2.09
2.35
-1.57
2.77
-1.08
-2.8
-2.84
0.08
3.65
-1.2
-1.23
0.04
-0.97
-3.85
-3.43
-1.55
-0.68
0.88
1.47
-2.8
-2.7
-3.89
-1.88
3.86
0.3
2.13
-1.93
-0.17
-0.1
-3.15
-0.91
-2.32
-2.61
-0.35
-3.89
-3.98
1.92
0.88
-3.42
3.52
1
3.09
1.98
-2.8
-1.6
-2.13
2.9
-2.76
-3.24
2
-3.25
2.54
-0.88
-0.03
1.56
-2.2
0.23
-1.42
-1.53
0.8
3.13
1.33
-3.83
2.8
3.71
-2.91
-1.36
3.38
-3.97
-3.46
0.54
2.45
0.29
1.95
0.21
-1.79
-1.87
-3.09
1.45
-1.58
3.24
-3.17
-0.93
1.91
-3.9
0.56
2.57
1.43
2.1
2.32
-0.2
-0.67
-1.6
-0.21
-3.61
3.67
2.92
3.19
-2.5
-2.69
3.23
3.52
-2.8
-3.79
-2.54
-1.7
-1.75
1.17
3.77
-0.66
3.67
-0.69
1.14
-3.96
1.57
2.3
-1.74
-1.74
2.7
-0.85
-1.47
1.22
-2.72
-2.28
0.75
-2.8
0.04
-3.5
1.56
0.54
-0.7
-1.06
3.42
0.14
-0.8
3.72
3.63
-1.15
0.45
1.8
-1.69
-2.61
1.66
-1.24
2.65
-3.52
2.2
-1.65
2.23
-1.9
1.41
0.65
-3.51
2.36
2.78
-2
2.24
3.49
-0.53
-3.75
2.27
-2.26
3.62
-0.78
-3.96
0.73
-0.1
-3
0.85
1.85
2.67
3.41
1.82
-3.11
-3.17
-2.87
3.57
2.53
-0.93
0.26
-0.99
-2.31
-1.72
-0.54
3.14
2.65
-1.55
-2.94
1.36
-2.8
-2.53
-3.86
3.39
0.19
3.54
-3.44
-2.23
-1.56
-1.28
-2.08
0.59
1.2
1.51
-3.63
-0.57
2
2.83
3.6
1.52
1.64
-1.56
3.72
0.42
3.21
1.24
0.57
3.47
0.16
0.08
-2.61
-1.73
-1.16
-0.36
-0.35
0.37
2.52
-3.98
-2.38
-2.64
-3.73
3.37
1.12
-0.19
-2.86
3.68
1.82
0.19
-2.1
-3.98
-2.87
3.82
-1.15
-0.46
3.72
2.77
-2.24
-0.27
-3.83
2.95
-1.04
-2.91
1.62
2.36
-2.68
3.65
-2.25
-2.45
-2.14
0.01
0.92
1.98
1.21
2.24
1.24
2.28
1.32
-0.09
-0.73
3.54
3.43
-3.62
1.57
0.14
-1.05
-2.43
3.43
3.3
-0.08
0.89
-1.4
-1.21
3.85
-1.33
2.41
3.19
-2.26
2.77
-1.52
-2.5
1.93
0.26
-1.67
1.9
-0.9
-0.84
-1.39
0.62
2.3
-2.56
-2.56
1.86
-3.54
-3.36
3.53
-1.43
-0.47
-2.52
-0.59
3.76
-3.78
-1.55
1.64
0.98
-2.6
-1.88
2.13
-1.47
3.83
2.06
0.54
2.55
-2.58
-2.23
-2.39
-0.84
2.06
3.67
-2.97
3.79
2.96
-1.2
-3.01
-1.52
-0.56
0.75
-1.67
3.21
-0.85
-0.17
-0.35
-3.74
-0.64
-1.28
-2.73
-0.53
2.63
1.36
0.5
-3.02
1.03
-3.92
0.79
-3.76
0.91
-1.1
0.43
2.69
3.04
0.37
0.52
-0.14
-3.55
-0.38
-3.2
1.42
-2.55
-0.85
-2.47
0.65
3.8
2.93
3.39
0
-1.6
0.28
-0.81
2.71
-3.51
2.14
0.53
-3.3
-0.83
-3.95
-1.24
2.88
2.01
-3.25
1.58
-3.46
-3.69
-0.36
-3.83
2.78
3.32
3.8
3.81
3.75
-2.08
-0.14
-1.99
-0.52
-0.18
3.85
-2.82
2.11
-3.31
-3.21
1.84
-3.37
3.72
1.73
2.2
-3.11
3.85
-0.18
-3.32
-3.6
-3.14
-2.08
3.41
-3.3
1.58
-3.01
0.33
0.16
2.76
-3.4
0.69
-1.39
0.47
-0.56
0.78
0.64
0.12
-2.95
0.88
-0.68
2.87
0.65
2.18
1.22
-1.08
0.95
-3.17
-1.41
1.44
3.28
2.94
-0.51
3.11
3.41
2.88
-4
0.45
-2.69
1.9
-1.18
-0.48
1.03
3.35
-3.92
0.1
-0.78
0.16
0.27
-3.06
-2.44
0.78
2.79
2.94
1.37
-2.47
0.21
-0.26
-1.81
1.79
-3.37
-3.84
-2.27
2.72
3.49
-2.33
-2.81
-0.49
1.06
0.56
0.78
-3.82
-1.19
-0.85
-1.95
3.81
-2.17
1.31
2.1
-2.89
3.7
-3.22
0.56
-2.35
-0.12
-1.5
-3.86
0.56
-2.26
1.88
-1.33
0.26
-1.74
-0.48
1.27
-1.34
-2.22
2.32
3.87
2.42
-1.09
3.72
3.11
3.71
0.17
-2.63
-2.04
-0.37
0.88
1.56
3.7
2.91
1.65
-2.93
2.1
3.86
-0.4
-3.92
-1.17
0.99
-2.48
0.63
-2.24
3.19
-2.11
-3.49
1.93
3.29
1.89
3.4
2.03
-0.48
1.44
3.69
2.21
3.98
-2.33
0.86
1.48
-1.5
-3.47
0.52
3.69
0.18
2.18
-0.23
2.62
-2.81
1.43
1.41
3.06
-2.31
-0.52
-1.12
0.89
2.28
1.95
3.93
1.81
-0.35
-0.55
-1.33
1.74
1.48
3.54
0.17
-2.54
1.97
-1.14
2.12
2.18
2.74
-1.4
-3.67
0.45
1.01
0.95
1.59
-2.99
2.13
-2.1
0.74
-2.14
-3.52
-3.67
0.33
-3.96
-1.44
-1.21
3.93
-1.97
-2.25
3.05
-2.17
3.05
1.87
2.78
-1.8
0.65
-2
-1.7
-3.36
2.33
3.32
3.24
-3.68
3.09
-0.86
2.43
3.89
-2.68
-3.64
2.92
3.69
-2.26
2.72
-3.19
1.26
1.15
-0.8
0.13
2.91
-0.82
-1.06
0.08
0.43
3.7
-3.24
-2.72
2.59
2.24
-1.25
-3.06
3.01
-0.18
-2.75
2.42
-1.45
-2.76
-3.99
1.24
0.9
0.13
-1.1
2.61
-2.33
-1.16
3.37
-3.91
-3.67
1.06
-2.49
1.06
-2.56
1.87
-0.61
1.47
-0.62
-0.77
-1.19
-3.38
2.32
-2.14
3.85
-2.35
2.58
3.43
3.91
-0.14
-3.52
-3.71
2.26
0.02
1.13
1.97
3.24
-1.22
-3.73
0.34
-1.59
-2.42
-3.68
-3.33
-3.06
-2.47
0.72
1.7
3.51
-2.87
-3.57
-0.22
-0.97
3.32
2.44
3.39
2.92
-0.97
0.29
-2.75
-3.98
-1.76
-1.07
-0.5
3.62
-3.97
2.8
1.5
3.93
-0.53
2.64
-3.39
1.2
3.05
-3.19
-2.78
-3.7
1.65
-3.09
2.31
0.93
-3.12
3.93
2.77
-0.57
0.7
1.27
2.94
1.58
1.75
3.05
0.2
2.5
3.03
0.31
-3.84
2.65
0.83
-2.94
-3.1
-1.26
3.23
1.77
0.03
-1.5
3.83
2.59
-0.02
2.51
1.21
3.09
-2.73
-1.88
1.98
0.32
3.14
-1.68
0.17
-3.93
-1.09
-1.23
3.86
3.92
-1.83
0.43
-1.56
-1.88
2.18
-1.26
-3.36
-1.43
-0.53
0.59
-3.99
-0.43
1.71
-0.89
-0.11
0.27
-0.39
2.12
-2.71
-3.57
-3.64
2.67
1.78
-1.92
-3.49
-1.3
1.17
1.85
-1.52
0.75
2.15
2.14
-1.12
3.32
-0.4
3.6
-3.94
1.71
-3.6
-2.76
1.87
-1.36
-0.39
0.68
-1.9
-1.6
2.62
0.03
2.44
3.9
0.47
0.8
-2.52
3.43
3.55
-0.49
2.65
-3.65
-2.4
-0.52
1.57
-1.2
-3.91
2.72
2.44
-2.12
-3.32
2.4
3.52
0.29
0.21
1.91
1.71
-3.96
-1.44
1.73
-0.95
-2.91
3.98
2.12
0.08
-2.86
3.41
-1.42
-3.72
-2.65
0.65
-0.54
3.77
-3.92
-3.05
3.71
0.1
0.93
-0.33
-0.93
-1.46
0.89
2.25
-3.78
-2.28
-3.78
0.51
-1.86
-0.31
2.56
3.09
-2.57
0.86
-2.18
-3.54
1.56
-3.62
-0.51
3.4
0.43
-0.61
1.51
2.44
1.08
1.23
1.22
2.63
3.44
-0.66
0.5
-2.2
-3.23
0.38
3.5
-0.82
2.16
-1.16
3.75
0.39
-0.14
0.63
1.27
2.89
-2.28
-1.74
-0.78
2.61
1.94
3.63
-0.6
3.33
-3.39
1.54
3.24
3.68
1.04
2.46
-2.84
-1
0.5
-2.41
1.08
2.8
3.2
0.76
2.32
1.06
1.36
2.64
-1.7
-1.29
-3.37
3.1
-0.47
3.8
2.12
2.62
0.71
-1.18
-1.99
2.62
-3.31
3.81
3.95
1.18
-2.82
-0.76
1.14
3.82
2.15
3.71
-2.32
0.75
3.9
-1.74
3.55
2.48
3.7
0.97
-0.05
2.17
-2.76
3.3
1.33
-3.32
2.69
-2.48
-2
3.45
-2.44
2.42
-2.25
2.35
-3.01
1.89
-3.1
1.28
2.85
-1.99
-0.43
-0.93
3.92
1.54
-3.51
-1.4
-2.98
-0.11
3.2
-2.74
-3.76
3.65
2.92
3.74
2.88
-0.15
1.37
-2.61
-1.52
3.26
2.49
3.67
-2.76
1.7
2.26
3.73
1.95
-0.67
-0.25
-1.99
-2.64
-1.73
3.63
1.69
-2.61
-3.13
2.25
-0.29
2.81
-1.27
3.67
-1.2
-1.68
-3.27
3.2
-2.09
3.5
-1.99
3.48
1.15
-3.49
3.52
-1.21
3.6
-0.48
-0.09
-2.17
-1.78
3.28
-3.24
0.65
1.7
-3.87
1.19
3.91
1.98
-3.99
-2.77
2.35
2
1.6
-2.35
-1.42
3.76
3.6
-0.31
1.34
-3.5
2.51
0.34
-3.77
-0.07
-0.14
2.61
-2.51
-2.15
3.48
-3.98
-1.84
1.49
3.05
0.03
0.43
2.04
2.08
-2.04
-1.34
1.13
-3.17
-2.79
-2.1
2.26
-0.33
-2.53
3.55
2.86
0.93
-0.96
4
3.83
2.57
-2.67
-0.29
-1.06
-3.47
-3.29
-2.17
-2.47
-0.3
2.06
2.5
4
3.07
-3.14
2.96
-2.44
1.23
0.55
-2.33
1.63
-2.98
-3.79
3.68
1.29
-1.56
-2.03
-3.74
-1.62
3.06
-1.37
0.92
0.44
-3.97
-1.67
2.92
1.72
-3.69
-2.51
1.51
1.36
-3.87
-2.87
-2.57
-1.22
-1.28
-2.09
3.2
-1.19
-1.48
1.99
-2.37
-3.62
-2.64
-1.63
2.81
2.36
-2.35
2.43
-3.51
2.57
-3.55
3.46
-1.53
-2.94
-2.87
-1.95
3.96
0.74
-2.06
-2.76
-2.75
-0.26
3.04
0.31
1.5
3.9
2.78
0.9
-1.44
-3.47
-1.22
1.46
3.86
-2.93
-3
0.54
-0.93
1.66
-0.47
-3.44
0.06
-2.11
-3.01
2.95
0.91
-3.33
2.67
-3.63
-2.36
-3.34
-2.05
-1.55
-3.14
-2.72
0.73
1.9
-2.66
1.06
0.87
2.91
3.58
0.76
-0.14
3.96
-0.22
-1.01
3.6
-2.6
-3.95
0.59
2.99
-1.7
-2.8
-2.62
1.18
