-2
3.25
-3.15
-3.1
0.32
-0.69
-2.06
1.9
1.88
-1.75
1.22
-3.79
1.87
2.71
-3.71
-3.05
2.55
2.95
0.86
-0.64
-3
-0.89
-3.04
3.03
2.06
-1.04
0.87
0.88
3.08
-2.47
3.26
-3.08
-1.63
-3.34
0.6
1.04
-1.39
-3.33
1.47
3.45
0.09
-1.7
-3.84
3.91
3.45
-2.74
-2.01
-1.63
1.78
-1.21
-1.09
-3.59
-3.45
-0.4
-2.87
-0.6
2.28
-2.18
-1.16
-2.64
2.45
1.07
2.82
0.35
-1.01
0.29
1.85
1.2
-1.89
-0.75
2.35
1.87
-2.52
1.41
3.28
2.7
-1.06
-2.94
3.59
0.79
-3.04
-1.5
3.11
0.29
2.62
2.85
-3.63
2.77
3.54
-2.81
2.77
-3.22
1.84
0.11
-3
3.02
-0.51
-0.18
0.91
-0.85
-0.58
0.79
-3.75
-1.48
0.45
1.05
2.94
-0.85
0.33
-1.57
-3.55
1.21
-1.76
2.06
-3.61
-0.06
1.96
-1.47
1.73
0.15
-0.08
3.08
1.67
-3.09
0.48
1.56
-3.97
1.37
0.4
-3.75
-0.79
3.13
0.16
0.44
-2.63
0.18
-1.76
0.58
3.85
-2.43
3.92
1.23
-1.56
1.1
-3.26
-2.44
2.55
3.79
-0.29
1.06
-2.94
-3.05
2.1
-3.25
3.23
0.35
3.12
3.35
2.04
2.89
1.01
-2.44
2.76
0.08
3.23
-2.67
-2.95
1.8
0.69
0.21
-2.3
-2.63
-1.32
0.15
0.24
2.7
0.63
-3.43
-3.83
-1.08
3.01
-3.75
-2.35
3.34
3.19
-1.75
-2.98
-0.6
1.21
1.02
1.07
-1.11
2.55
-3.05
0.57
2.35
2.47
2.37
1.88
3.42
-3.49
-3.26
-0.9
3.51
-0.64
3.69
2.28
-2.06
0.52
-3.47
3.72
2.55
3.18
-0.88
3.89
0.75
3.91
3.43
0.89
0.97
-3.7
1.65
-3.41
3.67
3.15
2.81
-1.17
-2.28
3.58
1.89
-3.78
2.26
-1.3
-3.25
-1.6
2.26
1.16
-1.85
-0.03
3.51
-0.02
3.08
2.89
0.67
1.3
2.53
-0.28
-0.58
-2.93
3.82
2.45
3.05
-2.52
-3.1
3.11
-1.13
-3.85
-0.57
-3.64
0.55
0.85
0.55
-1.63
2.63
-3.69
-2.55
-0.16
2.42
-3.28
-2.38
3.6
1.75
-0.55
1.38
-3.01
-2.78
2.76
-0.08
-1.64
-3.39
-0.91
3.42
-3.35
3.77
3.45
-2.83
0.78
-2.2
-2.35
3.54
2.11
-2.28
-2.21
3.43
-1.35
3.44
0.71
-3.74
0.36
-0.16
-1.32
1.31
-1.3
3.45
-3.79
-3.31
-0.4
0.1
3.91
1.88
0.11
0.23
-2.93
3.75
-2.54
1.44
-0.1
-1.4
3.18
3.14
0.68
-1.96
0.76
-2.82
-0.48
1.87
-0.04
0.02
-1.27
-2.44
0.52
2.5
3.57
2.52
1.94
1.79
0.71
-2.8
3.55
2.76
1.57
-3.33
-2.11
-0.22
-0.58
-2.13
-3.35
-1.96
1.97
1.22
-0.46
-1.89
-2.92
1.22
3.17
-3.37
-3.46
-2.49
-0.07
-1.65
0.73
3.58
-2.63
2.35
-2.64
1.62
0.66
-1.45
-2.2
-0.33
-3.28
-1.31
-0.95
-3.58
-2.44
0
-3.85
-3.02
1.76
-2.35
1.22
-2.09
2.06
1.52
2.03
-1.6
1.41
-1.66
3.36
1.3
1.25
-0.81
1.27
1.2
-1.98
2
3.3
-0.45
-1.59
1.81
1.21
2.11
-3.76
-1.71
0.49
-3.16
3.06
-3.34
-0.34
-0.84
-3.52
3.56
-0.24
-1.72
1.13
-1.18
-2.48
-0.14
-3.69
2.96
-3.8
-1.68
-0.8
0.51
2.43
1.53
1.42
1.86
2.41
-0.43
0.7
0.6
2.58
3.95
0.44
3.12
-2.33
-0.24
-2.98
1.19
-0.65
0.75
2.69
0.19
0.81
1.7
3.44
-1.01
-3.94
3.21
0.47
-0.56
-0.77
-0.54
1.61
-1.11
-1.09
-0.26
-0.13
2.96
-0.58
-2.8
-1.75
-3.92
2.46
-0.11
-3.03
-0.19
1.84
2.02
-2.86
1.77
-1.17
-0.87
-0.4
-0.54
-0.37
3.01
3.7
-3.27
2.1
-1.57
1.79
3.21
3.11
-2.74
-2.64
-0.89
-1.66
-2.45
0.2
1.94
3.9
-1.93
-2.24
-1.85
-1.51
2.61
1.74
-3.08
0.72
-0.37
1.16
-1.96
2.06
2.7
-3.4
-3.9
3.86
-1.85
3.27
-0.09
0.04
-0.87
-3.14
-3.01
-0.59
-0.95
-3.02
1.19
-1.48
1.87
-2.53
0.29
-2.19
-0.79
1.88
-3.24
-2.64
-2.55
-3.04
1.02
-2.74
2.77
0.02
-1.53
1.27
-0.26
-2.86
-3.6
-3.34
-2.74
-0.74
-3.82
-1.71
-3.71
-2.11
0.76
-2.79
-3.23
2.75
3.44
1.63
-3.46
2.41
2.85
-1.85
-3.13
-3.78
-1.16
-3.18
3.84
2.74
2.41
-2.81
-1.76
-1.36
1.28
3.12
2.39
-0.28
3.67
-2.1
-3.43
0.53
-2.75
-1.39
-2.72
-2.01
-2.48
-2.68
-2.89
3.56
-3.41
-1.3
-2.48
3.4
-3.29
-3.64
1.17
-3.69
0.4
-0.49
2.31
3.58
-3.18
-1.48
0.85
3
-3.95
1.66
0.62
1.64
-1.18
1.05
3.08
1.54
1.05
0.02
1.15
0.24
-3.13
2.88
2.71
-2.48
3.71
-3.72
2.15
-0.3
3.67
-1.16
-2.08
0.92
-2.05
2.08
3.33
0.15
-0.4
-3
-0.3
2.74
1.76
-1.72
-2.06
-0.14
0.71
-0.52
0.73
-0.46
-0.38
-0.01
-1.65
0.7
-0.79
-3.08
3.45
1.52
0.8
0.78
3.87
-3.46
0.38
-2.85
3.34
1.21
-0.27
3.7
-0.32
0.74
1.73
-1.07
-2.06
0.05
-3.69
2.42
2.49
2.59
0.93
-1.15
0.82
0.23
-0.45
-1.4
-3.93
-0.32
-3.51
1.23
-2.3
-2.97
2.64
-2.2
3.35
2.82
-2.87
-0.84
-1.65
0.61
-1.05
0.73
-3.88
1.01
3.8
3.99
1.82
-3.31
-1.95
2.3
0.38
0.8
-1.57
-3.15
-3.42
-2.05
3.97
-0.36
0.99
-2.23
-2.93
-0.35
0.72
2.51
2
-1.35
2.11
-0.08
-0.42
-0.88
-1.08
1.16
0.06
-2.12
-0.37
-3.8
-1.28
3.81
0.43
-0.43
0.79
3.38
-2.37
-1.81
-3.16
0.91
2.6
1.78
-2.79
1.4
2.85
1.49
2.18
-3.42
-0.47
3.31
-3.99
-2.39
3.01
1.14
-2.12
-2.11
1.11
2.93
-0.62
3.23
-3.27
-3.45
1.23
-3.62
3.24
-3.85
3.21
-2.58
0.98
-2.31
-1.98
-1.48
1.67
-2.91
0.06
-3.68
-1.29
2.19
0.27
1.43
2.98
-0.52
2.35
0.33
-3.81
-2.9
-3.2
3.3
-2.32
-1.1
-1.74
-1.3
2.82
-2.38
0.17
2.05
-3.45
-3.18
2.16
2.7
2.29
0.76
-0.4
-2.16
1.28
1.49
-0.05
1.92
-2.92
-2.44
3.18
2.93
-1.35
1.95
-3.76
1.26
-1.8
-3.11
-3.81
2.13
3.36
3.92
3.74
-1.92
3.43
3.32
-0.3
0.05
0.92
2.02
3.78
-2.12
-3.98
1.58
3.14
-1.78
3.88
0.51
3.05
-1.3
1.15
-1.11
2.21
-3.88
-0.28
-0.66
-3.95
-3.14
-2.63
2.92
-0.16
3.66
-3.37
-3.97
3.34
2.38
1.02
-2.48
-1.59
1.97
-2.22
3.91
-3.01
-0.94
-2.21
1.29
2.9
1.07
2.81
2.02
1.38
1.7
-2.16
1.49
-3.03
0.47
-2.3
3.62
2.36
0.08
3.27
-1.16
-1.33
2.01
-1.83
-3.89
-2.75
4
2.25
-3.24
1.2
2.36
-1.91
-2.92
-3.08
1.25
-2.11
-0.85
2.34
2.43
0.45
-1.02
-1.95
-0.64
-2.46
2.15
1.81
-0.86
3.06
-1.13
0.67
1.41
-0.84
2.33
2.7
2.95
1.23
-1.01
-3.12
-2.33
0.04
2.91
2.83
2.05
-3.19
3.02
-0.4
-3.24
0.57
-0.27
-1.43
2.56
-2.73
3.93
3.64
0.29
-3.22
3.32
0.46
0.03
-1.7
2.12
-3.07
-0.63
0.1
3.8
-0.81
-0.24
-1.62
-2.03
-3.99
2.91
-1.74
0.66
-1.61
1.55
0.15
0.01
-1.46
-1.48
-1.46
1.05
2.57
-0.67
-3.71
2.12
0.13
-0.76
2.7
-1.59
2.16
1.92
2.53
0.86
3.38
1.92
1.97
-0.55
-2.06
-2.98
-0.17
3.85
2.38
-1.41
-0.29
-0.33
0.3
0.62
1.53
-1.91
-3.87
0.77
0.77
-2.06
-2.51
1.26
3.55
1.61
-0.92
1.98
-0.33
3.96
1.07
3.98
-0.19
-1.91
-3.63
1.41
1.29
0.47
3.58
-3.31
-1.94
-2.48
2.7
-1.3
2.68
-0.03
3.63
0.63
-2.18
3.52
1.71
0.6
-1.72
-2.61
-2.85
0.59
-0.64
-1.88
2.38
-3.65
-3.63
-0.03
1.36
-0.13
-1.23
2.41
2.78
-2.39
-0.71
2.89
3.34
-2.95
-1.49
3.44
-1.29
-0.76
-0.76
2.8
2.59
-0.42
1.99
2.45
0.16
0.15
-1.75
-3.54
1.69
-1.58
-3.06
-0.21
-1.96
-0.84
2.1
3.23
-3.69
2.1
0.17
-1.17
3.93
-3.74
1.19
2.01
-2.66
-1.07
-3.83
0.65
-1.92
-1.16
2.69
1.91
-2.66
0.56
-0.46
-1.2
-1.63
-2.07
3.81
-2.8
-2.38
-1.69
-3.29
0.36
-3.34
3.5
0.85
0.17
-1.04
-0.71
3.12
0.61
3.08
-3.59
2.88
2.32
2.39
3.98
1.11
-2.78
-0.02
1.6
2.38
-1.15
-0.26
-0.96
-1.56
1.48
3.63
-0.7
0.85
2.39
2.29
-1.03
-2.79
1.62
3.56
-3.17
1.34
-2.16
2.09
0.01
-2.31
2.8
-0.28
-1.93
2.83
-3.07
1.69
1.22
0.41
-1.61
0.82
2.58
1.22
0.02
-0.07
1.86
-3.39
1.63
1.05
3.37
0.54
3.66
2.44
-3.27
2.32
0.11
3.21
-2.75
2.76
1.55
-1.37
-0.73
-0.86
3.97
-0.09
3.59
3.13
-2.33
0.21
-2.49
3.8
-1.6
2.89
-1.54
-2.43
3.71
1.75
1.19
-2.32
-2.31
-3.78
3.72
0.79
2.72
3.47
-1.97
-3.65
-1.01
-0.24
-1.28
-2.28
0.43
2.47
2.86
3.77
-2.45
-0.56
1.26
-3.9
0.35
2.74
2.95
-2.59
-0.47
3.58
-1.87
-3.23
-0.02
3.17
2.61
2.36
-1.99
3.58
1.06
1.33
-1.09
2.48
0.42
-3.51
-2.12
3.23
0.13
1.92
-2.51
3.8
-0.64
-0.06
-3.98
-1.31
-3.99
0.27
-3.51
1.09
1.34
-1.04
-2.73
2.31
-2.75
3.15
1.33
-2.74
0.38
-0.17
1.15
0.36
3.72
0.86
-2.6
-2.47
0.85
-0.92
3.02
0.76
2.23
1.12
-1.4
-2.97
3.93
-0.26
0.22
2.2
-3.26
-2.72
3.15
-1.66
1.87
0.92
-1.77
-1.9
0.05
0.61
1.22
1.28
-0.83
-3.39
-1.15
-3.7
-3.24
1.13
-3.93
2.5
-1.47
2.5
1.85
0.93
1.26
-0.26
2.87
-3.78
-3.64
-3.76
2.39
1.52
-1.07
3.14
-3.48
-0.91
0.68
-1.19
2.5
-1.21
-1.37
3.31
1.48
-3.77
1.86
-2.26
-2.41
1.61
-1.74
-1.7
-3.74
-1.21
-0.34
1.72
-0.34
-1.76
-0.57
-1.79
1.08
-1.87
2.06
-2
-2.26
-0.2
2.22
3.71
-1.66
0.03
-3.91
3.77
-0.38
1.96
2.63
1.29
-0.14
-0.77
-2.98
1.61
3.08
-0.49
-1.85
-2.75
1.96
2.06
3.99
-0.41
-2.15
1.21
-0.53
2.28
3.66
-1.53
1.73
0.37
0.73
-3.38
1.57
-2.33
-1.99
2.16
3.4
1.56
1.52
-1.5
2.69
-1.7
0.16
2.38
-2.14
-3.57
-2.78
1.82
-0.86
-2.43
3.99
0.81
0.05
-0.32
-0.18
-1.37
1.86
1.14
-3.44
-2.19
-3.9
-2.86
-3.77
-1.74
-3.44
-0.77
1.67
3.35
-0.4
-3.08
0.12
0.59
-0.27
-0.55
3.38
1.68
3.43
-0.52
-0.65
-0.96
1.05
-2.17
3.33
0.16
0.39
3.92
0.58
-2.12
1.86
3.39
-3.7
-1.74
1
-0.3
-1.6
1.54
-1.93
-2.1
1.82
2.63
-1.24
-2.12
-1.78
-1.78
1.46
-0.61
-2.93
-3.4
0.3
2.15
-0.8
-1.63
-2.21
1.52
0.77
2.28
-2.18
0.08
1.88
-3.36
2.66
-0.22
-2.51
0.21
-3.39
-2.14
3.6
-3.97
-2.95
-2.16
-0.4
1.53
1.67
0.72
-3.73
-0.83
3.61
1.11
2.7
-3.01
2.84
-0.02
1.59
3.72
0.19
1.93
-3.54
3.48
2.94
0.12
-0.29
2
0.03
1.17
3.97
2.99
-3.62
2.02
-2.4
-0.4
-0.21
-2.96
3.55
-1.55
-1.46
1.68
0.71
1.07
1.24
-2.41
2.67
0.71
1.38
0.88
-2.2
-1.32
2.2
-2.22
-3.98
-1.31
-2.61
-3.89
-2.91
0.93
2.13
1.6
-2.5
-3.51
0.76
-2.71
-1.22
-2.41
-0.5
-0.9
1.2
1.79
0.43
-0.87
1.17
2.51
-2.79
-0.6
-1.77
1.35
1.46
3.01
-3.38
3.15
-0.64
1.28
-3.21
2.61
2
2.92
-1.8
-0.32
3.96
-1.39
0.32
0.94
0.18
0.22
-3.7
-0.05
2.81
1.08
-2.79
-1.73
3.68
0.01
2.26
-0.94
0.61
-2.49
-2.52
2
1.88
-0.25
3.48
3.13
0.98
-1.65
1.13
3.49
-3.5
0.18
-0.4
0.59
-3.1
-2.48
1.84
-2.19
2.82
-3.78
-1.67
1
-0.91
2.29
2.54
-3.62
1.79
2.36
3.48
3.35
3.03
1.73
-2.01
0.48
1.43
0.21
1.8
0.2
-0.86
1.2
3.97
-2.18
3.09
-3.18
-0.56
-1.37
-2.52
0.62
-2.63
2.16
2.18
0.44
0.25
0.38
3.18
0.49
-1.1
3.6
1.22
3.1
-2.67
2.62
-1.12
1.78
-3.55
-1.23
-1.82
3.12
3.16
0.69
-0.27
-2.37
2.67
-2.39
-3.74
-3.5
1.91
-1.74
-1.15
-0.1
2.9
-2.83
0.99
-2.68
-2.83
-1.42
-2.52
1.61
1.31
-3.06
-2.69
2.21
2.99
0.05
-0.14
-2.66
2.95
-2.7
-3.64
-3.34
-3.55
-1.63
1.46
0.68
-1.58
0.54
1.77
-1.37
0.12
2.67
2.58
-3.37
0.74
-2.69
-3.81
-3.84
-2.37
-2.45
0.61
1.88
-2.72
0.57
-2.2
2.21
-0.62
1.52
-1.35
-1.38
