0
-1.26
-3.91
3.4
0.82
-2.77
2.4
-0.75
-2.11
2.59
-3.68
0.59
2.57
0.34
-0.89
-0.8
2.02
-3.21
0.62
-3.02
3.3
2.03
-2.96
-0.84
-2.09
-2.92
1.27
-3.69
1.05
-2.32
3.65
-2.75
3.48
0.1
1.38
-0.85
-2.76
1.66
-3.96
1.68
-2.83
-2.5
-2.03
-2.63
-0.54
2.41
-2.98
1.06
0.95
-2.61
-3.04
-2.5
0.58
-3.61
1.89
-2.67
-2.3
0.94
1.49
-0.26
-0.03
2.09
2.2
-3.79
2.94
3.08
1.11
-1.54
2.97
3.96
-2.05
-3.64
-3.26
2.95
3.81
1.79
0.06
3.68
3.71
-0.49
-3.95
-3.8
-0.63
-0.34
-3.29
2.15
0.67
3.08
2.22
0.04
-2.55
0.31
-3.83
0.3
-2.29
-0.91
-0.69
-2.25
-1.57
0.39
-2.71
2.56
2.09
0.99
3.45
-3.4
-3.25
1.64
-3.41
-3.91
1.28
-1.98
1.23
-2.03
-0.31
-0.24
-1.29
-1.46
3.5
-3.21
-1.6
2.03
0.25
-1.07
2.5
1.64
-3.81
0.45
1.23
0.72
-1.52
-1.7
1.24
-0.69
-1.78
-2.51
-1.89
2.38
0.21
-3.9
1.39
3.04
2.49
2.13
2.76
3.44
3.09
2.2
-3.39
1.95
-3.62
-3.23
-1.74
-2.37
-2.02
-0.74
-1.69
-0.84
2.49
-2.19
-3.59
0.31
-3.6
-0.12
1.61
-1.02
0.78
-2.09
3.75
-1.81
-2.36
0.33
2.33
3.39
-0.6
-0.63
3.55
2.12
0.17
3.07
2.56
-2.01
-0.17
3.28
0.33
-2.29
-3.97
-0.4
-2.67
2.97
3.19
2.95
3.89
-1.6
3.7
-2.93
2.63
-1.39
-3.49
-0.22
-1.35
1.17
2.45
2.42
0.3
0.05
-1.55
-1.13
2.24
2.62
-0.29
0.2
3
3.43
-0.74
2.43
-3.52
-2.88
3.55
-0.1
-1.06
-2.82
-3.42
-3.22
-0.99
-1.3
0.44
-0.08
3.7
-1.68
0.74
0.93
1.6
-3.62
0.42
-2.61
-0.46
1.42
-1.02
-3.72
3.27
1.17
1.37
-1.29
-0.75
-1.02
3.96
-3.54
3.15
-2.74
-3.41
1.5
-0.93
0.61
-3.16
-2.53
0.58
1.67
-0.6
-2.4
3.61
2.53
-0.82
-0.09
-2.13
2.79
2.6
2.61
-1
-2.14
-1.12
-0.93
2.15
3.26
0.64
1.78
-0.19
1.88
1.53
-3.98
-1.26
-0.02
0.77
2.43
-2.27
3.25
-2.14
-3.02
3.55
-1.05
0.81
1.88
-1.99
-2.63
-3.33
-3.27
-2.01
-2.54
-3.17
0.47
0.39
-2.66
1.46
1.28
2.39
1.53
3.35
-0.19
3.98
-0.94
1.66
2.71
-3.87
-0.62
2.87
-0.37
-2.25
0.75
-1.82
-1.37
0.93
1.61
3.07
-3.95
1.06
1.01
-2.95
0.78
2.59
-0.09
-0.21
-1.66
1.04
-2.94
-0.36
-2.6
2.52
3.5
-3.96
0.2
3.9
2.05
-2.99
0.48
1.29
2.11
1.74
2.64
-1.49
1.04
2.98
1.24
3.29
2.21
3.54
2.79
-1.73
1.4
-3.78
-2.63
0.47
-1.43
1.23
0.06
3.28
-0.69
-2.33
3.07
3.74
1.46
1.12
-1.74
0.7
1.98
-1.26
2.88
0.59
-1.41
-1.23
2.95
3.27
-1.58
-1.73
-2.46
0.93
2.55
-0.94
2.84
-2.48
0.86
3.13
-2.89
3.27
2.67
3.73
1.32
-3.18
0.95
1.2
-2.03
0.44
2.68
2.9
1.05
3.93
0.72
-3.46
-2.7
-0.54
-3.34
-1.81
3.69
-1.37
-2.73
-1.89
-1.95
-3.7
-0.32
3.14
-3.27
-3.75
-1.16
1.54
-1.12
2.34
0
-1.01
2.03
2.26
1.43
2.06
3.64
1.39
-3.21
-1.49
-3.41
-0.47
1.22
-2.39
-3.79
2.01
-2.24
-0.63
-3.14
-1.34
3.45
2.49
2
0.56
1.68
1.02
1.14
1.82
0.46
-2.28
-2.4
-2.87
0.01
2.72
-0.07
-2.28
-1.49
-0.95
2.04
-1.4
-1.44
-1.71
-2.17
2.76
-2.49
2.52
-0.92
-1.94
2.93
-1.27
2.5
3.47
0.68
-3.78
2.9
1.52
1
-2.53
-3.43
-3.59
-3.08
-2.18
-3.08
3.08
-3.09
3.47
3.52
2.51
1.69
2.5
-0.51
2.71
1.34
2.27
-3.9
1.15
0.65
3.24
-0.96
3.17
-2.07
-0.93
2.9
-2.27
-0.77
-1.87
0.46
-0.21
3.83
2.41
0.72
-2.97
-1.53
1.63
-2.32
-3.26
-2.63
-1.24
1.85
-1.95
3
0.58
0.38
-3.57
3.24
3.79
-1.87
2.41
-3.89
-2.26
-3.14
1.77
2.43
-2.59
2.48
1.86
-1.08
3.2
-0.15
2.78
-0.99
-0.27
2.68
3.28
-2.23
-1.54
0.24
3.72
0.58
3.37
-0.22
-2.11
-2.61
-3.01
-3.84
1.35
2.7
2.47
-1.51
-0.55
-4
2.05
-0.33
2.08
1.55
2.96
-1.39
-2.95
3.15
-0.17
1.82
-1.83
2.91
3.07
3.05
-0.73
1.9
1.1
2.66
0.78
-0.46
-1.58
-2.17
-3.25
1.97
2.98
0.37
1.43
-2.75
-2.87
3.17
0.46
0.71
-3.6
2.78
0.96
-3.95
-3.4
-2.27
-1.19
3.85
-0.82
-3.44
-3.25
-2.46
-2.4
-1.02
-1.68
-2.05
0.9
3.45
-2.41
3.81
1.71
3.91
1.59
0.22
-1.08
-3.89
2.58
-1.42
1.18
3.81
2.02
0.66
-2.65
1.47
2.51
-3.71
-1.92
-0.79
1.3
-0.64
-0.16
0.94
-3.65
-2.15
-2.93
3.21
0.36
-0.01
-1.96
-0.52
0.35
-2.32
1.57
0.66
3
-3.51
-2.82
-3.26
1.14
-3.51
-0.84
-3.78
-1.34
-0.62
-1.45
0.1
-3.82
0.14
0.47
-1.97
3.88
-2.31
-1.86
2.24
-0.04
-3.23
3.55
-0.27
-0.85
-0.29
-0.25
-1.42
-3.46
-2.3
-0.55
0.33
3.1
0.7
2.47
2.01
3.11
-2.67
2.07
0.81
-3.8
-0.38
-1.73
0.98
3.3
0.98
3.03
-3.78
3.52
-4
-0.39
-1.34
3.54
3.34
-3.31
2.23
-3.05
1.45
1.6
-2.57
0.74
-3.43
3.69
-3.04
3.94
2.23
1
-0.52
1.68
2.46
-1.07
2.54
-0.38
1.34
2.03
-3.66
2.51
-1.43
0.44
2.18
0.69
-0.48
-0.94
-3.47
2.1
-3.22
0.79
3.77
0.01
-3.76
1.06
-2.35
-0.26
0.64
-3.94
3.64
-0.07
-2.7
1.05
-2.93
3.98
-0.46
-1.45
-2.94
1.08
1.08
3.05
-1.8
-2.7
-3.65
3.73
2.39
-2.99
3.43
0.75
-2.79
1.51
3.16
-1.13
3.15
-2.57
1.24
3.48
1.43
-2.6
-2.72
-1.21
2.98
1.27
2.4
0.42
1.2
1.52
-0.64
2.2
-2.86
-3.03
-2
-0.55
-2.98
-2.26
-1.41
2.46
-0.34
-3.48
2.67
-3.37
0.32
3.9
2.85
-1.88
0.77
2.44
1.9
3.65
-1.26
0.06
1.12
3.66
-0.2
-1.72
-3.94
0.93
-1.09
-0.06
-1.48
-3.14
1.66
-2.78
-0.4
-3.76
-0.5
-0.3
-2.15
1.41
2.85
2.78
-0.18
0.91
-1.27
-3.36
2.48
3.08
2.43
0.27
3.65
2.77
3.62
-0.28
-0.54
1.09
-0.14
-1.65
3.66
2.74
-2.33
1.66
-0.46
3.73
2
1.81
-1.02
-0.91
0.3
2.61
2.63
-2.94
0.58
-3.51
-3.21
-0.04
-3.76
-3.8
0.92
-0.85
-0.2
-3.01
2.51
2.65
0.29
-0.25
-2.76
-2.07
1.77
2.51
0.38
-2.85
0.05
-0.89
-0.27
-2.82
-0.76
0.1
2.91
0.93
1.67
-0.61
-1.22
3.82
1.65
2.58
-1.82
3.13
-1.08
3.5
0.84
-0.35
1.43
0.51
-1.06
-3.32
3.15
0.89
-0.57
-1.76
0.56
-2.96
1.32
1.79
-1.78
1.47
1.02
-2.53
0.76
3.62
-3.28
0.15
-2.71
4
1.48
-3.6
2.21
2.7
-3
1.72
-2.43
-1.88
3.02
2.27
-2.33
-3.28
-0.27
3.54
-3.84
-0.95
-1.97
2.35
-3.34
0.67
-3.64
0.63
2.07
0.99
1.59
-3.83
-2.45
-3.29
-1.64
-0.69
2.78
-3.31
-1.64
1.43
3.03
-1.47
-1.53
-3.55
-0.11
1.72
-3.33
-1.56
-1.97
3.06
0.12
-2.5
-2.26
1.48
-2.7
-2.3
1.58
-1.63
-0.52
0.63
3.64
-3.15
-1.66
-2.79
-2.9
-3.17
0.16
-3.15
3.76
-0.3
3.5
-3.03
2.37
2.3
-3.49
1.63
-3.42
-2.42
-1.54
-1.05
-0.01
1.93
-1.41
3.02
-3.13
0.09
2.43
0.07
3.42
-3.35
1.73
0.4
1.22
1.73
1.8
2.17
-3.81
-2.75
3.36
-0.94
-2.44
3.83
-1.32
2.33
3.56
-0.86
-0.87
-0.55
0.97
-0.33
-2.88
0
3.92
-3.48
-3.36
-2.3
2.27
-0.68
-3.66
1.01
-1.6
-3.92
-2.56
3.11
1.98
-0.91
-0.24
-3.36
-3.51
-1.65
1.43
3.34
-1.78
3.41
-2.61
0.17
-0.75
0.27
3.46
1.73
-3.04
-1.02
3.11
-0.26
3.54
-2.27
0.48
0.69
1.09
0.1
3.91
0.88
-3.1
-1.66
-3.35
-2.52
2.38
-0.42
-3.65
0.47
3.39
-1.51
-1.05
-1.38
2.24
-2.21
-2.23
-3.49
3.14
0.47
2.46
-2.01
-0.13
-1.39
0.05
3.43
-3.03
1.71
3.57
0.24
2.61
3.08
-0.45
0.4
-1.56
-3.45
2.43
3.89
2.75
3.92
1.79
3.67
-0.08
-1.01
2.35
2.47
-3.97
0.49
1.5
1.75
3.96
-0.03
1.55
-3.39
1.64
1.91
-3
2.3
2.29
-2.77
-3.5
-3.33
0.01
0.11
1.86
-3.7
2.94
2.55
-3.83
1.68
-0.63
-2.11
-2.24
3.23
2.69
2.79
2.08
-3.12
0.26
1.58
3.39
0.48
-3.8
-2.18
0.28
-1.36
-2.48
-1.06
2.77
0.54
3.56
-3.88
-2.41
1.52
3.41
1.11
-0.34
3.81
1.13
2.04
3.54
-2.51
0.32
3.82
-1.63
2.07
-1.8
2.32
-2.07
2.86
3.84
-3.88
-1.97
-3.3
-2.16
0.02
-3.53
-1.82
3.83
-0.79
2.79
0
3.78
-0.36
2.13
-0.76
-3.71
0.25
3.83
-2.43
-0.87
2.27
-0.25
2.22
2.05
1.9
-3.84
-3.62
3.45
2.22
-3.56
-0.8
-3
3.91
0.7
3.43
2.1
-3.12
-0.33
-0.62
0.64
-2.53
3.98
-2.09
3.26
-0.47
-2.29
-3.32
-2.31
3.14
1.77
1.95
2.5
-3.65
-0.27
-2.43
0.38
-0.19
-1.34
-0.05
-0.14
-3.92
-1.26
-2.39
-1.23
-0.42
-1.01
3.88
2.94
2.7
1.14
3.42
-3.43
0.45
0.94
-2.35
2.29
-2.17
2.97
-1.48
0.19
3.48
2.7
-3.69
-3.56
-1.5
0.71
-3.35
0.18
-0.87
-0.95
-1.72
2.23
3.73
3.52
0.55
2.74
2.37
3.15
-0.32
-3.47
-2.16
-2.26
-1.01
-2.01
2.36
1.37
-1.95
-0.59
-1.93
-0.72
-1.46
0.85
-3.86
3.77
0.39
-2.62
-1.58
-2.83
-3.73
2.87
-1.67
-0.31
-0.19
-0.35
-1.15
-2.82
-3.15
0.93
-3.62
-1.08
3.93
-1.31
-0.71
-2.02
-1.66
1.74
-0.29
2.32
-1.92
1.13
-1.34
1.25
-1.89
3.86
-3.49
1.44
2.09
3.97
-0.87
-0.83
0.31
1.19
2.88
0.81
2.2
2.16
1.94
3.34
3.14
1.17
0.52
1.12
-0.97
3.16
-0.65
3.86
-2.44
2.16
1.42
2.65
1.68
0.11
3.09
-0.86
0.2
1.09
-2.43
-0.04
-0.86
1.42
-0.9
-3.12
-2.2
1.22
2.61
-1.26
-0.19
2.48
-0.22
0.19
3.81
0.37
3.18
0.91
-3.4
1.55
-1.78
-1.05
0.5
-3.35
-0.12
3.93
-1.45
0.48
1.5
-3.8
2.11
-0.27
-3.4
-2.89
0.58
-2.03
0.2
-2.28
-1.93
-0.37
-0.68
1.81
-3.46
-3.39
0.04
-0.92
-1.62
-2.78
2.85
-2.7
0.94
-1.83
-1.46
2.66
-1.13
2.63
3.46
-1.52
-2.47
-0.82
2.34
1.32
3.73
2.41
0.63
-3.92
1.87
-1.33
3.62
1.83
-3.83
1.45
-1.16
0.98
-1.78
0.41
-1.6
-0.11
0.62
-3.21
1.54
-2.67
1.64
0.2
-0.73
-0.06
-2.81
-2.06
2.24
1.95
-1.48
-2.28
-3.81
2.9
1.3
2.01
2.09
-1.86
-0.02
-0.04
1.22
3.72
-2.4
-2.98
-2.88
3.49
3.33
1.57
0.44
2.47
0.22
-0.44
1.86
-3.27
1.64
1.01
3.69
-0.48
-0.86
-3.32
2.89
-0.08
0.44
-2.33
-0.69
2.45
1.26
-0.05
3.68
0.22
2.32
-3.74
3.91
-3.35
-0.42
1.83
3.74
0.61
-0.93
-0.22
0.61
-0.37
1.51
3.77
-2.27
2.96
-0.14
3.46
-2.75
-3.71
2.32
-1.44
3
-0.71
1.08
-2.71
-0.73
3.94
1.71
-1.32
-1.77
-0.62
1.89
-3.79
-3.85
-0.05
-0.34
1.21
1.15
3.81
1.28
-0.93
-3.55
3.36
0.08
-0.74
2.42
0.67
3.94
0.35
-1.41
1.8
-1.31
3.39
1.9
-0.25
-2.74
0.61
-0.42
-1.71
-1.45
3.8
2.91
-3.61
-2.45
-2.78
1.74
1.29
3.62
1.79
-0.7
2.66
-1.69
-2.56
-0.98
-0.75
-1.9
3.64
3.22
-2.19
-1.13
2.61
4
-2.65
-3.91
0.44
-3.32
2.51
-1.69
0.4
-1.32
3.05
-2.38
-1.15
1.26
1.48
0.17
-3.94
1.81
-1.15
1.52
-2.88
1.06
-1.85
-2.95
-0.07
-0.51
-2.75
0.37
-1.35
-2.36
-2.38
1.4
-2.24
3.43
-0.05
3.8
1.55
-3.71
1.12
-3.46
3.24
-1.02
-0.79
-0.9
0.25
1.03
3.46
0.19
1.55
3.08
-1.96
-2.17
0.36
0.3
-2.25
-2.46
1.85
-3.7
0.16
-3.05
3.44
-1.86
3.67
-1.25
-2.94
-2.35
3.87
-0.57
-2.7
1.68
2.62
3.77
-3.31
-1.69
2.28
2.15
-2.16
3.05
0.8
2.91
0.03
1.06
2.82
-0.43
3.61
3.8
-2.97
1.46
1.67
-1.59
-2.05
1.25
0.14
0.16
-2.9
1.1
-0.68
-3.55
-1.96
-1.4
1.17
0.02
-1.11
3.87
-3.55
-1.73
-2.87
-1.95
2.03
-0.39
3.7
2.81
-0.5
1.26
0.92
-1.63
-0.68
0.09
-0.85
