-10
-2.47
-3.46
-3.97
3.16
-1.66
-0.12
-3.14
2.29
-1.57
-0.29
3.09
3.62
-3.73
-1.47
3.66
-3.94
-2.34
3.51
3.96
-2.52
-0.73
1.27
-0.47
3.9
-2.31
-0.75
-2.53
-0.85
-1.74
-0.72
-1.87
-3.27
-1.13
3.18
-3.32
-1.81
2.96
-2.03
1.74
-0.57
-1.39
3.83
-2.84
-2.02
-1.71
0.59
0.81
1.61
2.66
-0.97
-1.27
-2.49
1.84
-0.34
0.93
0.26
1.02
-3.86
1.46
3.1
-1.59
1.71
0.02
3.15
-2.42
2.36
0.74
-2.91
-2.15
1.46
-2.9
3.69
-2.24
0.52
2.87
-0.55
0.11
-2.46
1.6
1.11
2.44
-0.14
0.5
3.24
-3.45
-3.39
-1.11
3.22
-1.76
0.42
1.18
2.82
0.52
2.65
-2.98
0.9
-0.19
-1.99
-3.6
-0.06
3.86
-0.28
-0.24
-2.81
-2.07
-0.96
3.76
-2.69
0.8
-2.52
-3.85
-0.53
-1.45
-3.65
-3.35
2.55
-2.79
0.79
2.6
-3.04
-0.54
1.53
2.85
1.43
-3.72
-1.72
-0.83
-0.89
-0.5
-2.04
3.65
-1.9
-2.86
-2.35
1.26
-1.28
-3.9
-0.69
1.3
1.52
-3.14
-2.43
-1.59
-3.24
0.26
-2.29
0.27
0.17
2
-1.53
-0.31
3.02
-0.58
3.44
-3.53
-1.68
0.87
2.33
-3.1
3.65
3.87
0.64
1.82
-1.17
-2.16
2.06
-1.67
-3.11
-0.91
1.93
2.44
1.9
3.49
-2.93
-3.9
-2.12
-0.89
2.08
-2.84
2.58
2.01
3.01
1.12
-2.98
2.27
-3.38
2.68
-2.3
-2.82
-1.07
1.86
-2.22
-1.6
1.66
1.65
0.23
-0.24
3.59
2.93
2.21
3.38
-0.62
-2.93
-3.94
0.03
1.8
3.54
-1.66
3.34
2.59
3.22
2.79
1.16
-1.67
-2.36
-3.14
3.52
0.79
0.56
-2.79
3.38
-3.38
3.71
-3.84
-3.93
0.66
-0.5
-2.17
-0.58
-0.13
2.13
-0.47
3.16
-1.04
3.2
-1.38
1.93
1.05
0.99
-3.53
-2.92
0.34
-1.64
-1.41
-0.29
3.07
0.62
-3.93
0.01
0.78
0.71
2.97
-0.98
1.71
2.84
2.75
-0.33
-3.09
4
3.38
-1.7
1.71
2.92
-0.53
-3.54
-0.31
3.64
-1.8
-0.87
3.02
-1.06
-1.53
3.81
0.08
-3.87
-0.96
2.27
1.12
0.45
-2.99
-3.97
-0.58
1.82
2.65
3.17
3.16
-3.5
-2.55
0.13
-3.56
2.96
1.02
1.05
1.62
2.18
-0.62
1.42
2.9
-1.87
-3.98
3.43
-1.58
0.94
1
-2.16
-1.76
3.17
2.95
1.57
-0.21
-3.52
2.56
0.46
2.99
3.34
2.88
3.89
-3.73
0.3
-2.7
-0.82
2.18
2.08
-1.32
-3.95
1.92
1.42
-1.82
1.9
0.76
1.62
3.38
-1.02
0.43
-2.42
1.62
2.48
-3.18
0.8
0.93
4
-2.44
-0.12
-3.67
3.97
-3.6
-3.45
2.07
2.28
3.31
-0.51
1.14
-1.41
-3.17
0.84
-2.75
0.34
-1.74
0.94
-0.08
0.82
0.98
-2.96
-3.19
2.17
-2.9
-0.43
-3.97
1.41
-2.28
-3.61
3.07
-0.52
3.38
-2.7
-2.38
-1.7
1.74
-1.29
3.66
1.37
3.36
-0.09
2.6
-2.73
-3.52
0.79
-1.86
3.59
-3.68
-2.73
0.22
-0.11
-3.13
-3.9
-0.99
-3.48
-0.94
-1.84
2.87
0.83
-3.48
-3.34
0.55
2.91
0.42
-2.34
-0.79
3.54
-0.79
2.96
2.6
3.55
1.28
2.56
1.47
-2.93
-1.56
3.55
1.69
0.32
-2.57
-3.56
1.08
-3.55
0.17
-0.83
-1.4
3.28
2.29
-2.9
3.24
-0.42
-0.15
-1.17
0.84
2.7
3.36
3.69
0.85
2.82
-2.43
-1.39
0.37
-2.63
-1.33
0.67
2.62
-1.68
-1.36
-2.06
2.08
-0.48
0.48
-1.46
-0.6
-3.92
-0.42
0.1
-1.27
-2.76
3.07
-0.06
-2.76
-1.89
3.72
-0.98
-0.31
-1.56
-2.28
2.78
-2.29
-1.24
-1.31
2.88
-1.26
2.82
0.07
-0.3
1.78
3.51
0.56
-3.73
0.64
0.35
-0.97
-0.29
3.11
-2.69
3.44
0.76
-0.89
-0.74
0.95
-0.4
3.75
1.64
-2.63
-1.74
-2.35
3.65
-3.03
0.17
-3.4
-0.14
-3.77
-0.69
-3.18
1.61
3.8
0.58
0.01
3.89
2.32
-0.77
0.69
2.79
3.3
0.89
3.08
0.01
-0.08
-1.62
-0.99
0.96
-0.34
2.46
1.81
3.09
3.13
1.11
1.44
-2.2
-1.96
2.13
2.53
-3.61
3.68
-3.23
0.12
3.72
-1.11
-2.51
-2.49
-1.15
-3.26
-0.77
0.94
-2.29
2.92
-3.04
2.34
0.49
-0.81
1.65
-0.27
2.6
-2.84
-0.36
-3.8
-2.22
1.51
-2.27
2.48
-1.31
3.14
-1.8
1.84
-3.81
0.71
0.3
3.12
2.53
-3.23
3.37
-2.88
-1.58
-3.13
-3.85
0.21
-3.57
-2.49
0.1
-3.83
2.17
2.77
-3.05
2.62
0.39
-1.6
3.93
3.24
0.03
-3.43
-1.66
-1.79
-2.85
-0.98
2.83
-0.29
2.55
1.39
0.75
1
-1.38
-2.16
3.82
-0.29
-0.18
0.53
-2.7
1.73
-3
3.43
3.77
-3.74
-2.6
-2.44
-3.69
-0.08
2.19
-0.41
-2.56
1.79
0.78
1.06
-0.92
1.96
2.44
1.15
3.97
3.41
-1.96
0.45
1.67
-0.96
0.77
3.1
1.55
0.32
2.96
1.24
-1.21
3.87
-2.91
-1.8
2.23
0.61
-3.2
-1.93
-3.2
3.59
-1.3
-1.09
1.53
-1.04
-0.05
2.97
-3.78
1.56
2.77
-2.15
1.28
2.68
0.57
-2.1
-0.32
0.55
-2.25
0.73
-0.5
-1.69
0.01
0
0.96
-3.06
-3.21
-2.42
0.69
-1.42
2.83
2.48
1.15
0.36
0.34
-3.63
0.71
3.14
2.92
-1.29
3.09
1.8
2.88
3.99
1.55
1.1
3.97
0.12
-0.7
3.2
2.53
-2.32
-1.15
0.08
2.58
2.5
-0.43
2.7
1.95
0.58
-1.84
-1.63
-1.73
1.65
2.73
-3.71
0.71
-3.08
-1.67
0.19
1.19
0.55
1.64
3.05
1.64
1.7
-0.56
0.03
2.45
3.87
-3.02
0.67
2.29
1.49
0.05
1.15
-0.37
-2.94
1.79
1.85
0.8
2.01
-2.82
-1.67
-3.46
0.72
-0.47
-2.77
-2.75
1.26
-3.61
3.04
-2.21
3.11
-1.99
-2.03
0.05
-0.2
2.45
-3.13
-0.95
3.55
-3.76
2.09
-0.4
1.49
0.09
0.78
-2.41
-2.42
0.67
-0.36
-0.87
0.48
3.39
3.19
-0.64
-0.7
2.5
-3.09
-1.83
-1.79
-1.23
-2.81
3.48
-2.06
-1.12
3.18
-0.52
-1.92
-2.9
3.83
-1.38
0.91
-1.21
1.26
1.76
-0.9
2.74
-0.94
-3.37
2.75
3.65
3.68
-3.41
0.75
-0.1
1.31
3.73
-1.17
2.61
-3.26
1.31
1.54
2.71
-3.16
0.78
3.06
2.61
-2.34
-1.39
0.91
-2.7
3.51
-3.53
0.84
-2.98
2.22
-2.32
-1.88
-2.58
-3.74
0.57
-0.56
-3.73
-0.58
-1.43
-0.91
-3.41
-1.28
2.04
1.58
3.45
-3.35
-0.52
-3.65
-1.49
1.08
2.21
-2.05
-3.52
2.71
0.49
1.07
-3.56
-0.28
1.44
-3.87
3.21
-0.25
-0.28
1.68
-0.38
1.6
-2.6
2.35
0.18
-2.13
1.26
-0.72
2.28
-2.32
2.46
-0.11
-0.38
1.04
1.47
-3.35
0.03
-3.89
-1.67
-0.06
-3.99
3.74
-2.36
-1.28
-0.23
3.5
-1.01
0.55
1.98
-1.57
-0.12
0.85
3.01
-3.65
-2.05
-2.16
3.25
1.14
0.18
-3.36
3.83
-1.08
-0.33
2.8
-3.76
-3.4
-2.55
-0.59
2.26
0.79
0.11
3.1
-2.58
3.79
1.67
-0.11
-0.05
2.69
-1.43
0.69
2.88
-3.3
1.31
-0.15
1.81
-2.39
0.88
-0.74
-0.92
-0.38
-2.59
2.9
-0.07
-2.31
0.12
1.09
0.07
-1.15
-1.52
-0.83
2.04
3.58
2.3
-2.81
2.33
0.79
-0.57
3.22
-1.31
2.07
1.9
-3.45
-1.44
3.49
-2.24
3.12
1.62
3.83
-3.01
2.63
-0.28
2.19
-3.68
-1.36
-0.62
1.21
-0.84
3.73
-0.33
-3.42
3.82
-2.91
0.21
3.4
2.65
3.3
-1.59
0.11
1.52
-2.99
2.19
1.66
-3.43
1.02
1.73
-3.15
0.33
0.45
3.94
1
3.47
0.25
-2.14
-0.15
3.45
3.86
3.26
-0.35
1.81
-2.89
-2.38
-0.3
-0.45
-1.9
2.25
0.8
0.35
-0.84
-3.17
-1.54
0.7
-2.5
-1.7
3.98
-3.57
2.06
1.61
-0.7
0.92
-1.47
-3.13
2.72
3.8
2.67
-2.89
-0.43
3.24
-3.65
3.96
2.8
-3.96
2.77
2.31
0.4
3.4
-1.51
-1.89
2.47
2.78
-3.08
0.5
-2.84
-0.39
1.47
-3.7
1.96
-2.06
-2.11
-0.58
-2.62
-1.76
-0.05
2.74
-0.72
-3.77
-1.09
-0.1
0.89
-3.01
-1.33
1.57
-0.01
-0.79
-1.96
-1.59
1.94
-0.8
1.9
-3.42
1.94
-0.05
3.14
0.53
-0.01
2.03
3.72
-0.9
-1.68
2.37
-0.85
-2.37
1.34
0.94
2.57
0.55
0.1
-3.97
-0.98
0.16
0.48
2.59
1.22
1.48
0.11
-0.64
-3.49
1.96
-2.43
-0.94
-1.63
-1.25
0.04
-2.69
1.48
1.44
-0.89
3.42
-1.26
1.26
-3.48
3.82
-2.43
2.53
1.84
-2.96
-3.78
3.06
0.65
1.49
2.31
1.9
-3.82
-2.26
0.1
3.36
2.73
-2.35
-3.59
-3.38
1.51
-2.25
-2.47
3.27
0
-3.61
1.59
0.03
3.46
-2.87
-2.56
0.69
1.29
1.76
-0.37
0.67
1.02
2.7
3.65
-0.93
-0.86
-2.54
-2.69
0.08
0.75
0.47
-1.43
-1.7
1.21
2.13
2.71
-2.55
3
-1.89
3.75
2.78
2.28
-1.7
-1.47
1.44
-0.55
0.2
3.6
-0.48
0.05
-2.38
-3.39
-1.58
2.11
3.44
-1.67
-3.97
-1.99
1.35
1.49
0.05
-3.56
1.45
-1.49
3.53
1.83
-0.72
2.82
-2.67
-1.58
3.99
1.69
-0.82
2.01
0.86
2.39
-1.29
0.17
-1.8
3.62
2.95
-2.14
1.8
-3.98
-0.87
-0.15
-3.86
0.2
1.78
-0.21
2.67
3.44
-2.35
0.63
-0.3
2.33
-3.17
3.8
-1
3.61
-3.83
1.38
2.26
-2.91
0.06
-0.06
1.43
0.42
-2.76
-2.96
3.63
-0.13
3.82
1.74
2.54
-1.81
-1.35
1.42
3.39
-0.33
1.69
3.08
-2.97
1.55
-0.25
-3.46
0.03
2.56
-1.69
2.54
1.56
-1.08
-2.84
-1.41
3.45
-2.44
-0.4
0.7
-0.04
3.19
2.42
-0.27
-1.04
0.74
0.16
-1.2
3.63
-0.08
2.09
-2.49
-0.32
-0.59
-3.6
3.33
-2.08
-2.91
0.35
-3.29
1.34
-0.48
3.91
2.88
-1.9
-1.29
-0.51
0.71
-1.3
1.22
2.29
0.98
2.59
1.95
-2.54
-3.81
1.26
-2.05
0.12
0.3
-2.62
-3.05
-3.08
-3.89
-3.54
-3.2
-1.14
-1.86
-1.49
-2.16
-3.33
2.35
1.22
-1.11
3.37
-3.56
3.28
3.55
-2.38
-3.76
-2.76
3.46
-3.91
-1.59
1.63
-2.9
-1.07
1.73
-2.05
-3.8
-1.93
3.97
0.97
-3.96
3.34
0.38
-1.41
3.8
2.42
-2.7
3.86
-2.66
-1.81
-3.14
0.54
3.95
3.76
-0.31
2.59
-2.99
-3.09
1.72
-3.68
-0.12
-0.94
-2.07
-3.14
2.51
-1.51
3.36
1.88
1.13
-3.81
-1.69
3.78
-3.3
-2.62
1.17
-0.44
-1.02
1.86
3.49
-2.88
-3.68
-3.61
3.9
1.26
3.24
1.87
1.69
-2.66
3.24
3.15
-3.07
3.29
0.36
3.64
-2.91
0.99
1.41
-0.48
0.08
1.31
3.06
-0.58
-1.28
-2.85
3.89
-2.91
-0.16
2.56
-1.41
-3.87
-0.4
-0.84
-2.57
0.59
-4
-0.52
-0.84
0.67
-2.37
-3.36
0.81
2.01
2.65
1.99
3.26
-0.98
-0.59
-2.93
-3.71
-3.82
2.15
3.47
-2.23
-1.82
-1.93
0.91
1.67
2.75
1.38
2.14
-1.97
3.13
2.76
3.1
-0.46
1.78
1.86
3.78
3.64
1.61
-2.17
-3.27
-2.11
-0.56
-3.51
-2.96
0.78
0.74
-2.11
0.86
1.68
-1.23
2.27
-1.59
-2.02
0.14
-2.61
3.25
-1.49
-0.91
1.81
0.41
3.29
-0.51
2.62
1.68
3.26
3.55
-1.56
-2.53
1.17
-0.36
-2.57
-1.32
2.35
1.42
1.58
2.33
-2.32
-2.97
-3.88
-3.07
0.86
-3.49
-3.54
3.27
-3.14
0.35
1.11
3.41
0.39
2.61
1.26
0.54
3.81
1.42
-2.56
2.4
0.83
-1.18
-2.21
1.23
-1.7
-3.59
3.7
-1.97
-2.67
-0.42
0.06
0.57
2.56
-0.94
1.56
-2.52
-1.03
0.88
3.56
2.78
-0.98
3.36
0.82
-1.1
-1.56
-0.97
1.09
2.56
2.39
0.9
-1.12
-3.07
-0.03
3.18
-2.5
2.87
3.25
-1.1
2.64
0.44
-3.18
2.44
1.93
1.28
-3.72
-3.47
-3.15
-2.67
-2.96
-0.22
-2.43
-1.08
1.86
-1.33
-0.63
1.48
2.01
2.89
-1.21
3.27
-0.67
-2.87
-0.35
0.44
-3.3
-0.87
-3.4
3.38
-2.44
2.7
-1.76
-3.94
2.25
-0.88
1.95
0.59
-2.58
3.54
-1.39
-2.1
-1.82
-0.24
1.51
-1.39
-0.68
3.96
-0.93
-2.71
-0.2
0.03
-3.15
-3.65
-3.89
3.37
-2.89
3.69
-1.21
-2.51
0.58
1.16
3.94
-2.53
3.77
-1.65
-2.46
-2.5
0.68
-1.26
0.72
2.79
0.05
2.47
0.27
-3.12
1.08
3.57
-0.37
-2.96
-2.89
-3.26
-3.95
3.32
-0.43
1.53
1.84
-2.12
3.96
2.88
-2
2.27
-2.2
3.94
-1.05
1.46
-2.03
-3.29
-0.01
-0.84
-2.94
-2.19
-0.72
-3.68
0.57
1.02
3.98
-1.61
0.09
3.23
-1.72
-2.46
0.06
-2.26
-3.63
-0.16
1.1
-3.39
1.9
-1.76
0.51
3.67
-2.45
1.81
-3.26
2.46
0.98
0.12
-0.49
2.82
2.91
0.37
-0.42
-3.53
3.98
3.31
1.46
3.74
