-4
-1.23
-2
2.44
-1.21
0.68
3.28
-3.04
1.95
-2.2
3.34
2.58
-2.51
-3.59
-0.75
-1.75
2.52
0.92
3.66
1.69
3.5
0.48
-0.62
-0.9
-2.55
-2.7
-3.13
-3.19
3.74
-0.76
-1
-0.85
0.97
-1.44
3.94
-2.37
-3.78
-1.42
-3.03
2.38
-1.29
-1.68
-1.52
3.96
-0.38
1.45
0.11
2.57
1.59
-0.66
0.29
-0.21
1.75
-1.01
-1.61
1.39
-1.44
2.15
3.87
-2.51
3.83
3.28
-3.05
-0.03
0.54
2.94
2.12
-3.09
2.21
-0.84
-1.14
-0.99
-2.6
3.34
-0.82
0.94
2.87
0.82
-2.91
2.57
3.45
-2.98
-3.04
-3.98
-1.68
-3.57
-3.53
0.63
3.15
0.87
-0.3
-3.83
1.52
3.02
-3.36
0.3
-2.95
-1.89
-0.76
1.35
0.77
-2.01
0.16
-1.13
-0.31
0.01
-1.54
-1.73
-2.07
0.96
0.12
3.35
0.3
-2.77
-1.17
-3.32
0.49
2.68
0.74
2.84
0.31
3.97
