-5
2.89
-3.69
1.8
-0.84
1.07
-3.29
1.38
-1.95
2.13
0.8
0.88
2.22
-3.91
1.68
-0.96
0.02
2.33
0.48
-0.48
1.39
-0.15
-2.05
0.56
-2.42
-0.28
0.47
0.56
-2.3
-2.31
-0.7
1.36
1.4
2.55
3.56
2.44
2.27
-2.92
-3.62
3.9
1.29
3.37
-3.71
-0.19
-3.05
3.78
-1.39
3.18
-3.3
-3.51
-3.32
3.34
2.62
-2.73
-0.93
3.38
-1.1
-1.28
1.49
-1.35
-0.65
-1.97
0.68
-0.72
-2.99
-3.57
3.79
3.67
3.39
2.6
0.78
-2.56
1.33
3.97
0.97
0.53
0.25
2.89
-0.12
2.21
-3.26
-2.99
0.79
2.65
-0.43
1.17
0.23
-3.49
-0.45
-1.39
-3.97
-2.23
-3.74
-0.09
-2.57
0.22
-3.6
1.01
-2.38
-0.77
2.06
-1.95
1.3
-1.61
3.01
1.22
-0.42
-2.59
-0.94
1.07
-3.54
-0.69
3.09
2.26
1.6
-1.01
2.87
-3.08
-1.83
2.62
-0.49
2.49
