0
-1.36
-3.4
-1
2.31
-0.23
3.7
0.09
2.67
-0.2
-0.74
0.38
0.69
-3.84
0.97
0
-0.91
1.87
-4
-3.63
-3.81
3.87
3.97
-1.98
-3.44
-3.49
-1.67
2.58
-2.82
-3.38
3.93
1.94
-2.87
-0.68
2.53
1.51
-1.75
1.66
0.87
1.94
2.9
-1.82
-1.79
-0.11
-0.93
-3.81
1.95
3.68
2.88
-2.95
3.08
2.53
-1.53
-3.28
-2.53
3.64
-0.05
0.98
-3.91
2.99
-1.61
-1.12
-1.84
3
-0.9
-1.85
-1.06
0.96
-2.45
-3.97
0.26
3.76
-0.21
-3.2
1.41
1.34
2.19
3.34
-1.32
-3.07
3.45
2.51
-1.22
-3.88
-1.28
-0.09
2.52
0.98
3.23
-0.73
-3.67
2.95
3.84
1.23
2.75
-0.18
2.95
3.14
1.3
-2.11
2.77
-1.69
-0.95
-3.9
-1.58
2.47
2.51
-2.51
-1.43
-3.88
-3.57
1.79
-1.6
-2.09
0.68
-1.76
-2.93
2.55
1.46
1.16
3.76
-2.22
