-10
3.79
1.71
-1.36
-3.89
1
3.17
0.56
-1.6
0.23
2.64
0.43
2.38
0.27
3.62
1.17
-3.97
0.66
-2.04
-3.63
-1.6
1.46
2.09
-3.33
-2.26
1.18
1.72
1.73
-3.36
2.62
0.83
-2.94
3.18
2.98
3.3
-3.65
-2.93
0.35
-0.93
-2.26
-0.83
1.84
-1.66
2.69
-0.53
-0.94
-0.68
2.11
-2.97
-3.31
-1.55
2.14
-1.59
1.84
-2.79
-1.31
1.15
2.93
1.73
0.29
-0.41
2.82
-1.26
0.69
-1.47
3.6
0.97
1.13
-0.66
2.1
2.63
-0.96
2.54
3.99
1.2
-3.67
0.97
2.79
-3.06
-3.69
2.27
-0.26
-2.36
3.96
2.98
2.59
2.15
1.96
2.49
-2.41
-2.97
2.78
-1.64
1.63
3.82
3.44
3.63
-1.43
1.29
0.93
-1.19
0.24
-0.72
0.45
2.94
0.02
-0.74
-3.51
0.73
1.99
1.72
2.56
-1.35
-0.85
0.73
3.2
0.49
-4
-3.55
2.65
-3.94
3.69
