0
1.39
0.06
-0.73
-2.69
0.52
-0.4
-1.14
-3.14
-1.88
3.9
-1.62
2.73
3.31
3.42
0.05
4
0.31
2.68
2.2
3.31
-1.98
0.09
-3.33
1.12
-3.74
-1.64
0.26
4
-3.22
-3.24
-1.36
-3.62
0.81
1.8
-0.94
-3.35
-3.41
-0.22
1.87
-2.6
3.92
0.6
0.47
-0.92
2.6
0.54
-3.01
3.21
3.42
-2.4
3.81
0.92
1.92
-2.73
4
-1.57
-1.92
0.88
1.23
-2.86
-0.4
-3.79
-1.56
-0.7
-3.97
0.01
1.34
2.67
-1.02
-0.49
-2.53
3.75
-1.88
2.53
2.32
-0.49
-3.2
1.81
1.57
2.23
-2.42
-1.5
3.02
-2.13
-0.78
-1.68
0.33
-0.05
-0.21
-2.41
-2.9
2.23
0.38
3.21
-2.92
-2.22
3.9
0.87
-3.54
2.52
-1.17
-2.81
3.35
3.44
1.91
-0.42
-0.17
-0.11
2.13
2.53
-0.6
-2.57
0.67
-2.47
2.57
-3.18
-1.48
-1.8
0.67
-1.47
0.35
