-2
-1.05
1.06
3.86
0.2
-1.94
2.98
0.15
3.79
3.08
-0.05
2.95
-3.15
-2.32
1.06
-0.45
-3.31
1.02
-3.45
-1.54
-3.94
1.1
0.58
2.17
0.21
3.97
1.33
1.37
-0.42
-0.84
2.03
-0.86
-0.06
0.19
-0.96
0.94
-2.38
2.63
3.23
-3.73
-2.98
-2.97
-3.87
-1.6
-0.47
0.84
2.94
-1.61
-1.9
-1.05
0.92
-0.41
-3.06
-2.24
1.28
-2.63
-3.7
-0.23
0.96
-0.96
3.57
3.27
-0.55
-2
0.73
-0.69
1.22
-2.75
-3.7
1.87
-3.57
0.08
-1.09
-3.49
3.13
-0.25
-0.51
-3.34
-0.2
1.95
3.45
-3.37
1.29
3.17
-3.22
1.46
-2.04
-0.2
3.28
-0.84
-2.83
-2.53
3.14
-0.72
-3.6
1.62
-1.37
1.22
3.84
-0.03
0.56
1.81
3.96
-0.84
-2.04
-2.78
1.1
-2.42
0.25
3.37
-3.2
-2.34
-2.65
2.09
-3.27
-0.43
-0.24
2.57
3.4
-2.06
-2.54
-3
