-8
0.01
1.99
-0.2
-2.3
-2.53
-2.13
3.87
2.23
-3.15
2.42
-3.92
-2.32
-1.11
-0.25
-3.01
-3.92
3.64
-0.32
2.09
2.21
1.09
-1.71
1.66
-1.24
0.24
1.03
-2.91
-1.3
-0.67
-2.33
-1.33
0.59
1.29
1.05
-0.83
-1.89
-1.87
0.76
2.42
2.51
1.67
-2.28
-3.35
-1.61
-0.84
3.88
3.45
-1.31
0.9
1.9
2.86
2.76
-2.54
0.31
-1.23
0.22
2.53
0.78
0.18
-1.16
-0.58
3.52
-2.38
-2.2
3.9
-1.01
-0.49
3.86
2.12
1.55
1.13
0.17
-1.18
2.12
-1.23
0.45
-3.07
-1.27
-1.55
-0.21
0.48
-0.56
3.52
-2.24
-2.55
2.95
3.98
-2.32
-3.93
3.14
-1.79
-0.2
1.54
1.62
1.61
-2.95
0.68
-3.03
0.26
2.39
3.52
0.12
2.3
0.43
3.64
2.58
-1.83
-3.28
2.06
-2.33
-2.54
-3.66
-0.29
0.81
-1.76
1.86
-4
-3.01
3
3.62
-0.98
