-2
1.43
-3.4
1.15
2.31
-1.18
3.7
0.09
2.67
-0.2
-0.74
0.38
0.69
-3.84
0.97
2.25
-0.91
1.87
-4
-3.63
-3.81
3.87
3.3
-1.98
-3.44
-3.49
-1.67
2.58
-2.82
-3.38
3.93
-3.71
-2.87
0.95
2.53
1.51
3.66
1.66
0.87
1.94
2.9
-1.82
-2.48
-0.11
-0.93
-3.81
1.95
3.68
1.91
-2.95
3.08
2.53
-1.53
-3.28
2.3
3.64
-0.18
-1.6
-3.91
2.99
-1.61
-1.12
-1.84
3
0.91
-1.85
1.06
3.6
-2.45
-3.97
0.26
3.76
-0.21
-3.2
1.41
1.34
2.19
3.34
-1.67
-1.66
3.45
2.51
-1.22
-3.88
-1.28
-0.09
2.52
0.98
3.23
-0.73
-3.67
2.95
-3.2
-1.07
3.04
-0.82
2.95
3.14
1.3
-1.81
2.77
-1.69
-0.95
-3.9
2.34
2.47
2.51
-2.51
-1.18
0.25
-3.57
-2.77
-1.6
-2.09
0.68
-1.76
-2.93
2.55
1.46
1.16
3.76
-2.22
