-1
0.91
0.77
-2.59
-0.38
1.72
-3.87
-0.67
-3.57
-1.89
-1.46
0.87
-3.9
2.5
3.41
-0.29
1.9
2.59
0.15
1.21
1.62
-2.33
3.7
2.07
1.14
-3.54
2.2
1.83
0.91
-3.08
3.29
1.44
0.74
1.49
2.31
-3.93
1.15
0.1
3.72
-0.13
-0.72
3.23
3.9
-1.34
3.64
0.75
-2.63
0.14
1.29
3.93
1.45
3.86
0.88
3.76
-1.18
0.93
3.73
-0.32
-3.33
-1.72
-1.09
-3.6
-1.06
-1.14
-1.63
2.65
2.3
2.44
-0.09
3.79
-1.31
-3.6
3.08
-3.76
-1.46
3.18
0.11
0.67
-2.87
-3.11
-3.59
-0.31
-2.77
-0.7
-2.78
-2.38
4
0.75
-0.77
-0.97
0.39
3.17
-2.67
-3.89
-1.68
-1.96
-2.76
3.81
2.52
0.87
-2.34
0.23
-0.16
2.96
-1.22
2.98
-0.8
-2.14
-3.26
-1.83
-0.35
-3.17
3.35
2.79
-1.32
-1.59
-3.55
3.75
2.06
1.61
-0.61
-3.39
3.89
-1.46
0.7
1.96
3.16
-0.42
-1.21
3.4
2.64
-0.65
-3.24
-0.88
3.07
-2.02
0.83
-3.44
1.44
2.66
3.28
2.84
3.21
-1.7
-1.67
0.9
-3.46
-0.97
3.04
3.86
-1.16
-0.87
-3.68
-1.2
-1.12
1.71
-2.59
-2.79
-1.76
3.78
0.83
-1.84
2.74
3.83
-1.75
-0.37
0.51
-0.15
2.62
1.71
3.67
0.69
1.32
-2.4
3.46
3.72
-1.78
-2.53
0.34
-1.41
-3.2
2.07
3.93
-2.54
1.95
3.2
2.74
2.51
1.99
-0.05
1.33
-1.96
-2.42
-0.36
1.69
-0.48
-3.67
-0.68
1.85
-0.56
-1.11
-1.77
1.99
-2.71
1.07
0.18
3.54
-1.61
2.98
-1.75
-0.67
0.45
-3.04
1.51
-2.33
-0.15
0.83
-1.46
2.73
-3.54
-2.82
2.01
-3.35
2.94
1.35
-3.56
3.54
0.32
-0.54
-0.64
2.55
1.05
-1.98
-0.44
2.05
2.57
-3.41
2.28
-2.28
-0.25
-0.84
-3.94
0.79
1.63
-1.02
-2.92
0.4
1.46
-3.1
-2.79
-1.42
-0.91
-3.97
-3.93
1.24
3.56
2.21
-0.06
-1.31
1.52
-1.57
1.05
-0.06
1.37
-1.27
1.22
3.94
-0.24
2.84
1.53
-2.4
-2.82
-1.15
-2.3
-2.87
-2.94
-3.35
-1.03
2.72
1.42
2.09
-3.08
2.64
-0.35
-3.26
2.23
1.31
0.07
0.81
-1.14
0.68
0.71
-0.04
2.18
-0.54
1.84
-3.26
-0.5
-0.41
-0.64
-2.15
1.9
1.65
-3.36
0.65
-1.1
3.83
-3.45
2.73
0.81
3.29
3.73
-0.63
0.56
2.94
1.94
3.83
-3.08
1.32
2.63
2.33
2.64
-1.95
2.81
-0.59
1.48
0.08
-3.42
2.46
-2.56
-2.5
-2.1
-3.45
2.98
-1.71
0.67
0.24
-1.93
3.96
-0.63
1.63
2.81
-3.4
2.84
3.64
1.13
-0.86
-1.97
3.08
0.14
0.33
-3.01
-3.83
-2.81
1.68
0.01
-0.3
-1.98
2.72
-0.57
-3.9
-1.23
3.7
-0.17
2.68
-3.46
-0.61
2.35
-3.84
-1.73
2.35
-3.43
1.05
3.36
0.77
1.31
1.42
-3.16
-2.97
2.39
1.04
2.89
-2.07
0.72
1.39
-2.42
-2.72
2.37
-2.99
-3.44
-2.3
-1.39
2.31
-0.61
-3.87
3.24
3.08
1.98
-2.83
1.25
-1.7
-2.39
1.67
2.45
0.44
1.7
-0.91
3.38
-0.52
0.98
-2.11
-2.33
0.64
-0.63
3.48
-2.91
-0.77
-1.4
3.78
-3.99
2.2
-2.6
-3.66
0.19
0.13
0.13
-1.1
0.83
2.3
3.82
1.37
-3.55
-0.42
0.33
0.22
-3.85
-0.85
-2.52
0.7
-1.55
-3.49
3.65
3.17
-1.15
2.91
-2.15
0.1
-2.12
-0.35
-1.36
2.69
-1.5
0.41
-1.66
-1.7
-3.97
1.68
-2.01
1.96
1.36
-2.53
1.01
-3.08
-3.66
-3.79
-2.96
0.31
0.6
0.98
-2.87
-3.16
-0.03
2.27
0.41
-1.5
-2.27
-3.54
-2.62
-1.72
-2.24
-1.58
-1.74
3.06
3.08
-1.27
-2.09
1.8
1.93
2.85
-1.79
-3.98
-2.24
3.23
1.74
-3.77
-2.52
-3.37
3.5
-1.12
2.35
-0.77
-0.21
2.86
-1.49
1.39
1.38
2.61
-1.76
3.75
-0.45
3.62
-3.91
2.71
-3.46
-1.34
-1.04
0.68
0.39
-1.94
-0.69
1.46
3.26
-0.25
-2.14
-0.25
0.38
0.38
-3.49
-3.96
-3.17
1.01
1.29
-3
-1.84
3.83
-3.44
-2.64
-1.28
2.01
0.02
2.42
-3.95
2.77
-1.43
-3.43
0.71
3.76
1.79
3.71
2.11
2.2
-3.63
3.83
0.3
-0.06
1.43
-3.86
-3.21
3.18
3.61
-3.85
1.19
2.53
0.99
-3.83
-3.44
3.73
-2.83
-1.79
-2.85
3.4
-2.38
-3.52
2.95
-0.24
-2.26
-0.78
-0.28
-3.79
-0.44
1.55
-2
0.49
-0.92
-3.5
0.9
3.73
2.8
3.95
3.68
-2.22
2.45
1.55
3.44
1.14
0.21
-3.27
1.15
1.05
-2.22
-3.61
-3.06
0.8
-1.71
-2.9
-1.43
-0.34
-0.09
0.22
-1.75
-1.11
-3.38
1.72
3.9
-1.47
-1.26
1.74
3.43
-3.52
-2.29
0.45
3.11
-1.54
-0.81
-2.82
1.11
-3.34
2.65
4
-3.36
3.27
-3.66
3.19
0.76
0.72
1.63
-3.23
-3.33
-3.97
-1.09
-1.44
2.46
-3.14
0.4
3.88
-0.53
-0.11
2.46
1
-3.86
0.74
-3.98
-2.16
-2.05
1.99
-3.86
-3.53
-2.99
2.53
1.07
-1.07
-0.32
-3.41
1.2
-2.81
-0.52
-2.35
0.55
2.94
3.71
2.4
0.1
-3.05
-0.38
-1.56
3.16
0.54
0.97
-3.84
0.22
0.62
2.78
1.05
-3.97
-0.8
1.88
-2.8
-0.46
-1.32
-1.58
1.38
-3.16
2.16
1.68
-1.46
-0.33
1.57
3.78
0.26
-2.6
-2.44
0.38
-1.2
3.95
3.27
2.83
2.03
2.6
-0.36
-3.64
-3.04
-0.77
0.51
-2.17
-1.93
1.12
-2.24
3.92
2.17
2.93
2.21
0.25
0.07
-1.79
-2.36
-2.41
-0.48
3.01
0.9
-2.45
2.37
-2.48
-2.24
0.77
0.88
-0.6
-1.27
-1.6
-1.5
-1.08
-2.11
-2.92
-1.16
-1.68
-2.18
2.05
-2.57
3.29
-3.08
-1.66
2.36
-2.49
0.2
-2.02
-3.68
-2.78
-2.59
-0.88
-1.54
-1.89
0.63
0.15
-0.28
0.59
-3.15
2.75
2.57
0.09
-3.82
3.54
-3.27
-0.4
-0.4
-1.87
0.71
-1.94
-3.38
-1.02
-1.71
-0.82
3.38
1.07
0.75
-3.87
-2.67
-1.93
-2.39
3.02
-2.36
-2.57
-2.01
0.32
1.68
-0.19
-0.45
-3.32
2.06
2.05
0.45
3.82
1.35
-1.5
1.82
-0.23
-3.12
2.52
-1.7
-3.91
-3.6
-2.85
0.05
-3.7
-1.58
-3.85
-0.79
1.17
3.81
-2
2.56
2.47
-0.25
0.66
-3.72
0.76
-2.15
-3.33
0.06
0.24
0.37
-1.71
4
3.5
-1.27
-2.31
-1.89
3.25
2.2
2.83
-1.3
-0.97
-3.27
-1.04
-2.49
2.47
0.81
-0.94
-2.1
0.72
1.84
-2.6
3.88
3.62
3.67
-2.15
2.84
3.25
0.69
3.92
3.62
1.33
-2.57
-1.34
-2.51
0.47
2.95
1.15
0.63
2.96
-0.16
3.44
0.33
-3.7
-0.26
2.03
-1.56
3.17
2.66
-3.23
-0.88
-3.16
3.73
1.43
0.87
-0.83
1.32
-0.76
-2.41
-2.79
1.64
-1.45
-1.03
-2.76
-0.37
-2.15
-3.96
3.04
-0.53
3.37
-0.81
3.27
-0.42
-2.5
-0.68
-1.91
0.65
-3.18
-2.47
1
-1.58
2.49
-2.47
3.45
-3.21
3.39
0.62
-3.34
-0.92
3.53
2.84
2.53
2.19
-2.09
1.92
3.78
1.35
-1.58
-3.26
-0.88
0.3
-0.3
1.37
-3.25
1.29
-0.15
0.95
-0.57
-2.54
-2.33
-2.97
3.44
-0.09
3.03
0.09
2.28
-0.42
-0.77
3.49
-1.64
3.47
-1.01
-1.58
-3.55
-1.58
3.02
2.29
-3.55
-0.78
0.92
-2.62
-2.97
0
3.35
3.14
0.75
-0.66
-2.02
-1.84
-2.62
-2.47
-3.39
0.89
0.57
1.15
-3.07
1.77
1.36
-0.92
-0.78
-2.38
-2.98
-3.9
2.27
-2.31
-1.66
-0.84
3.51
3.23
-0.55
-2.03
2.22
3.53
-2.64
0.72
1.36
2.1
2.14
0.91
-2.69
-2.17
-2.94
-3.75
0.78
0.09
-2.08
-3.34
3.09
2.99
0.24
-1.17
-1.69
-2.81
1.94
-3.06
3.99
2.55
-1.15
1.41
-0.61
3.66
-2.23
2.37
-2.34
0.79
0.28
2.73
0.84
-1.33
-3.72
3.73
-1
-2.25
-2.41
-0.97
0.77
-0.34
0.69
1.85
-3.35
0.55
-3.95
1.3
0.96
2.04
-2.75
4
-3.39
3.76
3.42
2.64
-1.5
-1.48
1.18
0.89
0.75
1.9
2.03
-1.99
1.34
-0.91
-1.75
1.88
-1.59
0.55
2.34
2.85
3.49
-3.75
0.33
2.67
-2.51
3.95
3.8
-1.05
-0.24
-1.77
1.46
-3.47
-1.62
-2.82
-0.43
-1.51
-3.63
1.74
-0.06
3.47
-0.73
-2.88
-2.27
2.31
-2.11
3.38
2.21
-3.07
-0.38
0.42
-3.85
2.18
-0.69
-1.32
-0.06
0.94
1.9
-3.3
-1.4
-3.53
-3.41
-2.72
0.04
3.63
1.16
2.86
3.34
-0.02
2.52
2.04
-1.21
2.44
-1.85
-1.83
0.66
-0.46
2.68
-3.19
-1.1
-1.27
2.78
-1.32
-3.93
-1.06
3.93
2.88
2.04
-0.99
0.35
-1.81
1.8
1.63
-0.88
2.44
-0.15
2.58
1.17
3.01
-3.85
-1.47
0.91
-0.71
2.21
1.17
2.7
-3.41
2.66
-1.44
1.23
-3.77
-3.83
-3.68
-3.77
-2.99
-2.87
2.04
3.25
-1.03
1.69
-0.66
3.66
3.81
2.18
-0.43
3.75
-2.86
2.55
-0.78
-0.31
-3.12
-0.58
-0.25
-3.35
3.56
3.82
1.46
-2.42
-0.76
-3.66
3.32
3.63
-0.05
-1.91
0.92
3.19
-2.8
3.31
3.37
-0.1
1.78
2.21
1.59
-2.82
3.72
-2.11
2.45
2.82
-2.43
-3.55
2.93
-2.87
1.91
-0.93
-1.98
2.52
3.2
3.82
3.33
-1.86
3.24
-3.4
3.92
1.1
-1.13
-0.69
2.9
-2.81
-1.04
3.43
1.11
0.72
2.6
0.61
-3.83
3.28
0.77
-3.84
3.91
-0.9
-0.27
2.74
2.48
-0.6
0.19
-0.51
-2
0.37
-1.37
-3.5
3.01
1.04
0.51
0.19
1.28
-0.63
-0.94
-0.52
-0.51
3.98
1.51
3.65
-3.46
2.44
-3
3.4
-2.54
-3.4
-2.25
1.84
3.32
-3.07
-0.83
1.85
-1.58
-2.67
0.8
0.33
1.95
-3.11
-2.22
2.14
1.3
1.77
1.36
-2.05
2.78
1.67
2.59
0.99
-1.39
2.58
-2.15
2.42
3.71
-1.6
-0.86
-0.54
-1.94
1.19
-1.98
-3.49
0.09
-2.04
2.93
-1.07
-2.42
-3.29
-1.11
-0.2
-0.65
-1.62
3.92
-2.75
-3.64
3.72
-1.8
-3.56
-1.62
3.81
-2.59
-1.82
-1.02
0.85
-3.05
0.72
-1.39
3.86
-0.13
2.63
2.06
-3.34
-0.58
-0.05
-2.68
1.07
-0.81
-0.53
3.41
-0.78
-2.07
-3.82
1.07
2.05
-3.7
0.21
2.78
-3.98
3.87
0
3.39
1.89
-0.76
3.59
-0.34
2.42
3.6
-1.81
-2.65
2.41
-3.74
-3.31
-2.14
0.9
-0.44
2.9
-3.81
0.6
1.56
2.16
-3.67
2.21
-3.2
0.55
-1.03
-2.68
-1.22
-0.11
0.02
-2.84
-2.11
-2.85
2.39
-0.83
1.19
0.7
-2.05
-2.89
2.83
-0.24
2.39
-2.99
-1.11
2.22
-1.54
-2.49
1.91
3.22
-0.53
0.35
-0.58
-3.66
-0.26
1.53
-3
-0.62
2.37
-3.97
0.01
-2.23
-3.61
-2.97
-0.78
-2.09
-3.09
2.74
0.32
-1.13
3.34
3.97
0.7
-0.9
-2.11
-1.5
1.68
-1.9
-3.43
0.2
2.8
0.31
1.83
1.6
3.8
0.87
1.47
-2.94
-3.97
0.97
-0.24
-2.11
-0.38
-1.06
-2.39
3.97
1.34
-1.64
-3.07
-2.15
1.11
1.19
-0.68
2.86
-1.82
-0.06
3.67
-2.44
0.25
-3.48
-0.11
2.74
0.31
-1.36
-3.17
2.06
0.18
1.16
-1.05
2.78
-1.24
0.08
-1.37
2.82
-1.16
2.62
1.85
3.48
-1.5
-3.74
3.3
0.74
3.2
1.87
3.1
3.59
-3.49
-3.9
-2.4
-1.27
0.18
-2.89
-0.29
1.59
-0.07
-2.9
-3.63
-2.78
-0.37
3.05
0.04
2.84
-1.36
-0.06
-0.12
2.47
2.63
-0.35
3.35
-3.46
2.89
2.21
-0.08
2.17
-3.33
-1.06
-0.01
0.41
2.43
0.57
-1.39
2.12
3.37
-3.77
-0.34
0.21
-3.45
2.05
2.08
2.79
-3.42
-1.21
3.02
1.64
-3.51
-3.03
-0.39
-2.24
-0.31
-0.33
1.73
-3.33
-0.09
-2.99
3.28
-3.98
-0.3
0.22
2.98
2.76
-3.53
-2.72
3.6
-1.68
2.39
3.03
-1.57
-1.39
1.65
3.04
-0.7
-3.59
1.77
0.42
-3.4
-3.18
-2.98
3.37
2.33
0.45
1.01
-1.86
3.96
-0.44
-0.47
-1.67
0.94
-2.43
2.41
-3.92
-1.33
3.12
3.54
3.83
2.68
2.46
2.15
1.74
2.56
-1.35
-0.75
3.23
-2.11
1.28
-1.22
1.37
-3.44
-3.95
-3.78
-1.53
0.12
0.35
0.72
-3.48
0.8
1.71
-3.5
2.71
-1.66
-1.7
-2.49
3.47
1.18
3.05
1.44
-3.83
1.98
1.66
1.37
1.89
-3.4
-0.74
2.29
1.24
-2.43
-2.07
1.85
-0.29
3.11
-0.33
-2.28
3.74
1.67
-0.34
-2.59
3.02
-2.23
-0.47
-2.45
-0.44
-1.17
-1.06
-3.28
-1.38
2.3
3.06
3.24
-2.53
0.24
-0.28
0.28
-3.21
-0.38
3.09
0.75
-0.84
0.77
-0.99
2.14
-3.1
-2.31
-1.64
1.29
-0.87
3.9
3.17
3.97
3.55
2.04
-1.44
-2.07
0.04
-3.62
1.4
0.08
-2.26
1.66
-1.56
2.89
1.41
-0.44
2.59
-2.25
-0.15
-2.74
2.29
0.53
1.78
2.46
3.11
