-4
-2.76
0.99
-1.38
-3.89
3.04
3.17
0.56
-1.6
-3.54
-0.92
-1.84
2.38
0.27
3.62
-1.73
-3.97
3.99
1.62
2.64
-1.45
1.46
2.2
-3.33
-2.26
1.18
1.72
-3
-3.36
2.14
0.65
-2.94
-0.41
2.98
3.3
-3.65
-2.93
0.35
-0.48
-2.26
-0.97
1.84
2.83
2.55
-0.53
-0.94
-0.68
-1.92
-2.97
-2.94
3.17
-2.99
-1.59
1.84
-0.76
-1.31
1.15
-1.06
0.83
0.29
-0.41
-1.28
-1.26
0.69
1.33
1
0.97
3.05
-2.48
2.1
2.63
-2.75
2.54
-1.59
-0.01
-3.67
0.97
2.79
-3.01
-3.69
1.19
-0.26
3.28
2.03
-0.68
2.59
0.39
2.75
2.49
2.46
-2.97
-2.72
-1.66
1.63
0.74
3.44
0.46
2.81
1.37
0.93
-1.19
0.24
-0.72
2.96
-0.98
0.02
0.42
0.84
0.73
1.99
3.94
-1.13
-1.35
0.63
0.73
3.2
-3.82
-2.04
-0.46
2.65
-0.41
3.69
