-10
3.79
1.71
-1.38
-3.89
3.04
3.17
-0.62
2.2
0.23
2.64
0.43
-3.66
0.27
3.62
1.17
-3.97
3.99
-2.04
2.52
-1.45
1.46
2.2
3.97
-2.26
-3.7
1.72
0.56
-3.36
2.14
0.83
-2.94
3.18
0.04
3.3
0.13
-2.93
0.35
-0.93
-2.26
-0.83
-2.91
-1.66
2.55
0.84
-0.94
-0.68
-1.92
-0.48
-3.31
-1.55
2.14
-1.59
-2.38
1.64
-1.31
1.15
2.93
1.73
0.29
-1.02
3.99
-1.26
-2.88
-1.47
3.6
0.97
-0.54
-0.66
2.1
2.54
3.68
2.54
-1.59
1.2
-3.67
0.97
2.79
-3.01
1.48
3.53
0.99
-2.36
3.96
-0.68
2.59
0.87
3.22
2.49
3.31
2.08
2.78
-1.66
0.55
3.82
1.65
3.63
-1.43
1.29
-0.87
-1.19
-0.79
-0.72
2.96
-0.98
2.31
1.47
-3.51
-2.52
1.99
1.72
2.56
-1.35
0.63
0.73
3.2
0.88
-2.04
1.8
2.65
-0.41
3.69
