-5
2.89
-1.76
1.8
-0.84
-1.11
-3.53
0.95
-1.95
2.43
-0.26
0.88
1.11
0.48
1.68
-3.05
-2.68
2.33
0.06
-0.48
-1.46
-3.33
-2.05
-2.8
0.73
2.99
0.47
3.7
-2.29
-2.31
3.46
-3.01
0.6
-1.17
2.6
2.14
0.87
-1.21
1.27
2.27
-0.07
-3.34
0.55
-0.19
-2.55
-1.03
-2.74
0.53
-3.3
-1.58
3.58
-1.71
-0.68
-2.73
-1.93
3.38
3.88
-1.28
1.49
0.17
-0.25
-2.84
-3.99
-2.15
3.92
-1.6
2.62
3.67
-2.44
3.01
-2.25
-3.26
0.47
3.01
2.94
3.01
-1.37
2.89
-0.36
-1.25
-3.26
-2.99
0.45
-2.36
-1.19
1.17
-2.68
2.93
1.03
-3.82
1.43
-1.05
-3.49
-1.68
-1.48
-2.1
-3.6
1.01
-2.12
2.33
-1.65
2.23
3.25
1.42
2.69
-0.82
-1.84
2.39
-0.94
-3.67
-1.77
-0.69
-3.27
-3.59
-3.11
-1.55
2.87
-1.09
-1.15
0.28
3.09
1.01
