-3
-1.28
-2
0.54
-2.37
-1.65
3.28
-2.95
-1.36
-2.2
3.34
0.31
-0.16
2.83
-0.75
-2.63
2.52
0.19
2.37
-2.09
3.5
-2.53
0.36
-2.6
2.36
2.48
2.36
-1.28
3.74
3.07
-1
-0.46
-1.62
-0.93
-0.95
-0.2
0.37
-1.42
1.11
-3.58
-1.59
-3.94
-1.31
2.07
-0.38
1.05
-1.37
2.57
2.1
-1.64
1.15
-0.77
3.07
1.96
-1.94
3.17
0.87
-1.66
-3.8
1.72
0.27
-3.63
-2.33
0.84
-0.75
-2.08
2.12
-3.39
2.41
1.3
-1.14
2.65
-2.6
2.22
-0.1
-0.37
-0.23
2.44
-2.91
1.68
3.23
-1.04
-3.04
2.8
-2.99
-3.78
0.47
1.49
1.38
2.65
-0.04
-3.83
1.52
-1.41
-2.69
-2.98
-0.87
-0.38
3.49
1.35
3.92
-0.89
0.16
-1.13
1.15
-3.48
-1.54
-1.73
-1.78
0.55
0.12
2.44
1.78
0.48
0.93
-3.32
-2.04
1.61
-3.15
3.11
3.34
3.97
