-10
1.84
2.78
2.81
0.02
1.36
1.67
-0.05
3.69
-0.18
-0.67
1.67
-1.8
-0.46
0.73
-3.09
-0.12
1.87
-3.82
-1.69
-1.58
3.87
0.76
3.8
3.85
-2.01
-1.67
2.35
-0.44
0.13
2.51
1.94
3.86
-1.92
-0.92
-2.59
-2.59
2.53
-1.69
3.2
-1.11
-1.46
2.6
1.64
0.7
2.83
-2.13
-1.95
-1.94
3.41
3.43
-0.08
0.1
-0.19
-0.03
-3.48
-2.93
2.99
2.97
-1.98
-0.97
3.32
-3.61
-0.44
1.32
1.39
1.82
-3.89
-3.54
-0.68
3.51
1.35
-0.45
-3.01
3.42
3.88
-2.73
3.13
-0.9
-2.99
-3.89
-3.73
0.29
0.15
0.71
-1.41
-2.16
0.04
2.12
-1.45
-3.67
-1.57
3.57
-3.72
0.16
-0.42
-1.85
-0.97
-3.69
3.31
-2.99
-2.25
-2.41
2.75
3.9
-1.93
-3.64
-0.89
0.4
0.09
3.25
-2.05
-0.12
1.96
-2.09
-1.25
-0.97
0.25
2.85
-1.27
-0.45
-2.22
