-5
-3.44
-3.69
3
-0.84
-1.11
-3.76
0.95
-1.95
2.13
-2.2
0.88
2.22
0.48
1.68
2.14
-2.68
2.33
0.48
-0.48
1.39
-0.56
-2.05
1.33
-2.42
2.99
0.47
0.56
-2.3
-2.31
3.46
1.36
1.4
2.55
3.56
2.44
0.87
-1.21
1.66
3.9
1.29
3.37
2.25
-0.19
-2.55
-1.03
-2.74
3.18
-3.3
-1.58
-3.32
-1.71
-0.68
-2.73
-1.93
3.38
3.2
-3.86
1.49
0.17
-0.25
3.59
0.68
-0.72
-1.8
-1.6
3.79
2
-2.44
2.6
0.09
-3.26
0.47
3.97
2.94
3.01
0.61
-2.14
-0.12
-1.25
-3.26
-2.99
0.45
-2.23
3.52
1.17
-3.31
-3.49
-0.45
-1.39
-3.97
-2.23
-3.49
-2.91
-2.57
-2
3.36
1.28
-2.38
-2.75
2.06
-1.95
3.9
1.42
3.01
1.22
-0.42
-2.59
-0.94
1.07
-1.77
-0.69
2.85
-3.59
1.6
-1.01
2.87
-1.09
-3.35
2.62
3.09
1.01
