-3
-3.19
3.14
3.3
-1.98
1.6
2.98
-3.1
3.79
-1.6
-0.05
-0.97
0.47
-2.32
-3.6
-0.45
-3.31
-3.05
3.86
-1.54
0.47
1.1
0.58
2.17
0.21
0.16
-3.11
1.37
2.57
-0.84
2.03
-3.25
-0.06
0.19
0.16
0.94
3.83
2.63
3.23
3.06
-3.86
3.43
-3.87
-1.6
-0.67
0.84
-3.04
-3.02
-3.75
0.93
0.92
-0.12
-3.06
-2.24
3.59
3.88
-3.7
-2.86
0.96
-3.53
3.57
3.27
-0.55
-2.78
0.38
2.28
-3.42
0.64
-3.7
1.87
-0.24
0.08
-1.09
-3.49
-2.88
-3.42
-0.51
2.72
-0.2
2.38
2.68
-3.37
0.48
0.88
1.72
1.46
0.42
-0.2
-3.96
-0.84
-2.3
1.98
3.14
-3.08
-3.6
-0.45
-0.85
2.14
2.94
-2.72
0.56
1.81
3.96
-2.41
3.48
-2.78
1.1
0.01
-0.72
1.92
0.39
-1.88
-2.65
-0.12
3.3
-0.43
3.98
2.57
-3.78
0.3
1.71
-3
