-10
-2.76
0.99
-1.38
-3.89
3.04
3.65
0.56
-1.6
-0.78
2.64
0.43
2.38
0.27
3.62
-1.52
-2.41
3.99
-2.84
-2.06
-1.45
1.46
2.2
-3.33
-2.26
1.18
1.72
1.73
-3.36
2.14
0.83
0.62
3.18
2.98
3.3
-3.65
-0.08
0.35
-0.48
-2.26
-0.83
1.84
2.83
2.55
-0.53
-0.94
-0.68
2.11
-2.97
-3.31
3.17
-1.57
-1.59
1.84
2.29
-1.31
1.15
-1.06
0.83
0.29
-1.02
-1.28
-1.26
0.69
1.33
1
0.97
3.05
-2.48
2.1
2.54
-2.75
2.54
3.97
1.2
-3.67
0.97
0.8
-3.01
-3.69
1.19
-0.26
3.28
3.96
-0.68
2.59
0.39
-0.33
2.49
2.46
-2.97
2.78
-1.66
3.6
2.06
-0.04
0.46
2.81
1.37
0.93
-1.19
0.24
-0.72
0.45
-0.98
0.02
3.03
0.42
0.73
1.99
3.94
-1.13
3.24
-0.85
0.73
3.2
-3.82
-4
1.8
2.65
-0.36
3.69
