-10
0.84
-1.76
-2.81
-0.84
0.18
-3.53
0.76
-1.95
-0.21
-2.2
0.88
2.22
-3.91
1.68
-0.96
-2.68
3.61
1.51
-0.48
-3.13
-3.33
-2.05
1.33
0.73
-2.98
0.47
3.7
-3.3
-2.31
3.46
1.36
0.6
-1.17
2.6
2.44
-2.68
1.42
1.27
-3.12
-0.07
-3.34
3.71
2.36
-3.05
-1.03
-2.74
3.18
-3.3
-3.51
-1.01
-2.49
-0.68
-2.73
-1.93
3.38
3.88
-3.86
-3.41
0.01
-1.24
-1.97
-3.99
-2.15
3.92
-1.6
-0.25
3.67
-2.44
2.6
0.78
-3.26
2.1
3.01
-0.95
3.01
-1.37
-1.17
-0.12
-1.33
-3.26
-2.99
0.79
-2.36
3.52
1.17
2.01
-0.68
-0.45
-3.82
-2.09
-2.23
-3.49
-1.68
-1.48
-2.1
-3.6
1.01
-2.38
-2.75
-0.97
-1.95
2.23
-1.61
2.69
-0.82
3.83
2.39
-0.94
-3.67
-0.47
-0.69
0.31
-3.59
-3.11
-1.01
2.62
-1.09
-1.83
-0.17
3.09
2.49
