-5
-1.9
3.29
1.26
-1.29
-2.47
-2.1
-3.04
2.68
-1.44
1.77
-1.25
1.86
2.57
0.69
1.99
3.37
-0.69
-0.63
2.38
0.92
2.75
-3.62
1.69
-0.17
-2.57
3.22
-0.95
0.07
-1.18
3.52
-3.64
-1.71
-2.37
-2.34
-1.08
-1.52
2.06
3.24
3.89
1.7
-1.67
0.1
-0.88
1.06
-1.92
2.81
1.94
-0.76
2.63
2.02
3.77
-3.17
1.89
3.06
2.95
-2.28
-0.46
-2.93
-1.98
-0.06
0.21
-2.84
-0.38
0.32
-1.79
-2.55
-1.9
1.68
-3.72
-1.04
1.7
-0.72
-2.5
-0.03
2.22
0.67
3.84
-1.24
-3.27
-0.4
-0.44
-1.78
-3.18
2.25
-3.17
-0.42
-2.96
-0.79
-1.61
0.26
0.64
1.11
2.07
0.54
-1.38
2.26
1.6
-2.4
-0.91
0.81
-3.58
-3.68
-1.47
-2.92
3.56
-1.65
2.87
3.61
2.43
-2.05
1.14
0.25
0.65
2.96
0.28
2.12
1.98
-1.06
0.44
-2.84
-2.25
