-10
0.84
-3.69
1.8
-0.84
0.18
-3.76
0.76
-1.95
2.13
-2.2
0.88
2.22
-1.66
1.68
-1.37
-2.68
3.61
1.51
-0.48
1.39
-3.33
-2.05
1.33
0.73
-2.98
0.47
3.7
-3.3
2.8
3.46
-3.01
0.6
-1.17
2.6
-0.88
0.87
1.42
1.27
3.18
-0.07
3.37
-3.71
0.55
-3.7
-1.03
-2.74
3.18
-3.3
-3.51
-0.94
-1.71
2.7
-2.73
-1.93
-2.13
3.88
-3.86
1.49
0.17
-1.24
-1.97
-3.99
-2.15
-2.95
-1.6
-0.25
-2.81
0.27
2.6
-2.25
1.39
-3.19
1.99
-0.95
3.83
-1.37
-2.14
-1.06
-1.25
-3.26
3.19
0.79
-2.36
3.52
1.08
-2.52
-0.68
-0.45
-3.82
-3.55
-2.23
-3.49
-1.68
-1.48
-2
0.17
1.01
-2.38
-2.75
-0.97
3.01
3.25
-1.61
2.48
-0.82
-3.29
2.39
-0.94
-3.67
-1.77
-0.69
2.85
-3.59
-3.11
-2.58
-3.32
-0.79
-1.83
-3.08
3.09
2.49
