-10
2.89
-1.76
-2.81
-0.84
0.18
-3.53
0.95
-1.95
2.43
-2.2
0.88
2.22
0.48
1.68
-0.96
-2.68
3.61
0.06
1.96
-3.13
-3.34
-2.05
0.56
0.73
2.99
0.47
3.7
-3.3
0.25
3.46
1.36
0.6
-3.91
2.6
2.44
0.87
-1.21
1.27
-1.2
-0.07
-3.34
2.25
2.36
-3.05
-1.19
-2.28
3.18
-2.76
-1.58
-3.32
-2.49
-0.68
-2.73
-1.93
3.38
1.58
-3.86
2.82
0.17
-1.24
-1.97
-3.99
-2.15
3.92
-1.6
-0.25
-2.81
-2.44
3.01
-2.25
-3.26
1.33
-1.2
-0.95
3.83
-1.37
2.89
-0.12
-1.33
-3.26
-2.59
0.45
-2.23
3.52
1.17
0.23
-3.49
-0.45
-3.82
1.43
-1.05
-3.49
-1.68
-1.48
-2.1
-3.6
1.01
-2.12
2.33
-1.65
-1.95
2.23
1.42
2.69
-0.82
-1.84
2.39
-0.94
-3.67
-0.47
-0.69
2.85
2.26
1.6
-1.01
2.62
-1.09
-1.83
2.62
3.09
2.49
