-3
3.32
-3.62
3.86
-1.98
-1.94
2.98
-3.1
1.17
3.08
-3.07
2.71
-1.87
-2.32
-3.6
-0.45
-3.31
1.02
-3.45
-1.54
-3.94
1.1
-2.35
-0.75
0.21
0.16
-3.11
1.37
-0.42
-0.84
2.03
-0.86
-0.06
0.19
-0.96
-1.09
-2.38
2.63
3.23
3.06
-3.86
-2.97
-3.87
3.76
3.26
0.84
2.94
2.82
-1.9
-1.05
0.29
-0.12
-3.06
3.72
-3.18
-2.63
-3.7
-2.86
3.06
-0.96
3.57
3.27
-0.55
1.47
0.38
-0.69
1.22
1.59
-3.7
1.87
-3.57
-0.32
0.32
-3.49
-2.88
-3.42
-0.51
-3.21
-0.2
1.95
3.45
-3.37
-2.68
3.17
-3.22
1.46
0.42
-0.2
3.28
-0.84
-2.83
-2.53
3.14
-1.2
-3.6
-0.45
-1.37
2.14
3.14
-2.72
3.84
1.81
3.96
-0.84
-2.04
-3.63
1.1
-0.4
0.25
3.37
-3.2
-2.34
-2.65
2.09
-3.27
-0.43
3.98
2.57
-3.78
0.3
-2.54
2.05
