-2
1.43
-3.4
1.15
0.02
-2.6
0.96
0.09
0.48
-3.66
-0.74
0.38
2.92
-3.84
0.97
0
-0.91
1.53
-4
-1.22
3.25
3.87
3.3
-0.37
-3.44
-1.31
-3.05
-2.85
-2.82
-3.38
2.51
-3.71
1.7
1.36
-2.62
1.51
2.5
1.66
0.87
1.94
2.9
-1.69
-2.48
-3.38
-1.34
-3.81
0.1
3.68
2.88
-2.95
3.08
2.53
-1.53
-3.28
2.3
3.64
-0.05
-1.6
-3.91
2.99
-1.61
2.54
-1.84
3
-0.9
0.42
-1.06
-0.85
3.74
-0.68
0.26
-3.62
-0.21
-2.55
1.41
1.34
2.19
3.34
-1.67
-3.07
3.45
2.51
-1.22
-3.88
-1.28
0.91
1.32
0.98
3.23
1.55
-3.67
0.82
-3.2
1.23
2.75
-0.18
2.95
3.14
1.3
-1.81
-0.74
-2.25
2.92
3.27
-1.58
2.47
-3.79
-2.51
-1.18
0.25
-3.57
-2.79
-1.46
-2.09
0.68
-1.76
0.47
2.55
1.46
0.45
-3.58
-2.22
