-10
-2.25
0.99
-1.38
-3.89
3.04
3.17
-0.62
-1.6
0.23
-0.92
0.43
2.38
0.62
3.62
1.17
-3.97
3.99
-2.04
-3.63
-1.45
1.46
2.2
-3.33
-2.26
1.18
1.72
1.73
-3.36
2.62
2.37
-2.94
3.18
2.98
-3.63
-1.32
-2.93
0.35
-0.93
0.1
-0.83
3.85
-1.66
2.55
-3.95
-0.94
-3.95
-1.92
-2.97
-3.31
-0.52
2.14
-1.59
-2.38
2.29
-1.31
1.15
2.93
1.73
0.29
-1.02
-1.28
-1.26
-1.65
3.23
3.6
-0.69
-0.54
-0.66
-2.81
2.54
3.68
2.54
-1.59
1.2
-3.67
-0.89
2.79
-3.01
-0.36
2.27
-0.26
-2.36
3.96
2.98
2.59
0.39
2.75
1.37
-1.83
0.26
2.78
-1.64
1.63
3.82
1.65
0.46
-1.43
1.29
0.93
-1.22
0.24
-0.21
0.45
-0.98
0.02
2.36
-3.51
0.73
1.99
1.72
2.56
3.24
0.63
0.73
3.2
0.49
-2.04
-0.46
-2.5
-0.41
3.69
