-2
1.39
0.06
0.22
-2.38
2.81
-0.4
-1.14
3.91
-1.88
3.9
2.3
3.24
-2.72
-3.81
2.77
-3.21
-0.12
-0.72
2.2
3.31
2.23
-3.55
-3.33
1.12
0.28
1.67
-1.92
-3.93
-3.22
-3.17
0.74
-2.8
0.81
1.8
-0.94
3.85
-0.92
-1.23
-1.77
-2.6
1.87
0.6
0.47
-0.92
2.6
0.54
3.51
0.12
-0.84
-2.4
3.41
0.92
1.92
-1.5
4
-1.57
-1.92
-2.92
1.23
-2.86
2.76
-3.79
-1.56
4
-3.97
0.01
1.34
2.67
-1.02
-0.49
-1.79
3.75
1.47
2.53
0.92
-1.85
1.41
1.81
-3.76
1.38
-3.68
1.93
3.02
0.31
-0.78
-1.68
0.33
1.31
-0.21
3.9
-2.9
2.23
0.38
2.11
-1.28
1.15
0.2
0.87
-2.07
2.52
-2.39
-2.81
1.7
-0.73
-1.73
-0.42
-0.17
-0.11
2.13
3.44
-0.6
2.08
0.67
1.09
-0.58
1.71
1.23
0.3
0.67
-0.22
-0.36
