0
1.39
0.06
-0.73
1.24
3.93
-0.4
-1.14
3.91
-1.88
3.9
2.3
2.73
3.31
3.68
0.05
-2.68
-0.12
-0.67
2.2
3.31
-1.98
0.09
-3.33
1.12
-3.74
-1.64
-0.88
4
-3.22
-3.17
1.22
-1.01
0.81
1.8
-0.94
-3.35
-3.41
-0.22
1.87
-2.6
0.98
0.6
0.47
-0.92
2.6
0.54
-1.04
3.21
3.42
-2.4
3.81
0.92
1.92
-2.73
4
-1.57
3.23
3.42
1.23
-2.86
3.91
-3.79
-1.56
-0.7
-3.97
0.01
1.34
2.67
-1.02
-0.49
-2.53
3.75
-1.88
2.53
-2.89
-0.49
-3.2
1.81
1.57
2.23
-2.42
1.93
0.75
3.5
-0.78
-1.68
-3.59
-0.05
-0.21
-2.41
-2.9
4
0.38
-1.65
-1.28
1.15
-1.55
-1.59
-3.54
2.52
-1.17
-2.81
3.35
3.44
1.91
3.76
-0.17
-0.11
2.13
3.44
-0.6
-2.19
3.87
3.07
-0.35
-3.18
-1.48
-1.8
0.67
-1.47
-2.45
