-6
3.56
-2.83
-1.21
1.26
1.34
1.7
-1.85
3.91
-2.01
1.62
-3.24
-3.09
-2.95
1.9
-3.22
4
2.43
-0.72
2.2
-1.6
-3.67
-3.55
1
1.65
0.28
-3.07
3.96
1.91
1.67
-3.94
-2.18
1.74
1.77
1.8
3.13
-3.35
-0.91
-3.9
3.05
3.66
3.36
0.6
3.65
0.16
2.6
2.75
3.51
0.12
-1.69
-2.4
-1.69
-2.41
1.37
-1.93
-2.41
-1.54
3.01
-3.4
-2.41
-0.2
2.76
-3.79
3.01
-3.97
-2.31
2.37
3.1
2.84
3.04
-0.49
-1.83
-2.66
1.47
3.42
2.12
-0.49
-3.2
-3.07
1.09
2.27
-2.42
-2.77
-0.4
0.31
3.38
-1.68
0.33
1.74
3.83
1.81
2.74
2.68
2.52
0.96
2.68
-0.9
1.24
0.1
-2.28
-3.19
3.25
-2.81
1.7
-0.73
-1.73
2.07
-3.93
1.73
1.57
-0.86
3.92
1.55
1.39
2.03
-1.5
-3.81
-3.72
-2.42
0.67
-0.04
-2.39
