-5
1.22
-1.76
1.8
-0.84
1.66
-3.29
-2.42
0.97
-0.21
-3.26
-3.25
0.02
-0.29
2.33
-3.05
-3.88
-3.28
0.48
1.12
-3.13
3.2
3.7
1.93
0.73
-0.28
0.52
-0.6
-2.44
-2.31
2.6
-2.67
-0.2
-0.46
3.56
-2.13
3.51
-1.92
1.66
-1.2
-0.63
3.37
2.83
-3.08
0.01
-1.19
-2.28
-3.71
3.37
0.76
-2.6
-1.02
-0.68
1.67
-2.36
-0.98
1.98
-2.61
2.82
0.09
-0.65
-2.48
1.9
-2.15
-3.52
-1.6
2.62
3.67
-2.44
-0.42
-2.25
0.18
1.33
3.97
-0.95
2.03
3.49
-3.13
-3.3
2.21
1.27
0.23
0.04
2.91
2.7
1.08
-1.47
2.93
-3.82
-3.82
2.95
-2.23
-3.74
-1.68
-2.57
1.39
-0.96
1.28
0.33
-2.75
-2.52
-3.08
1.3
-3.78
-1.68
1.22
-1.84
-3.58
2.74
0.49
3.75
1.1
3.58
3.34
0.91
-1.15
-3.32
-0.79
-1.15
1.19
0.58
-0.1
