-1
-2.76
0.99
2.48
1.79
2.82
-2.07
1.7
2.2
-1.18
-0.43
-0.19
3.11
0.7
2.15
0.34
-2.43
0.66
-1.34
-2.06
-3.01
-0.2
2.15
-0.95
0.49
-3.7
0.83
-0.36
-2.11
2.14
0.94
-2.62
-2.63
2.2
-0.16
-3.65
-2.59
-3.03
-2.23
0.1
3.26
-2.88
2.83
0.52
0.84
-3.29
-0.68
3.07
-1.09
3.23
2.43
2.14
0.56
1.48
1.64
0.72
-1.53
0.2
1.72
1.44
-2.02
-1.9
-0.43
0.26
3.84
3.6
0.97
-4
-0.66
-1.01
-2.66
-0.96
-3.43
-3.84
-0.01
2.43
-3.64
3.6
0.79
3.33
2.27
-0.26
3.73
1.47
2.98
3.03
0.72
1.96
1.37
2.46
3.84
-2.05
2.25
3.61
3.82
2.18
1.53
-2.99
1.29
-0.29
-1.22
0.24
-0.72
1.13
2.94
0.02
1.94
-3.51
3.71
1.3
1.72
2.56
-3.96
-1.15
-3.66
-3.84
-2.05
-4
-0.46
-3.92
3.53
1.36
