-9
-1.79
3.13
1.67
-3.62
-3.98
1.82
-3.04
-1.19
-0.68
0.44
3.21
2.47
-0.3
0
3.81
1.5
-3.42
3.85
-1.13
-0.14
2.92
0
1.14
0.65
-3.94
3.22
-0.95
0.07
-1.76
-2
-3.01
-3.41
-2.37
-2.34
3.37
-1.52
2.06
-1.28
1.05
1.7
0.77
-2.27
2.62
-1.6
-3.08
-0.45
-1.24
-1.22
1.2
-3.91
3.77
2.15
-4
-3.62
2.14
0.54
3.57
-2.93
0.65
-3.27
-0.92
-2.96
2.3
-2.94
-1.16
-2.55
1.68
-2.22
-3.72
0.83
-1.59
-0.41
1.31
3.28
0.56
-0.88
1.87
3.73
0.33
-2.9
-1.3
-3.77
-1.11
2.25
1.62
3.47
-2.51
-2.92
-2.45
2.93
-1.5
-1.67
2.07
1.14
2.66
-1.08
-2.26
2.2
-3.53
-2.05
-2.83
-0.9
-1.57
3.46
0.8
1.13
2.81
-1.42
-1.48
-0.97
0.97
-1.42
-1.48
3.28
2.04
-0.76
2.59
1.45
0.44
-0.63
-2.75
