-3
-1.28
0.81
1.2
3.01
-0.08
-1.5
1.76
-0.56
-2.47
1.33
2.58
-0.16
1.12
2.06
-3.47
3.45
0.92
2.37
3.76
2.73
2.62
0.51
-0.9
0.56
2.48
3.28
-0.77
-0.32
-0.76
0.99
-0.85
0.52
-2.83
3.7
-2.37
2.86
2.43
1.41
-3.86
-1.29
-0.65
-3.45
2.07
-0.38
-3.82
-1.37
-3.41
-1.99
-3.37
3.34
0.46
0.31
0.9
-3.33
-2.11
2.21
-3.4
-0.76
3.54
-1.02
0.84
1.05
1.03
0.54
-3.92
2.12
3.31
2.21
-0.23
-1.14
-0.23
1.89
-3.6
-0.73
1.18
-1.47
1.78
-0.94
1.68
2.1
-3.72
0.18
-1.66
2.96
2.55
-3.53
1.47
-0.39
-1.63
-2.01
-3.83
2.17
-3.21
0.34
-0.06
-2.21
-2.22
-0.76
-1.29
-3.84
2.63
0.16
-2.17
1.78
0.01
-0.79
-1.73
-3.98
0.96
2.12
-0.17
1.78
0.48
-0.12
2.29
-0.91
0.49
3.83
3.11
0.31
3.97
