-2
1.3
-3.08
3.05
-2.04
-0.15
-2.02
3.47
-1.33
0.13
1.57
3.95
-3.05
1.78
3.65
1.87
3.21
3.59
-2.72
3.29
-2.62
1.49
3.76
-3.96
-0.33
-2.79
-3.26
2.44
2.09
0.84
-1.16
-2.69
2.76
1.26
1.92
-0.46
3.82
1.76
-2.75
1.02
2.36
-3.77
-3.51
0.53
-0.5
-2.25
1.84
-1.8
-0.68
0.92
-0.75
-2.64
3.45
-1.49
3.58
-3.58
1.54
-3.13
-0.63
-3.26
-0.9
-0.45
-2.63
1.83
-2.72
0.25
-2.81
-0.3
3.86
0.11
2.05
-2.56
2.33
0.26
-3.08
-2.85
0.99
-0.77
0.55
-2.08
-0.63
2.55
-0.89
-2.84
-2.41
-2.53
-2.13
0.24
1.68
1.49
2
2.95
-1.61
-3.49
-2.08
-1.19
2.86
-1.34
-0.76
3.25
-3.44
-1.86
-1.66
3.22
2.87
-2.2
-0.97
-0.82
-2.41
2.43
-0.56
-1.69
0.33
-2.55
1.37
0.56
-3.57
-3.8
0.24
3.82
-1.62
0.95
2.02
-1.64
2.11
3.11
3.06
1.82
-1.66
2.12
-1.71
-1.68
3.99
1.3
-2.65
-2.77
0.2
-0.1
-1.7
3.79
2.44
2.69
-1.35
3.26
-1.95
-0.32
-1.39
-3.07
-0.86
1.36
-1.63
2.66
2.43
-0.57
0.86
-0.38
0.12
3.98
-2.9
3.77
-1.25
1.22
-3.16
-0.53
0.14
-2.88
-1.67
3.03
-3.9
0.14
-3.65
0.54
1.91
0.46
-2.63
-0.3
-1.7
2.77
-3.69
-1.58
0.5
2.13
-1.32
0.98
-0.26
-0.36
-0.1
0.56
-3.56
1.74
1.11
0.22
-1.21
-1.47
1.04
-2.78
1.85
3.18
-0.88
-3.07
-2.65
-0.42
-3.18
3.01
1.01
1.84
-3.26
-2.04
-1.95
-2.85
-2.69
1.36
3.67
2.68
-0.73
0.62
-1.46
-0.14
3.74
-3.51
1.22
1.77
2.59
-1.63
3.03
0.13
-2.26
-0.63
3.43
-3.86
1.86
-0.88
-0.36
3.38
-2.94
-3.09
1.3
-0.32
3.98
1.91
-1.11
-2.07
-1.5
3.29
0.42
3.75
0.56
0.12
3.27
-3.59
2.69
-2.02
3.45
-1.38
-0.29
-0.41
0.99
2.46
3.98
-3.13
0.09
1.37
-1.46
-2.1
-0.7
2.2
-2.29
-3.72
1.61
-1.65
3.33
2.87
-0.12
-2.18
1.6
-0.71
-0.74
3.31
1.95
3.29
3.58
1.63
0.11
3.02
-2.54
-0.13
-0.32
-2.98
-0.33
1.48
-0.08
2.84
-0.3
3.11
-2.19
1.53
3.4
-3.41
-0.02
2.23
2.03
0.27
2.51
0.91
-2.92
3.83
2.11
1.62
1.02
-3.58
-3.68
1.69
-3.49
-3.31
-2.71
2.46
-2.74
-0.48
-3.57
3.43
-1.49
-3.31
0.62
-3.88
2.44
-3.51
-0.84
0.78
-4
-3.93
-0.11
-1.34
-0.68
3.73
-2.75
-0.69
3.13
3.2
1.93
-2.36
1.77
2.06
0.01
-0.76
1.16
2.24
2.33
-0.99
1.82
-0.64
0.26
-0.13
-3.85
0.55
-0.29
1.34
3.66
2.38
2.48
-3.41
0.66
-2.68
1.62
0.94
0.53
1.66
-1.64
-3.22
3.44
1.99
3.34
-1.94
1.59
2.8
-2.34
0.46
0.69
-2.63
-1.03
-3.81
-1.84
-3.85
2.97
0.65
-0.18
-3.98
-1.49
2.78
0.01
-0.08
-0.35
-3.26
-3.28
1.34
0.99
0.44
-3.56
3.07
2.71
3.51
-0.12
1.54
-0.43
3.83
0.02
-1.8
2.28
-2.64
-1.11
3.26
-3.35
2.28
-0.59
2.28
2.43
0.51
-1.64
-3.04
-2.88
0.51
-0.85
-0.41
0.78
-0.48
-1.67
2.59
-2.66
-3.75
-2.19
1.22
0.02
1.62
-1.33
-0.53
0.32
0.62
0.58
3.14
-3.37
-2.38
-2.26
-2.86
-0.12
0.76
-0.74
1.38
1.34
-1.56
2.91
-3.53
-1.92
3.49
1.94
-1.81
0.35
-3.72
-3.24
-3.96
1.5
1.44
-3.15
2.03
3.56
1.68
-0.77
-0.97
-0.39
3.94
-2.04
-2.19
3.94
-0.77
-3.67
3.51
-1.23
-2
3.71
-3.99
-3.75
0.95
-2.76
2.9
-2.66
-2.67
-0.86
0.54
3.68
-3.53
3.12
0.03
-0.14
0.53
-2.37
-0.8
-3.24
-0.29
-2.42
2.21
-2.48
-3.77
-2.23
1.41
-3.52
1.1
-3.46
2.85
3.16
2.44
3.42
-1.66
-3.42
-3.26
3.79
-3.46
0.19
-2.05
0.68
2.23
-1.46
2.7
-0.65
-0.87
-3.18
1.93
1.95
-0.6
-2.41
1.13
2.74
3.07
-3.58
-2.5
2.5
-3.98
-0.82
-0.16
2.42
0.25
-3.22
0.29
1.39
-2.76
-2.95
0.77
-0.55
-0.88
0.74
-2.91
3.01
2.81
3.03
-0.64
-0.33
-1.17
0.88
2.64
0.58
-1.44
3.15
1.15
1.26
-1.98
3.7
-3.65
-2.08
3.09
-1.75
3.77
1.37
-3.66
-0.46
-3.57
1.44
2.26
-2.69
-1.89
-1.92
0.05
-1.52
-1.17
2.67
-3.51
2.13
3.94
-3.97
1.06
1.84
-0.34
-0.86
0.55
3.26
-0.14
1.1
-0.36
3.03
-0.63
-2.46
-3.31
-1.16
0.37
-3.14
0.97
-0.27
2.66
-0.73
2.59
1.93
1.41
-2.48
-1.23
0.56
-3.48
-3.92
0.32
2.49
0.76
-0.11
3.77
-3.68
0.87
-2.76
2.59
0.62
-3.18
-2.91
3.68
-0.66
-2.2
3.23
1.95
-3.43
-2.62
-2.79
2.11
-2.04
-2.31
0.77
3.47
0.66
-2.56
3.14
-3.58
-1.86
-3.63
3.99
2.74
-0.22
-3.23
1.16
-1.74
3.48
-2.23
-3.63
1.97
-0.88
-1.72
-3.65
-1.09
1.57
-0.41
-0.75
0.13
2.19
-0.43
-1.8
-0.83
3.32
-2.03
-1.64
0.8
3.99
0.43
-0.89
2.89
1.74
-3.18
0.44
0.25
-3.17
-1.65
-0.1
-1.43
0.64
0.96
2.47
2.8
-2.99
-0.76
-1.01
3.68
-2.67
-2.14
-2.11
-2.94
2.2
-0.99
-1.76
2.57
2.18
0.82
3.42
-2.19
2.42
-3.64
-1.73
-0.95
2.67
-2.51
-3.77
-1.71
1.84
0.1
-1.93
-0.79
3.7
-3.32
3.49
-2.78
1.11
-0.6
-1.84
0.07
2.98
-1.32
-0.54
2.13
-1.47
-1.96
-3.31
-1.27
2.59
1.87
2.08
0.02
-1.06
-1.92
0.15
0.28
-1.31
-0.58
-3.87
3.53
-1
-3.3
-2.16
1.24
3.79
2.69
-2.64
1.51
-0.47
-2.99
-2.54
-1.23
-1.35
-0.66
-1.16
-0.26
0.9
0.15
-3.48
0.62
-3.21
1.51
-0.29
3.97
2.03
2.06
-3.73
1.61
0.53
-0.8
2.54
-2.32
-0.73
-1.36
-2.94
2.28
-3.17
2.22
2.34
-0.16
-3.32
-0.82
3.21
1.57
0.41
-0.7
-2.64
3.6
3.25
-3.59
3.39
2.54
-1.1
-0.48
2.73
1.5
1
-2.13
3.22
-2.27
2.41
-0.25
-3.02
-3.68
-1.52
3.78
3.51
-3.99
-1.73
0.57
-1.1
2.69
1.82
0.68
-0.06
1.62
2.31
2.14
-0.44
-1.28
0.7
-3.33
2.37
0.11
-0.18
4
2.79
3.75
-0.08
-0.43
-2.73
2.97
3.01
0.61
1.44
0.93
-1.8
2.88
-0.92
0.63
-0.2
-2.65
1.32
-1.32
1.52
-3.31
-3.28
2.22
3.58
-2.9
3.2
2.86
2.31
0.5
1.03
1.74
1.39
0.87
0.51
-1.51
-3.01
3.76
0.1
2.71
-0.71
-0.07
3.68
-2.79
3.25
3.01
-0.58
3.44
-0.95
2.94
2.92
-0.66
-0.65
-0.32
2.6
-0.88
3.28
-3.44
-3.83
-1.19
0.38
-1.58
-3.34
-1.5
3.58
3.71
3.54
1.33
-1.64
-3.41
-0.37
0.04
1.26
2.62
3.4
-2.41
-2.98
3.52
2.98
-3.43
1.69
3.76
-0.19
3.37
1.58
-2.32
-1.62
-2.29
2.27
-2.61
-0.79
-3.58
3.59
-2.72
-1.68
-3.13
-0.73
1.17
-2.37
3.55
3.48
2.09
1.07
-1.55
-0.7
-1.13
2.09
0.73
0.28
1.01
-1.9
3.77
-2.42
3.61
1.13
0.62
2.61
-2.71
0.93
1.89
1.32
1.82
3.07
-3.03
1.39
-0.79
0.46
-0.03
0.3
2.53
2.32
-0.15
1.88
3.44
-2.91
3.6
-1.31
-2.65
0.06
-1.3
-0.4
1.65
1.43
-2.74
3.29
-0.56
2.84
3.99
0.16
1.71
-1.74
-2.03
-3.76
-0.26
-1.78
-2.35
3.03
0.09
1.07
-3.91
2.42
-1.89
-3.57
1.76
2.69
2.26
-2.12
-1.85
2.51
1.53
-2.08
1.26
1.23
-1.78
-1.71
3.68
-3.61
1.8
-2.31
-2.06
0.37
0.48
3.82
2.59
0.27
0.35
-0.4
-1.87
1.22
3.44
-3.43
2.61
0.29
-0.04
0.29
-2.52
1.21
3.68
-1.43
-2.97
-2.45
0.69
-2.53
2.63
-0.22
1.01
0.74
2.03
-2.55
-1.45
-2.74
-2.78
-1.6
-0.87
-0.27
-2.06
-1.7
-2.15
-2.51
-1.66
-1.35
3.76
0.94
3.07
0.96
-0.68
-3.03
-2.74
1.94
-3.19
-1.54
-3.29
-0.78
-3.35
-3.62
3.68
-1
-2.82
-1.19
3.26
3.61
1.58
-3.32
-1.34
2.18
3.35
0.2
-2.85
-3.77
-1.65
3.18
-0.64
2.19
-3.77
2.38
-2.2
3.76
-1.59
-2.33
-3.55
0.03
-0.53
-3.91
-3.37
-3.91
-3.46
2
-2.26
-1.26
0.05
2.95
-2.89
3.04
-1.77
-1.27
1.08
3.08
-1.73
-3.11
1.61
3.12
3.82
-2.97
-0.42
-2.37
3.1
-1.47
-1.02
-1.73
2.58
3.93
-3.42
3.52
-1.65
-0.77
0.14
1.49
-3.96
-1.43
1.63
-2.66
-1.55
2.42
0.18
-0.59
2.06
0.32
-0.05
1.51
-2.7
-1.27
1.48
-2.48
0.06
-2.66
0.22
-1.56
0.51
3.01
-3.01
2.01
-0.99
3.48
0.17
0.13
2.36
-2.4
0.69
3.01
2.59
3.6
3.03
3.7
-0.74
0.26
0.67
-2.6
0.85
-3.83
-0.43
-1.23
2.59
1.48
-3.03
-0.16
-1.56
3.07
-0.55
-2.99
3.01
-2.3
-3.03
-2.96
-2.43
3.63
2.33
-1.02
-1.76
-3.95
1.05
0.46
3.64
0.95
2.92
-2.29
-0.3
1.79
2.26
3.81
0.67
-1.18
1.59
0.33
-0.57
2.22
3.43
1.54
2.5
-3.68
-2.32
3.29
2.15
-0.32
4
0.89
2.62
1.99
2.12
-0.36
1.93
-2.32
3.16
0.8
-0.88
3.12
-0.86
-2.37
2.56
3.27
-3.86
0.66
-3.19
-0.35
0.34
0.18
0.12
0.65
1.61
-0.64
-3.81
-3.21
0.49
-2.08
2.37
1.77
2.31
-0.04
0.95
-1.97
-0.91
1.72
3.67
-1.38
-2.13
-1.01
-0.33
-3.22
-2.79
0.32
-0.92
1.8
2.99
3.23
-3.82
1.03
2.48
-1.5
3.35
-0.19
-3.23
-2.03
-3.63
-1.24
-0.56
1.14
1.2
1.23
2.43
1.35
-3.2
3.19
0.68
0.53
0.17
-1.58
1
2.19
-2.23
-2.66
-3.49
-0.67
-0.56
-2.71
-3.73
-1.6
-2.19
1.26
-2.26
-2.66
3.3
-0.2
0.62
-2.87
-2.75
-2.88
1.34
0.9
3.19
0.74
1.8
2.45
-1.65
-0.14
-0.48
-0.1
-2.89
-1.55
-0.95
1.76
-3.97
-3.71
-3.27
2
-0.7
1.44
2.53
3.09
-1.51
-2.96
-0.67
3.94
-0.52
1.09
2.06
1
-1.44
-0.46
-0.73
-0.95
1.09
-3.91
3
1.04
-0.45
-1.93
-3.02
3.58
1.78
0.38
-2.72
3.36
-1.8
-0.01
-2.69
3.01
-0.93
2.63
1.84
-0.19
-1.41
2.25
-1.59
2.15
-2.59
1.86
-1.04
1.26
1.8
2.52
-2.67
1.57
3.18
-4
-3.33
3.94
-2.71
-0.3
-1.56
-2.77
0.46
2.95
-2.69
2.12
3.76
-0.02
1.74
3.5
-0.22
3.06
-2.07
-0.06
1.71
3.47
-3.55
2.84
1.69
-3.15
-0.37
1.7
3.11
-0.28
-2.22
3.26
-0.96
-0.28
-3.83
-1.81
-0.69
-2.63
1.71
3.37
0.18
0.6
3.35
-0.36
0.94
0.29
2.39
1.43
-3.89
-0.53
-2.52
2.75
0.59
1.39
3.86
3.72
3.56
-2.16
-1.76
-3.57
-3.93
0.74
-1.87
-3.26
1.17
-1.95
-0.93
0.04
-0.2
-0.46
0.18
-1.6
-2.66
-1.44
3.77
-2.89
-3.89
0.81
-2.11
-2.61
-1.53
2.2
1.59
-0.36
-1.76
-0.96
-1.33
1.65
-0.14
-3.55
-1.37
-2.53
3.14
1.28
3.3
3.45
-1.53
2.61
2.48
-1.12
-2.78
-1.65
-2.37
0.57
3.29
3.08
1.4
-1.98
1.63
2.75
3.6
-1.25
3.95
-3.16
1.97
-2.12
3.16
2.49
2.51
-1.87
3.38
1.43
-3.83
-0.66
-3.09
-1.29
-0.73
0.07
-0.73
-3.69
2.64
-2.49
2.34
3.01
-3.83
-3.89
0.56
-2.99
0.36
-0.83
1.65
-3.35
-3.99
1.12
-3.14
3.89
-2.48
2.29
3.31
1.41
-3.72
-0.02
-3.9
0.35
-0.49
-0.21
-1.82
2.29
-0.34
0.57
-0.2
-2.67
2.75
1.32
-3.9
2.09
0.42
-3.07
-3.33
1.85
1.32
2.15
-1.87
-0.67
0.49
2.73
1.41
-0.94
-1.52
-2.98
-2.81
0.99
0.76
1.86
-3.98
-1.35
-2.6
-2.02
-0.5
0.38
1.94
2.28
1.35
3.79
3.37
0.31
-2.1
-1.3
1.01
-1.22
-0.53
-3.42
1.62
-2.54
-3.91
-1.86
-2.15
0.77
3.87
0.78
2.39
3.12
-0.2
-1.36
-0.62
2.81
0.58
-3.11
1.29
1.45
0.68
-1.57
1.44
0.29
3.92
3.04
-3.21
-1.66
-0.04
-3.83
0.82
-1.3
2.05
3.71
1.55
-3.4
3.37
-0.7
1.76
1.88
-3.2
0.64
-1.88
2.72
2
2.82
-1.53
-1.29
0.41
-3.45
3.74
-2.99
1.42
3.57
2.1
-2.96
-0.85
-2.67
-2.46
-2.95
-2.65
3.51
-3.2
3.69
3.97
-0.31
-2.93
0.1
1.09
-1.23
3.45
-2.72
-0.87
3.41
0.64
-3.97
-3.7
2.72
2.3
-2.91
0.57
2.08
1.94
-0.6
-3.57
-0.19
1.28
2.49
-2.4
0.51
1.46
2.04
-2.25
0.71
0.53
-2.7
-0.17
-1.57
2.76
-1.7
1.75
2.38
1.63
-2.36
-2.89
2.46
1.88
2.02
-1.08
2.06
-3.27
0.43
-0.97
-3.56
0.49
