-7
-0.1
-0.11
2.18
-3.88
-1.94
-3.34
-3.06
0.32
-0.01
3.43
0.78
-3.98
0.64
-0.48
-0.02
-2.62
0.93
-3.87
-3.41
0.41
2.17
0.8
2.42
1.57
-1.43
0.09
-3.68
-2.89
-1.06
2.59
1.47
-0.21
3.01
-3.35
3.7
-2.13
0.93
-3.3
3.75
-1.86
-0.7
2.41
-1.15
-2.71
1.86
-1.25
3.26
-0.36
-1.01
-1.88
3.66
-0.56
3.7
-2.42
0.44
3.11
1.48
-3.4
1.56
1.98
-3.67
3.83
-2.62
1.4
-2.04
-3.01
-2.98
-0.01
-0.17
-1.9
0.46
0.23
-3.61
2.46
-2.89
3.77
-2.06
1.13
3.72
3.82
0.83
0.69
2.12
-3.19
2.94
-1.98
0.09
1.42
0.22
-3.42
0.4
0.33
-0.86
-2.24
-2.2
-0.53
1.02
1.45
3.34
0.86
-2.27
-0.73
3.81
-3.12
1.67
-0.58
-0.95
-2.77
-3.53
0.68
1.16
-3.65
-3.11
1.75
-2.86
-0.36
-2.3
-3.44
2.47
3.94
0.9
-0.39
3.78
-0.76
1.71
-3.88
-2.92
2.63
0.66
1.64
-1.26
0.5
1.8
-1.15
2.08
-2.44
0.88
1.23
-0.85
-0.48
2.97
-1.15
0.94
3.55
-0.57
0.04
-0.56
1.4
-3.38
2.17
-2.24
0.45
2.99
3.4
3.97
2.13
-0.51
0.57
-0.82
1.54
-1.67
0.43
0.58
-1.17
-2.07
-3.34
-1.44
2.04
3.67
3.58
2.76
0.48
1.42
-1.05
-3.04
-1.96
2.67
-3.77
3.81
-2.34
0.69
-0.31
2
2.49
-0.12
2.3
1.51
2.4
-1.11
3.96
2.07
-3.69
-1.95
1.62
-2.82
-1.46
2.27
-1.89
1.61
-1.23
-2.52
1.4
1.74
-2.96
3.41
1.29
3.04
0.04
2.43
1.92
3.46
-0.74
0.76
-2.49
-3.16
2.64
2.43
2.09
2.95
-0.36
-0.85
0.16
-0.85
3.71
-2.5
2.45
-1.58
3.8
-2.24
2.43
-0.23
0.55
-1.38
1.04
-3.83
3.3
1.96
0.95
3.09
2.59
3.26
-2.53
3.98
0.97
-3.51
-1.2
-0.45
-3.47
0.78
-1.46
0.12
-3.83
-0.84
-2.03
3.63
1.33
-1.75
2.03
3.55
-3.04
-1.13
3.24
-1.73
-4
-1.86
-1.09
-3.36
3.73
-2.67
-2.45
-3.32
-2.53
3.01
-3.64
0.38
-2.32
0.19
2.18
3.21
2.7
-1.11
-2.12
-0.98
3.22
-1.7
-0.41
-2.61
-3.36
1.42
-1.15
1.04
3.93
1.41
2.13
-0.28
-3.98
3.2
3.97
-1.17
1.59
-1.84
-0.17
3.2
-0.78
-2.14
-1.36
-2.83
-1.2
1.6
1.95
-2.86
0.08
2.82
-3.16
2.07
-3.02
0.22
-0.94
1.7
2.55
-2.48
-4
-1.69
2.49
0.51
-3.25
0.06
-3.12
0.64
0.35
-1.52
0.22
-0.65
-2.39
0.54
3.07
-1.32
3.81
1.36
3.67
-1.58
2.59
-0.96
3.48
-2.29
-3.04
-2.89
0.57
-3.95
-1.26
-0.19
0.14
-1.73
0.28
0.07
-1.85
-2.48
-3.29
2.71
-2.9
2.59
-3.72
2.17
-2.76
-0.54
0.92
-3.28
1.2
0.3
3.01
2.3
0.41
1.7
2.04
0.12
-1.07
0.96
-1.17
0.77
-0.45
3.65
3.49
-3.17
-2.11
-3.46
2.35
-2.05
3.08
1.55
-1.62
1.54
-2.03
-2.91
0.25
-2.93
-1.86
-3.58
-2.21
0.01
0.79
-3.77
-0.09
-3.73
-2.96
0.45
3.4
2.44
0.23
-3.85
-2.87
1.2
2.69
-0.06
-0.85
-2.54
3.1
3.46
0.27
-3.3
1.11
-1.03
-2.35
3.66
-2.08
-2.54
0.33
-0.68
-2.55
0.96
-2.02
-1.49
-0.84
2.83
3.99
-0.69
-0.26
3.22
3.79
1.45
-2.86
3.92
1.72
2.92
0.41
1.19
2.86
2.03
1.94
-1.22
-2.02
-1.32
0.15
-2.91
2.91
-2.19
2.58
0.25
2.35
3.59
-3.88
0.07
0.98
3.27
2.17
2.63
-1.97
3.87
-0.04
3.85
1.73
3.88
3.67
2.83
3.56
1.2
1.25
-1.26
-0.75
0.73
-1.4
2.3
1.38
2.67
-1.02
3.31
2.36
-1.93
3.93
2.17
0.74
3.49
-3.14
-3.81
1.33
1.08
-1.07
2.45
-3.26
1.78
-0.85
3
-1.93
2.1
1.06
-1.9
-0.99
1.33
-2.47
-2.3
0.57
-0.16
-3
-2.39
0.98
-2.18
2.69
2.32
0.29
2.87
-3.73
3.96
3.95
1.8
-0.9
2.24
3.01
3.48
-2.51
-1.52
-1.74
2.8
-2.01
1.47
-2.42
-0.39
0.23
3.29
-2.39
-3.12
0.29
-2.98
-3.47
2.22
-2.4
-3.11
2.48
3.25
-0.78
-0.5
2.39
0.62
-1.84
-2.12
1.51
-0.81
3.05
0.27
-1.01
2.82
-0.91
-0.46
-0.16
3.06
3.45
1.77
-2.15
-0.46
-3.97
-2.64
1.59
3.41
0.71
-0.6
-1.42
3.25
3.42
-2.28
0.19
-1.79
3.77
3.76
0.25
1.99
0.1
1.65
0.64
-3.9
3.96
2.39
0.56
3.96
0.29
-1.21
1.79
-3.26
1.19
-2.52
2.78
-0.17
3.04
-1.06
3.22
-2.15
1.92
2.98
3.92
2.76
3.3
2.26
-0.23
1.33
-3.92
-3.22
3.06
-0.67
3.3
1.85
-1.05
-2.21
-2.88
-2.26
-0.42
-2.35
0.81
1.63
-0.89
-2.09
1.62
-2.17
-1.94
1.94
-1.05
-3.65
-0.83
0.82
-3.46
-1.6
-3.93
1.12
1.74
1.88
-3.2
-2.3
-1.39
3.24
3.88
-0.49
-0.26
-1.54
-2.55
3.35
2.53
0.98
-1.3
1.3
3.36
1.57
1.05
-3.72
-0.13
2
-2.86
1.47
0.19
1.84
-1.63
3.73
1.61
-1.77
-1.22
0.89
1.77
1.84
0.06
-0.75
-3.07
-2.12
3.04
1.57
1.76
3.6
2.18
-0.85
-3.62
-1.28
3.41
1.98
1.65
1.88
1.47
-1.02
1.35
3.8
-2.75
3.74
0.73
-0.66
1.51
0.78
0.86
-3.85
1.91
-2.5
3.68
0.56
-2.43
-3.31
-3.09
3.46
0.36
1.48
2.53
3.48
-1.48
0.27
3.82
2
1.08
-2.53
2.44
0.4
-1.93
3.74
0.77
3.81
3.55
1.97
0.58
0.32
2.52
1.59
0.38
-1.74
-3.3
1.6
-2.31
0.67
-0.53
-0.17
-2.86
2.71
1.06
2.2
-2.49
4
0.45
1.87
1.27
0.98
3.93
2.74
2.27
0.03
2.34
-3.54
2.09
2.18
0.74
3.88
1.02
-0.39
0.11
0.59
-3.07
2.78
-2.91
0.27
2.78
0.93
-1.42
-0.86
-1.48
-2.75
-3.68
3.73
3.34
-0.13
2.22
0.78
-0.64
-2.33
-3.31
3.6
0.4
3.78
3.33
-3.66
-0.08
-3.76
3.52
-0.48
3.94
-0.4
2.81
1.54
-1.41
-3.54
1.26
-1.26
2.9
-3.83
3.1
-3.66
-1.6
0.78
0.22
1.01
-0.3
2.61
-2.88
-1.79
3.96
3.97
0.51
-0.65
-1.09
0.52
-3.82
-2.84
3.46
-3.26
-3.66
2.54
1.42
3.06
-0.79
2.92
-1.56
-1.21
1.14
2.88
2.62
-0.52
1.88
-0.82
-1.43
-3.65
1.19
3.63
-0.44
-1.69
0.65
1.31
3.12
1.3
-0.43
3.98
3.09
-0.54
-1.38
2.08
-3.73
0.1
-0.72
2.15
3.83
-3.44
-1.07
-0.65
-2.44
1.3
-1.43
-3.09
-2.53
-1.75
-0.4
0.47
-1.92
-2.67
-3.23
-1.44
3.33
-3.44
1.6
1.14
0.1
-0.97
3.42
-3.89
-0.51
-0.77
3.83
2.99
-3.84
3.06
2.6
-1.49
-3.81
3.74
-0.65
-2
1.42
-2.16
2.06
2.26
3.74
-0.27
-0.16
0.86
-2.31
3.1
1.89
1.76
-1.32
-3.94
2.76
3.72
2.5
2.15
-1.96
0.79
-2.86
-1.19
3.86
2.34
1.47
-0.41
-3.26
-1.59
-0.34
-2.92
0.27
-1.65
1.98
2.78
1.15
1.48
-1.5
3.35
1.4
-3.64
3.2
-1.44
2.43
0.4
1.34
-1.93
0.3
-3.9
-3.7
2.88
0.02
-1.95
1.69
2.57
-3.15
-1.4
-2.01
3.73
-3.22
0.15
-1.01
-2.58
-2.8
-3.39
-1.17
-0.46
3.78
-0.09
-1.08
-2.72
1.21
3.16
-3.26
-2.33
1.6
2.59
0.39
-0.54
-3.01
-0.6
3.29
-3.36
-1.89
0.78
1.07
-1.79
0.67
3.42
1.92
-1.46
-0.52
-1.22
2.56
-2.75
1.38
1.77
-2.65
1.81
-2.44
-2.2
-1.71
-3.62
1.19
3.03
-2.33
0.86
-2.69
0.01
-3.04
-1.74
2.22
2.54
2.73
1.39
0.87
-1.65
3.32
0.42
-0.46
-3.39
2.88
-3.64
1.99
-3.63
1.8
-1.57
-3.4
3.49
0.3
3.83
1.23
2.58
-2.11
3.2
-2.89
2.9
-0.54
-0.92
-0.89
-3.8
-3.1
-3.34
2.45
-0.35
0.33
0.95
0.05
-2.83
0.39
-0.97
2.45
0.94
-1.73
-3.05
-1.07
-2.07
-1.61
0.81
-2.77
3.24
0.26
-2.18
3.71
-2.87
1.04
3.64
0.64
3.54
0.28
1.97
2.9
0.23
-2.69
-0.67
3.72
2.22
-2.09
-1.66
0.05
-3.16
2.38
3.43
-0.9
-2.74
-2.62
-3.71
0.31
-3.06
0.26
3.18
0.5
2.66
-2.15
-0.13
-0.05
3.08
-3.05
1.31
2.62
0.7
-3.7
0.51
0.9
2.42
0.14
-1.79
-0.38
2.94
-2.77
0.71
-3.99
-3.95
-3.25
-3.62
-3.14
0.83
2.72
2.45
3.76
0.74
-0.68
-0.3
-0.72
1.1
-2.54
-3.77
-1.62
1.44
3.39
-3.36
1.27
0.6
-0.28
3.36
-3.47
-2.13
-1.47
0.68
1.13
3.17
0.67
1.37
3.71
3.56
3.17
0.45
1.9
-2.53
-0.99
3.12
-3.65
-1.5
1.56
-2.12
-2.63
0.61
-2.77
3.81
0.96
-0.1
3.84
2.19
3.56
-3.41
3.45
-0.59
0.33
-2.6
3.85
3
-1.7
-1.96
-2.69
-3.41
-3.94
1.96
-0.01
-0.28
1.93
1.02
-1.66
-3.09
-1.57
-3.74
-3.72
-1.24
3.05
-2.16
1.99
-0.07
-3.37
-1.27
3.73
-2.77
3.34
2.49
1.82
3.12
-3.9
-0.25
-3.89
0.5
-2.38
0.02
0.82
2.32
-2.81
0.97
-2.19
-0.58
-3.39
1.51
-2.13
3.95
-2.45
2.93
-0.25
3.29
-3.69
0.69
0.37
-1.51
-0.59
-0.08
2.36
3.58
-1.69
-3.92
-2.74
-2.42
-3.87
0.88
-0.38
-1.82
0.9
1.85
3.29
2.42
-0.55
-2.04
-2.44
-1.92
-3.98
-1.43
-0.69
-0.87
-3.15
3.78
3.68
-3.6
-1.27
2.53
2.8
-0.59
3.39
1.63
-2.92
1.71
1.66
1.24
0
-2.9
-0.3
-3.77
-0.72
-0.26
-2.12
3.69
-0.96
-0.29
3.65
1.34
-0.16
2.35
-0.88
-1.72
-1.54
-3.16
-3.4
-0.77
2.72
-1.46
-3.59
-3.15
2.85
-2.39
2.08
-3.8
-1.2
3.28
0.76
-2.43
-3.25
2.21
1.97
-3.55
2.38
3.8
3.3
3.58
-2.76
-2.84
0.73
-0.04
-3.24
1.4
-1.32
-3.55
-3.71
1.1
-0.84
-3.76
1.11
-1.57
2.53
-2.54
-3.31
-1.15
-2.61
-2.33
1.66
-2.33
0.89
-0.23
2.96
2.07
0.59
1.64
-3.62
-1.34
-0.09
-1.33
-2.45
-2.97
-2.02
1.55
1.81
0.46
-3.92
-2.55
2.93
1.63
3.92
1.7
0.11
0.51
0.47
2.32
3.68
0.5
3.77
-0.48
2.41
1.62
-2.09
3.57
0.28
-3.04
1
-1.3
-3.19
1.05
-3.93
1.63
-2.82
-3.51
2.7
0.07
-3.55
-3.03
-0.35
0.24
-1.24
3.94
-1.26
-3.97
-2.25
3.19
3.66
-1.55
-2.41
2.27
1.96
-0.12
-1.1
-3.62
0.26
-0.07
3.13
-1.58
-2.73
0.85
3.46
1.39
-3.36
-2.12
1.55
-1.71
0.52
-0.38
1.81
-3.61
1.87
2.7
-3.16
-0.48
-3.24
2.47
-1.12
-2.13
1.81
1.09
-2.7
-1.45
-2.9
-1.46
3.09
0.19
-1.27
-3.21
0.23
-1.23
0.95
2.03
3.71
2.81
0.79
1.37
3.3
-3.14
-1.52
3.47
-1.33
0.04
0.64
-2.8
-3.6
3.26
-0.97
3.38
3.63
1.8
-2.96
1.25
0.61
0.18
-0.46
0.9
0.29
2.1
-1.21
-2.64
3.57
-0.28
3.39
-0.96
-0.55
3.84
3
-1.96
2.74
-0.61
3.17
-1.98
3.39
2.35
-1.59
1.27
1.92
3.91
-1.86
3.83
-2.84
-0.65
-2.83
2.43
-2.28
3.7
-2.58
-0.48
-0.73
3.89
-2.93
-2.8
2.07
-2.88
3.9
2.96
0.65
-2.41
1.75
-3.44
-3.74
-3.01
-3.37
0.23
2.64
3.03
1.87
2.27
-2.23
2.27
2.99
0.39
-0.04
-1.03
-3.81
0.21
-1.46
-3.05
-2.69
-0.25
2.42
-0.53
2.77
2.86
-1.69
1.96
-0.05
2.26
2.45
-0.54
-3.38
0.32
-1.85
-2.43
3.56
-3.84
-1.29
0.94
3.8
-1.31
-2.17
-0.85
-2.25
1.01
-3.11
0.69
1.25
-0.91
-3.08
-0.31
0.41
-0.31
-3.73
-2.01
-1.85
0.79
-1.78
-2.22
-2.09
-3.33
-0.93
3.61
3.83
2.31
1.65
-1.33
-1.76
-1.62
-0.59
-3.98
-2.5
1.61
-2.84
2.62
-2.08
-0.74
-2.28
-2.24
1.96
1.63
-3.29
-3.14
1.33
-1.25
3.06
0.93
0.04
-3.85
3.43
-1.23
1.95
-3.07
-0.98
3.12
3.63
-1.78
-0.68
-0.56
3.36
2.23
-1.56
-1.13
3.68
-3.11
-1.81
2.81
-1.47
-2.34
-3.94
2.89
-0.93
-3.54
-0.18
0.29
3.96
-1.79
-1.73
1.07
3.26
-3.29
2.63
-1.91
-1.05
-3.36
-1.92
-3.44
-1.42
-1.96
3
3.71
3.94
2.28
-1.6
3.73
-0.82
1.85
-2.82
0.43
-3.44
-3.75
-1.6
-1.62
-3.92
-3.46
3.71
1.49
1.11
2.74
3.16
1.41
3.95
2.26
0.19
2.64
3.6
-3.65
3.92
3.04
2.82
-2.38
0.23
-3.52
-1.34
-3.64
2.95
0.79
2.06
0.09
-2.9
-1.89
-2.97
1.84
0.5
3.01
2.32
0.25
-2
-1.6
-3.06
0.6
-0.54
-0.16
-1.12
-2.41
3.76
-2.32
-1.91
-0.24
-3.87
-1.18
1.93
-1.86
1.62
2.95
0.02
-2.09
3.72
3.73
