-10
0.07
0.24
0.9
1.38
-1.35
-2.49
-1.07
1.28
3.4
-2.05
1.94
1.82
1.32
-2.5
3.49
-0.48
0.84
3.36
-3.26
2.24
-0.36
1.3
3.83
-3.74
2.23
3.52
0.17
-3.68
-0.03
-2.3
-0.35
0.35
-2.04
-1.9
-0.11
-0.47
0.96
3.3
-1.39
3.69
2.42
2.06
3.49
0.95
1.87
3.95
3.96
-3.84
2.8
1.85
-1.93
3.39
-1.76
2.59
0.95
2.78
0.42
0.63
3.15
-0.86
1.34
-1.4
-2.7
1.69
2.31
-2.41
-0.15
-0.79
1.61
-0.04
2.57
1.54
0.74
-2.95
3.83
1.59
1.82
-1.13
-1.6
2.29
3.56
0
-2.47
2.12
3.64
0.27
-1.89
-0.63
1.15
1.11
3.11
-3.68
-3.86
3.48
-1.66
-0.19
0.75
-2.21
2.65
0.28
0.09
0.75
-1.45
-1.17
3.29
0.53
-1.35
-2.82
2.77
3.37
-3.04
-2.45
-1.77
-3.14
-0.41
-2.66
-2.93
-0.82
2.06
-1.97
3.49
-3.53
2.06
-3.51
0.85
2.24
1.4
1.27
2.72
0.01
-3.16
0.02
0.22
2.12
-1.8
-1.2
-2.56
2.7
2.84
-0.89
-2.38
-3.08
0.61
1.79
0.15
1.56
2.09
3.29
-0.12
-3
-1.26
-2.44
-0.27
0.62
0.8
-0.39
2.69
-1.95
1.99
-2.95
3.13
1.38
-1.53
-1.25
2.53
0.94
1.33
0.12
2.66
-3.22
3.9
-1.62
0.35
-1.05
-3.59
2.56
-0.13
-3.73
0.34
3.3
-3.86
2.12
-2.62
1.71
-2.73
3.28
-3.72
3.61
-2.68
2.59
0.12
3.4
-3.29
1.78
-0.02
0.24
2.46
-2.14
3.27
3.22
-3.77
-2.03
-3.38
-0.91
-2.89
-3.65
1.21
-3.22
0.2
2.24
3.75
2.42
1.71
2.7
-3.1
-2.99
-0.01
0.77
-2.52
3.25
0.65
1.72
-1.2
-3.93
0.67
-3.51
-2.33
2.58
2.97
0.17
-3.9
-2
-3
1.13
3.06
2.18
1.5
2.3
0.6
-3.09
-1.93
3.51
-0.6
-0.92
2.85
1.7
-2.32
-1.99
0.88
-1.04
-3.76
-2.31
-3.63
-3.98
-1.43
-1.49
3.18
-3.45
2.43
-3.39
2.69
2.64
-2.19
-3.97
2.14
1.74
1.41
-3.42
3.64
-1.27
-0.48
1.7
-3.83
-3.43
1.17
1.15
-1.69
3.72
-2.78
2.97
2.82
3.66
-2.3
0.01
-0.08
2.42
-2.37
-3.02
-1.45
0.55
3
0.94
3.87
-0.02
-1.78
-0.56
1.69
-0.63
0.95
-2.9
-3.71
-2.91
-1.62
-1.86
3.44
-1.46
-2.49
3.8
-1.15
1.43
-3.81
3.46
3.33
3.46
-2.21
3.04
0.93
1.81
0.11
3.72
0.1
0.42
2.04
-0.91
-0.27
2.58
1.83
0.19
2.35
-2.27
3.46
2.95
-1.24
-3.88
2.68
1.72
1.27
3.56
0.57
-2.63
0.9
-2.16
2.14
1.12
0.35
3.54
1.62
-3.59
-1.82
-0.81
2.51
3.88
3.27
1.23
1.01
-0.13
-0.94
3.3
2.42
-3.14
0.72
1.33
-2.56
-2.88
1.97
-2.75
0.69
3.21
-3.22
0.08
-2.24
1.38
-2.76
-1.27
-1.18
-1.74
2.29
-3.09
2.74
0.19
-3.05
1.42
-2
-0.84
-0.78
3.59
3.69
1.54
-0.89
-1.2
-1.34
1.98
-2.86
-0.29
0.66
3.57
-3.61
1.01
3.16
-0.9
-1.15
2.42
3.63
2.11
-2.57
-2.88
2.64
0.53
-1.59
-1.26
1.59
-1.85
-3.45
-1.78
3.91
3.3
-0.68
2.29
1.9
2.39
-2.44
3.16
0.09
1.98
-2.58
-0.22
0.24
1.54
2.07
-0.75
-2.13
-2.73
-2.25
-0.36
-2.66
-1.46
1.79
-0.1
-2.27
-1.91
-3.06
-0.85
-0.88
-3.63
1.22
-3.5
1.42
2.92
-0.2
1.37
0.25
-1.89
3.12
-3.24
-2.47
-0.31
-1.67
-2.36
0.69
1.65
0.89
-2.9
2.46
3.17
-3.13
0.31
-3.61
0.92
-3.12
1.36
-2.5
3.43
0.56
-0.2
1.45
2.41
0.04
-0.29
-3.24
-3.09
2.36
1.32
-2.27
-3.3
3
3.76
-1.84
-3.01
-1.9
1.66
-3.79
0.14
3.21
0.08
1.21
3.85
0.69
-0.04
3.5
-3.09
-3.9
-3.5
2.03
2.44
-0.14
0.82
1.56
-0.69
-0.69
-0.88
3.65
2.62
-3.12
-0.23
3.3
3.57
3.38
1.76
-3.84
-2.89
-1.85
3.4
-1.18
-0.77
1.15
1.36
-3.79
-3.53
2.6
1.61
-2.28
-3.92
0.21
3.86
-3.2
1.86
3.3
-0.71
0.84
-1.82
-1.8
2.85
1.68
2.98
2.01
-2.41
-0.74
-0.56
0.79
1.64
-3.53
2.94
-0.21
2.39
2.76
-3.3
1.69
-1.2
-2.71
2.5
0.61
1.08
0.71
1.71
-2.6
3.57
-1.6
-2.97
-1.04
-2.57
-3.73
0.08
-3.09
1.99
2.91
-0.7
-2.28
-0.16
1.23
-0.44
-1.9
0.78
-0.31
-3.04
1.14
-1.22
0.29
1.83
-2.91
-3.9
-3.84
0.49
-2
2.35
1.57
1.13
-1.87
3.97
1.57
2.44
3.19
-1.78
-3.53
-0.65
1.36
0.39
2.03
1.81
3.48
-0.54
2.99
-2.16
1.58
1.74
0.39
3.83
-2.62
-0.25
-3.43
2.63
-0.72
0.58
3.95
-1.14
-2.74
-0.22
-1.92
-1.43
-3.59
-2.22
-2.84
-2.25
2.27
2.79
0.37
3.88
0.3
-3.66
-0.4
-3.26
0.76
2.49
2.36
1.63
-2.89
2.33
2.92
0.27
-2.05
1.74
-0.25
2.39
3.4
2.95
-0.84
-1.39
-1.72
1.62
-1.92
-2.42
-1.69
-0.55
1.39
1.7
-1.71
1.24
-0.43
2.79
-2.64
0.52
-0.47
-2.97
-3.85
3.84
-2.14
0.79
2.23
-1.69
-2.26
-1.06
0.86
1.82
-3.38
-1.33
2.04
-1.22
-1.65
3.32
-0.37
-2.25
1.6
2.69
2.27
-1.98
2.44
-2.7
-2.91
-3.35
-0.66
-0.13
-1.25
-3.87
-1.1
1.44
-1.79
-1.29
2.23
3.57
1.09
2.37
0.39
3.98
-0.13
3.14
0.72
0.49
-1.17
-1.28
3.67
3.52
-1.12
0.25
-0.84
3.62
2.92
0.84
-1.23
2.14
-2.61
-3.45
-0.31
1.57
2.98
1.88
-3.81
0.73
-1.09
-0.82
-3.55
-0.68
0.55
-1.21
-1.77
1.26
1.36
1.62
-1.18
3.13
1.3
-2.06
2.47
2.38
-3.01
-0.18
-3.01
2.5
0.98
-0.72
2.52
1.37
3.94
-3.91
2.17
0.53
-1.33
2.83
-3
2
2.95
4
-2.43
3.65
-1.74
0.34
-1.04
-3.91
-1.98
1.9
-1.74
-2.7
-1.98
-0.35
-3.17
3.45
-1.92
1.32
0.57
-0.85
0.88
-2.31
3.76
3.64
0.67
-0.92
-0.61
0.46
0.62
1.71
-1.42
2.53
0.62
0.83
-3.83
1.31
-3.64
2.82
0.11
0.66
-3.14
-3.1
0.48
3.08
-2.98
1.22
-0.65
0.29
3.27
2.72
-1.56
1.36
-1.74
1.85
-2.89
1.25
-3.77
-2.06
-1.02
3.18
-3.05
2.51
-0.53
0.31
-0.68
-0.27
0.68
1.2
-0.53
-0.48
3.08
-0.74
-2.79
3.92
-1.72
-0.02
1.22
-3.32
2.61
3.45
3.74
3.11
1.19
1.91
-0.73
1.23
0.27
2.77
-0.29
-1.08
1.07
2.43
-0.16
0.93
-0.29
-1.64
1.44
-3.84
-0.25
1.29
-3.47
2.16
-3.19
-0.26
3.64
3.18
0.14
-1.66
-0.43
1.14
-3.97
3.56
-0.67
-0.47
3.45
-2.15
-2.69
1.56
-2.96
2.1
3.46
1.92
-2.52
-3.46
2.45
-3.35
3.43
0.28
0.21
3.93
2.55
1.05
0.93
-2.69
2.92
-2.42
2.29
-2.55
2.27
0.09
-2.92
-2.08
-0.8
2.58
-1.11
1.52
-0.91
-3.7
1.49
-2.14
-2.96
3.88
3.13
1.66
1.84
-1.38
0.67
-3.74
1.29
2.99
3.75
3.87
2.14
-0.36
2.6
-1.02
-1.38
-1.99
0.62
1.87
-0.44
3.87
3.3
0.95
1.01
1.54
-1.29
-1.1
1.65
-3.07
1.56
3.13
2.8
-1.66
2.89
2.67
1.93
3.27
-0.52
0.29
0.91
2.02
0.16
3.29
0.34
-2.78
-0.22
3.57
3.99
3.92
-1.11
-2.92
-0.32
3.62
2.3
-2.82
-3.43
-1.83
-3.35
-3.71
3.91
-2.24
-1.38
0.36
-2.58
-3.38
-2.94
-0.21
0.75
3.93
1.05
-0.64
2.53
-3.68
-3.05
1.54
-0.3
-3.99
-3.4
-0.21
-2.25
-0.85
-1.08
1.74
2.04
0.48
-0.56
3.18
0.05
1.7
2.09
-0.24
2.62
-0.81
0.39
-0.86
-0.6
3.81
1.86
-0.28
-3.85
3.99
-1.19
-3.94
-1.14
3.54
-1.45
-0.65
2.66
-3.25
1.48
-3.44
-2.44
0.86
2.55
0.75
2.85
0.88
2.32
0.94
1.19
-2.12
3.75
3.05
-2.17
-2.71
0.74
-0.66
-0.06
1.82
-1.86
-0.11
-1.84
0.89
-0.37
-2.24
-3.66
-1.14
-1.13
2.51
-2.07
-3.92
-3.48
-0.71
-3.78
1.53
-1.81
-2.25
0.65
3.64
0.3
2.53
-2.51
-3.09
2.53
2.28
-3.76
-0.24
2.23
-2.43
-1.21
3.22
3.42
-3.16
2.62
-2.41
2.41
0.67
-2.77
0.78
0.41
-0.01
-1.99
3.82
-0.99
1.11
-2.64
0.46
2.83
0.3
3.1
-1.01
2.7
0.31
-2.48
-0.38
-1.6
-2.76
2.37
1.36
-2.48
0.59
0.63
-2.71
-0.29
-1.28
-3.33
3.69
0.67
2.63
3.13
1.52
-3.48
3.87
-0.77
-3.7
0.52
-2.33
1.9
-2.58
0.91
-0.22
0.93
-2.07
-1.52
3.81
-3.49
-0.9
3.33
-1
3.19
1.16
2.31
-0.13
-0.75
3.82
3.36
-3.29
0.1
-3.71
0.44
-2.32
3.79
-3.8
1.17
-2.43
-1.54
2.83
-2.92
-2.79
3.11
-3.28
-0.66
0.95
-3.56
1.75
3.67
-1.3
2.82
-0.1
-1.8
1.57
-3.65
-2.33
3.44
-2.03
3.22
0.65
0.62
-0.59
-3.05
-0.2
1.58
1.61
0.98
-0.77
0
0.73
0.76
-3.1
1.34
-2.31
-1.98
2.11
-0.1
2.47
-2.18
-2.64
-0.58
1.51
-3.85
0.65
-2.11
-3.8
2.1
2.87
-2.68
2.12
-3.24
-0.8
-1.65
1.82
-1.8
1.67
-3.75
-0.7
-0.85
1.74
3.97
1.22
-2.25
-1.07
1.95
1.91
2.56
-3.5
-0.45
-1.76
1.78
-3.03
-3.85
1.86
-2.78
3.12
-0.75
0.3
-2.1
1.37
3.51
2.12
-2.09
1.88
-0.04
-2.45
2.55
3.53
3.49
0.35
1.86
-3.41
-0.68
0.08
-2.6
2.21
-0.24
1.22
2.71
-0.01
-2.36
1.59
-0.68
3.08
-3.66
3.79
-0.95
0.5
0.59
-0.91
-1.59
-0.04
-2.61
1.78
2.23
-2.16
-0.69
-0.13
2.98
0.39
3.36
3.04
-2.98
3.2
0.39
1.18
1.66
0.07
0.46
-0.98
-0.64
2.04
1.59
1.92
-0.27
-2.08
-1.21
-1.17
1.54
0.18
2.51
-1.95
-1.06
0.4
-2.07
-2.11
3.21
1.54
1.86
3.56
-1.1
3.89
2.25
-1.69
0.63
-1.4
0.57
0.12
-1.32
-0.84
-1.87
2.99
-3.96
-2.44
3.74
0.38
2.37
-0.53
-1.96
0.31
3.06
-3.53
2.33
-1.21
1.89
1.31
0.09
0.62
1.27
-1.51
1.97
-3.89
2.21
0.9
-3.88
-0.53
3.79
-0.72
-2.72
-2.88
1.35
2.68
-3.85
-1.63
-1.96
3.52
-2
-2.63
0.67
1.55
-0.47
-0.27
-0.5
-2.45
-3.5
-1.58
-2.44
-0.55
0.43
3.33
2.52
3.95
2.86
-3.82
1.2
-1.99
-3.23
-0.86
-2.56
0.26
0.59
-0.91
-1.82
-3.09
2.96
-3.62
-3.68
-0.05
-3.26
2.37
-0.7
-1.28
3.96
3.72
2.97
-1.77
0.62
0.66
0.4
1.7
-2.1
0.33
2.85
-2.04
-1.39
1.41
3.82
3.97
1.18
-3.97
2.74
2.86
3.93
-3.6
-3.04
-3.56
-2.46
-1.42
-1.4
-3.88
-1.9
1.61
-1.3
2.06
0.02
-0.21
3.99
3.15
-2.78
-1.04
1.39
0.12
2.75
-0.25
-1.65
-3.75
0.24
-3.78
2.31
-2.46
-3.44
-3.65
2.78
-3.29
3.63
0.45
-1.21
3.55
2.76
2.53
-3.31
-1.96
-1.95
0.28
-0.41
0.3
-2.37
-3.21
1.94
2.83
1.42
-3.34
2.75
-1.78
-1.36
-1.38
-3.89
0.17
2.05
-3.3
0.2
-2.68
0.28
-2.95
3.56
-2.25
2.84
-2.01
2.43
3.58
-3.01
-3.57
-3.61
-1.31
-1.73
-0.65
-1.93
-1.54
-3.84
2.06
2.63
-0.55
-1.71
3.49
0.13
3.91
-2.39
0.56
2.07
1.01
0.33
2.62
-2.5
2.05
-1.68
3.38
1.77
-3.01
0.73
-2.16
1.46
3.64
-1.64
2.36
1.83
0.98
-3.74
0.05
3.96
3.29
-3.46
1.65
0.01
4
-1.93
-3.26
3.04
0.8
0.93
3.66
-3.87
-1.72
-0.08
-2.58
-0.75
-1.63
2.94
-1.66
-3.63
-1.1
1.59
-2.93
1.74
2.33
-3.41
3
-2.91
-0.07
-2.35
3.15
3.64
1.56
0.61
2.78
0.46
2.68
-1.39
-2.5
-0.02
-2.43
-3.67
-3.03
0.07
1.07
-2.3
-0.82
-0.29
-3.06
-0.89
-0.55
2.04
1.92
-0.32
1.05
-2.3
3.48
3.92
1.69
3.4
-0.93
3.66
-0.9
-0.86
1.78
-3.99
-1.42
1.68
1.14
0.96
0.57
3.77
1.44
2.37
2.8
-1.44
0.62
1
-3.34
0.62
1.42
-0.72
-3.85
-3.19
2.21
-2.89
-2.29
-2.12
3.56
1.08
0.99
2.77
0.92
-1.89
-3.1
-2.08
1.24
1.83
2.29
1.06
3.13
1.5
2.57
-0.02
2.55
-0.32
-3.4
3.56
0.88
-1.51
1.09
-1.53
3.25
-2.94
-2.02
3.8
3.51
-1.71
0.93
0.67
2.3
-3.31
2.13
-3.94
3.98
1.8
-1.16
-0.67
1.46
0.88
1.33
2.79
2.72
-0.39
1.5
3.92
0.71
0.17
-1.74
-1.48
-3.5
-1.85
1.01
1.06
4
-1.49
3.53
-0.14
-3.88
-2.89
-1.59
-1.06
-3.11
-2.39
2.76
2.43
3.38
2.51
0.01
-3.25
-3.17
1.28
-1.9
-4
1.17
2.3
