-5
-2.68
3.29
-3.73
0.72
1.44
-2.1
3.81
2.68
2.9
1.77
-1.25
2.32
0.53
0.69
3.93
3.37
-0.69
-0.63
-1.13
0.92
2.75
-3.62
1.69
-0.17
-3.62
0.36
-0.95
-0.1
-3.25
0.54
-3.64
-1.71
-2.37
-2.12
-1.08
-1.52
3.71
3.24
-0.76
3.6
-1.67
0.1
-0.88
-1.08
-1.92
-0.45
0.38
-1.57
-1.75
3.53
-3.19
2.15
1.89
3.08
-0.11
-0.4
1.74
-2.93
-1.75
-0.06
0.21
-2.84
-0.38
0.32
2.29
1.85
-1.9
-3.63
-3.72
-1.04
-2.2
1.84
-1.63
2.29
-1.66
1.74
3.84
-1.24
0.33
2.72
-0.44
-0.41
-3.25
2.69
-3.17
-0.42
-2.96
-0.79
-3.34
0.56
0.64
-3.05
2.07
0.54
2.66
3.15
-2.26
-2.4
-1.75
-1.8
1.57
-0.9
-1.47
-2.92
0.8
-1.65
2.82
3.33
2.43
-2.05
-0.93
0.25
-2.75
2.96
0.28
2.12
1.98
-1.41
-0.51
-2.84
-2.25
