-3
-0.31
-3.86
-4
-3.62
-2.94
1.82
-1.45
2.33
-1.44
0.44
-1.25
2.47
0.06
-0.64
1.99
-1.48
-3.42
-1.44
-1.13
-1.76
2.92
-3.81
2.6
-0.17
-2.57
-1.74
-0.19
0.07
-1.18
-1.87
-3.01
-3.41
-1.36
-2.34
3.37
-0.08
1.36
2.74
-0.76
3.6
1.48
-2.27
2.62
1.22
-3.08
-0.45
-1.24
-1.9
2.4
-3.84
3.77
2.15
-2.14
3.08
2.95
-2.28
3.57
3.66
-1.98
-0.38
-2.91
-2.96
-2.2
2.28
3.21
-2.55
1.68
-3.63
-3.72
-1.93
1.7
1.84
-3.33
-0.03
-1.66
-0.88
-2.33
3.29
-3.27
1.22
0.46
2.44
-1.11
-0.99
1.62
3.47
1.75
-2.92
-2.45
3.17
1.1
1.11
2.07
1.14
-1.38
-1.08
1.6
-2.4
-1.75
-0.05
-3.58
-0.9
1.33
0.56
3.05
-1.65
2.81
3.61
-1.48
-3.35
-3.39
0.25
-1.48
3.28
2.04
-0.76
1.62
0.45
0.44
-0.63
-2.75
