-4
-1.28
-2
-1.71
3.41
0.68
3.28
-3.04
1.95
-2.2
-1.02
2.58
-2.51
0.92
-0.75
3.24
2.52
1.07
3.66
1.69
-1.69
2.62
0.51
-0.9
0.56
-2.7
-3.82
3.42
3.62
2.61
-1
0.99
0.97
2.05
3.94
-2.37
0.37
2.26
-3.03
-3.68
-1.83
-0.54
-2.2
3.79
0.72
1.45
-1.37
-3.41
1.59
-0.66
0.29
-0.21
1.5
3.8
-3.33
-3.74
-2.46
2.91
-0.76
-2.51
3.02
0.84
-2.62
0.97
-3.29
2.94
2.12
-3.09
2.21
-0.23
-1.14
2.65
-2.6
3.34
1.07
1.18
-1.47
0.82
-0.94
3.41
3.23
1.69
1.41
2.8
-1.68
-3.57
-2.59
0.63
1.38
0.87
-2.01
-0.29
1.52
3.02
-2.69
1.16
-3.5
-1.89
-0.76
-1.21
0.77
-0.09
0.16
-3.95
3
0.01
-2.25
-0.38
-1.78
1.04
-3.06
-1.68
0.13
0.48
-0.12
3.23
-2.07
0.49
3.43
2.05
-3.5
1.43
