-3
3.41
-3.42
-2.27
1.79
-2.53
-1.29
-0.17
-3.98
-3.15
-1.29
1.1
-3.87
1.18
-2.79
1.54
-1.51
2.61
-2.05
2.09
0.1
3.51
-3.68
-0.77
-1.59
-2.15
1.03
2.34
-1.3
-0.23
-0.35
-1.33
0.59
-0.66
0.53
-0.83
2.11
-1.18
-1.56
1.04
1.87
-2.67
-3.81
-3.35
-3.37
-2.24
-2.64
-0.45
1.09
-0.51
1.9
-3.02
3.44
2.78
-1.81
-3.55
2.72
-1.83
3.12
0.18
-3.2
-0.58
3.52
0.25
-2.2
0.8
-3.98
-3.24
1.84
1.24
1.55
1.13
0.17
-1.55
3.95
-3.46
1.84
3.1
-2.5
2.05
-0.85
1.73
3.37
2.19
1.91
-1.2
0.44
-0.74
-3.64
0.6
3.14
3.16
-0.2
1.54
-0.32
-0.61
-0.76
0.68
2.95
-2.32
2.8
3.97
-2.4
2.3
0.43
-3.23
3.47
0.77
0.39
-2.78
0.31
3.43
-1.62
-1.86
3.3
-2.94
-2.5
-4
-3.01
-1.45
1.89
-0.2
