-9
-3.39
-2.08
-2.4
-3.89
-0.96
-2.07
1.57
-1.6
-1.18
-0.43
-0.19
-3.55
0.62
-3.41
-1.73
3.01
-2.4
-1.34
-2.06
3.89
2.74
2.2
0
0.49
-3.7
3.14
2.13
-3.36
-1.54
0.64
0.86
1.76
2.98
-0.16
-0.49
-2.59
-3.03
-0.93
0.1
1.2
1.84
-0.16
2.55
0.84
0.33
-3.95
0.06
-0.48
-3.31
2.43
-2.99
1.78
-3.38
-2.75
-1.13
1.15
-2.86
1.73
1.44
0.06
0.21
0.01
3.22
1.24
3.6
0.97
3.12
-0.66
2.1
3.41
3.68
-3.43
0.49
-0.01
-3.67
0.97
0.8
-3.01
-3.69
1.19
-0.1
-2.07
-0.46
2.98
3.03
0.72
1.96
1.37
2.88
0.26
-3.01
0.26
3.61
-0.64
-0.95
3.63
-1.43
-2.43
2.45
-1.22
0.24
-0.72
0.45
2.94
0.02
2.36
1.92
1.19
1.99
1.72
-3.02
-1.35
-0.85
-2.42
1.99
0.49
1.79
-3.55
-2.5
-2.38
3.69
