0
-1.36
2.78
-1
0.02
-2.6
-0.5
-0.13
0.48
-0.18
-0.74
-3.95
-2.35
-3.84
2.08
-3.09
-0.12
-0.82
1.91
1.58
3.13
-2.04
3.97
-1.98
3.85
2.85
-1.67
0.15
-3.57
3.08
-1.98
1.94
3.86
1.36
-1.43
3.6
-2.59
1.66
0.37
1.94
2.54
2.71
1.64
3.27
-1.65
-1.52
1.95
2.66
2.88
-1.67
3.83
-2.03
1.08
2.81
2.49
3.64
0.31
2.99
1.08
-1.4
0.85
3.32
1.54
-0.73
0.91
1.39
-0.86
1.32
-0.8
-3.44
-3.54
3.76
0.15
-3.2
-0.31
2.23
2.19
3.34
-0.02
-2.94
-2.29
2.51
-1.42
1.17
1.07
0.91
1.32
0.04
3.23
-0.73
-3.67
0.82
-2.17
-3.72
0
3.91
2.95
3.14
3.57
-2.11
2.14
1.62
2.92
3.27
-2.28
1.94
-1.71
3.23
0.4
-3.88
3.64
-2.77
-1.6
1.96
0.68
1.95
1.21
2.55
1.46
-1.54
-2.7
2.7
