-8
-1.09
0.06
-1.21
1.16
2.87
1.7
-1.85
-2.53
-0.02
3.9
-1.06
1.74
-2.72
2.05
2.77
2.19
-2.56
-0.72
2.2
3.31
-1.71
-3.55
3.13
1.06
-3.74
-1.64
-1.92
0.33
1.67
1.32
3.24
1.74
0.76
-2.6
-0.94
-2.15
-0.96
-2.17
3.05
-1.48
3.36
0.6
1.62
0.03
2.6
0.54
0.19
-1.21
-1.69
-1.19
-1.69
1.26
0.45
-1.31
-2.41
-1.54
-1.92
-3.4
-1.53
1.56
2.76
0.49
0.15
-0.86
-2.31
0.01
-3.03
2.84
-0.94
-0.49
0.66
0.13
1.47
0.4
2.32
-1.85
0.2
1.81
-3.95
2.33
-2.42
2.83
0.09
0.31
3.38
-3.15
0.33
1.31
3.15
1.81
-3.15
2.23
2.52
2.11
-2.47
2.25
2.99
0.87
-3.54
-0.9
3.25
-2.81
-2.67
-0.73
-1.73
1.91
1.54
1.73
0.55
3.44
-0.6
2.08
0.8
1.09
-0.58
-1.37
1.66
0.98
0.67
0.73
-0.36
