-8
1.91
-1.02
1.08
1.79
-3.8
-0.38
-0.17
2.99
2.24
2.81
-3.56
-1.08
2.36
3.83
2.11
0.25
2.27
-1.78
1.49
3.64
-1.33
-1.71
2.38
2.55
-0.94
2.38
-2.59
-3.45
-1.4
-3.09
3.44
-2.81
3.24
3.77
-0.32
-0.24
-1.87
-3.89
1.09
1.87
-2.87
2.37
-3
-2.22
0.55
1.96
-0.45
0.07
1.49
4
0.73
-3.5
0.82
-1.86
0.85
-1.4
-1.12
2.54
0.18
-2.7
-2.34
-0.72
3.82
-3.02
-2.77
-3.98
-2.79
2.6
-1
-1.59
2.02
2.35
-1.55
3.63
3.07
-0.34
-3.07
-0.78
-3.55
-2.3
3.68
1.34
0.47
-1.96
0.19
-0.62
1.99
-3.64
3.8
-2.55
3.16
0.29
-3.9
2.05
-1.13
-0.76
2.55
2.95
-2.09
1.3
-3.86
3.08
1.76
-0.29
-1.46
1.87
-2.4
0.39
-0.93
0.31
-3.22
-2.64
-0.79
-0.36
-2.37
-1.89
-3.79
-1.65
0.8
3.62
-2.91
