0
-1.23
3.2
3.39
2.19
0.68
-1.31
-3.32
1.95
-1.79
1.22
0.31
2.9
-3.59
-1.8
2.72
1.59
-3.59
-1.37
-1.35
2.94
-3.5
-2.77
-3.49
3.51
-3.53
2.36
3.06
3.68
1.09
-0.98
-0.1
2.63
-2.8
1.1
1.96
-1.61
-1.42
1.11
-3.68
3.47
-2
-1.31
3.96
2.88
-3.07
-2.76
1.45
2.1
-2.32
-0.36
-1.41
-1.04
-3.22
-1.94
3.17
-2.46
-3.2
-2.97
1.72
0.27
-3.79
-3.05
3.07
1.82
2.94
3.32
-3.8
-0.68
-0.52
-2.19
-0.99
2.57
3.34
1.07
0.94
2.87
-2.72
2.87
-2.7
1.42
3.79
-3.04
2.06
-2.56
2.26
3.3
1.85
3.15
-1.04
-0.04
-0.29
-2.19
0.14
-2.69
3.84
0.48
-0.38
3.11
-0.08
-2.39
-0.09
-0.68
-3.21
3
2.62
0.67
-0.38
-0.14
0.61
-2.65
2.21
-2.06
3.73
-1.34
3.23
-3.45
1.61
3.43
1.39
-0.33
-2.53
