-7
-1.36
1.98
0.51
0.29
-2.5
2.54
1.67
-2.98
-3.92
0.54
0.43
-3.41
2.9
-0.68
-3.2
-0.04
1.53
-3.57
3.34
3.13
0.2
1.41
-2
-0.15
2.85
-2.62
2.83
0.23
-2.79
-3.61
-3.27
-2.71
2.46
-3.58
2.78
1.43
-1.51
1.69
2.41
3.04
2.71
1.64
3.52
-3.45
-0.36
3.65
-1.95
-0.19
3.19
1.87
-2.03
0.75
-3.09
-0.89
0.36
2.31
-1.38
-3.34
-0.16
0.85
3.14
-3.05
-3.6
0.91
-0.19
-0.86
-2.75
2.47
0.54
-0.3
-2.54
0.51
-1.95
1.08
3.64
2.57
1.07
-1.49
-2.8
3.2
3.34
-3.66
1.04
-3.96
1.15
2.52
3.5
-1.76
-3.68
-1.94
3.63
-3.2
-2.15
0
3.87
1.75
-1.63
-1.64
1.29
-3.74
0.61
-0.42
0.87
-3.37
3.75
1.46
-1.3
2.05
1.93
3.64
2.83
-3.04
-1.03
-1.88
2.85
-1.96
-0.19
-3.65
-1.2
-0.31
-0.27
