-5
-2.93
-1.76
2.06
0.92
1.66
-3.29
2.22
1.89
-0.57
-0.89
3.57
-3.31
-0.29
0.87
-0.22
-3.88
-3.28
-1.62
1.12
3.36
-0.56
2.18
0.56
-0.08
-3.18
0.52
3.7
-2.58
-0.94
-1.15
0.38
-0.2
3.98
2.63
-2.13
3.51
-2.43
1.66
2.63
-1.89
-2.15
-2.55
-3.76
-1.75
-3.04
-0.87
2.08
3.37
0.08
2.08
-1.02
0.59
-1.73
0.45
-2.64
0.17
0.32
0.47
0.09
-0.65
0.72
0.07
-3.71
-1.97
0.37
2.62
0.9
3.39
0.45
3.45
0.09
-0.93
-2.19
-0.95
3.53
-2.49
1.93
0.74
2.21
1.12
0.23
0.04
-1.03
2.7
2.43
-3.88
-1.29
2.33
1.26
-3.55
-0.81
1.11
-2.44
-0.72
1.39
-0.96
-2.84
-3.55
1.88
3.6
2.23
-3.1
-3.78
-1.68
-2.02
-1.84
-3.21
0.37
-1.88
2.6
0.97
3.58
3.34
-3.06
-1.21
4
-2.18
-3.23
-0.4
0.58
-0.1
