-5
-2.45
2.79
2.48
1.79
-0.96
-2.07
1.7
2.2
-3.74
-0.43
-0.19
1.14
-1.51
-1.4
0.89
-0.89
-0.28
0.36
2.92
-3.01
-2.15
1.78
-0.95
3.83
1.9
2.81
1.73
-2.32
-1.54
-0.41
-2.62
-2.63
2.2
-0.16
3.61
1.49
-3.03
1.57
0.1
3.65
-2.91
0.75
0.52
0.84
0.33
2.35
1.12
2.01
2.14
-0.52
-2.59
0.56
1.11
-3.08
1.39
-0.65
3.46
2.65
2.6
-0.12
0.21
-2.81
-0.27
3.84
-1.82
0.69
2.95
-3.01
-3.27
-2.66
-1.87
-3.43
2.56
-1.47
-3.41
-2.01
0.8
2.22
-3.69
2.21
-1.25
3.73
-0.46
2.98
3.03
0.72
0.26
1.27
0.78
0.26
-2.05
-1.67
1.68
-3.79
-0.95
1.53
-0.41
1.29
-1.31
3.64
3.54
0.12
-0.61
0.8
-2.65
1.94
0.62
-2.89
1.99
3.68
2.56
2.02
-0.85
-3.66
0.31
0.49
2.1
0.76
-3.92
1.43
-3.3
