-2
-0.22
2.78
1.15
2.31
-2.6
0.96
0.09
2.67
-0.2
1.22
0.38
0.69
-3.84
0.97
2.25
-0.91
-0.82
-4
-3.63
3.25
3.87
3.97
-0.37
-3.44
-1.31
-1.67
-2.85
-2.82
-3.38
3.57
-3.71
-2.87
-0.68
-2.62
1.51
2.5
1.66
0.87
1.46
2.97
-1.82
-1.79
-2.22
-1.65
-3.81
0.1
-3.28
1.91
-2.95
-3.28
2.53
-1.53
-3.28
-2.53
3.64
-0.05
0.98
1.21
2.99
-1.61
3.11
-1.84
3
-0.9
-1.85
1.06
3.11
3.74
-3.79
0.26
-3.62
-0.21
-2.55
1.41
3.61
2.19
3.34
-1.43
-2.99
3.45
0.05
-1.22
-3.88
-1.28
-0.09
2.52
0.98
1.41
-1.06
3.62
1.51
3.84
0.2
2.75
-0.82
2.95
3.14
1.3
-2.11
2.77
2.04
-0.95
-3.9
-1.58
-1.81
-3.79
-2.51
-1.18
0.25
-3.57
-2.77
-1.6
-2.09
0.68
-1.76
-2.93
2.55
1.46
1.16
3.76
-2.22
