-9
3.58
3.94
0.67
2.47
0.44
-2.49
2.58
-0.07
1.33
-1.83
-3.3
2.67
1.32
-0.37
-2.51
0.03
2.19
-2.02
0.76
-2.36
0.72
-2.18
2.95
-3.74
2
3.69
-0.69
1.25
-0.8
-2.3
2.35
1
-2.26
-1.36
2.17
-0.91
-0.84
-3.26
-2.75
-3.07
0.03
-2.12
-3.97
2.03
-2.01
2.05
-3.38
-3.65
-3.53
1.1
1.16
1.74
2.08
0.08
-2.13
1.71
2.77
-2.91
1.03
-1.99
2.87
-2.45
-2.7
1.08
-3.64
-2.71
2.21
0.55
-2.06
-2.29
0.94
-0.05
0.36
1.42
2.42
0.8
-3.04
3.91
2
-2.27
0.53
0.33
2.37
-2.03
-0.23
-1.2
0.54
-0.63
1.94
3.05
-1.8
2.97
-2.17
-0.14
-1.09
2.72
0.91
1.5
-3.57
-1.49
-2.44
1.85
1.04
-1.17
-2.2
-2.91
-3.25
3.49
0.07
-1.96
0.68
-3.45
1.83
-2.39
1.89
-1.53
-2.93
-3.02
2.06
-1.38
0.49
1.04
2.51
1.12
-3.31
2.93
-3.24
3.92
-3.97
-1.73
-3
-3.35
3.56
-1.34
-3.79
1.47
3.77
0.33
0.7
-0.6
-0.09
3.98
3.2
-3.15
-0.84
0.43
2.37
2.89
-2.3
-1.67
2.48
2.68
-2.47
-0.39
-3.92
-3.68
-0.26
2.94
0.33
2.37
2.13
-1.77
3.45
-3.87
-1.77
1.19
3.15
-2.53
-2.23
-3.71
3.51
3.33
-0.26
1.12
-2.01
-3.75
-1.54
-3.15
-1.51
3.21
3.36
2.44
1.02
1.15
-2.96
3.41
0.64
0.36
0.47
-0.42
2.79
-0.18
-2.49
0.66
2.4
3.21
1.09
1.89
-0.18
0.58
3.76
-3.83
2.09
2.34
3.37
0.33
2.77
1.56
-1.68
0.06
3.12
-0.38
-1.78
0.62
3.94
2.43
1.73
3.55
0.7
0.5
3.09
2.76
3.16
1.02
-1.83
0.77
2.7
-3.33
-3.79
2.96
0.81
0.89
-3.77
2.48
-3.09
2.18
-1.14
1.21
-3.63
-1.39
3.89
-2.91
-2.26
-1.73
3.2
-2.8
0.61
0.43
-2.67
2.07
1.96
-2.26
1.78
-2.83
0.13
-1.02
-3.32
2.66
-0.41
-3.67
2.63
-3.03
1.34
3.69
-0.61
-0.26
-0.27
3.61
-0.78
-2.8
1.06
3.83
2.68
-3.83
1.17
-0.16
-2.74
-1.51
0.38
-2.92
-1.99
3.52
-2.93
3.98
-0.08
2.42
2.09
2.63
-2.46
-3
-0.58
-0.48
1.18
-2.84
-3.24
2.82
0.6
3.48
0.95
-1.16
0.61
-1.62
1.6
-3.21
-0.2
3.32
1.9
0.97
3.07
3.18
-0.02
-2.63
-0.05
-2.4
1.24
1.45
-3.57
2.34
0.11
3.15
0.68
-2.32
-1.24
0.61
1.4
-3.03
3.94
2.84
2.41
-0.49
3.16
-2.48
-0.76
-3.71
2.68
-2.22
-3.42
-1.15
-2.05
-0.36
3.8
-3.94
2.74
3.31
-1.94
-3.92
3.99
-1.24
2.08
-1.74
-2.46
-1.61
-0.19
1.17
1.42
0.36
0.63
0.57
2.42
-3.91
-0.36
2.67
-1.7
3.08
0.57
-4
0.69
1.57
0.08
-1.72
2
-3.2
-1.92
-2.01
3.01
-2.24
-2.56
3.46
-0.26
2.61
-3.05
-0.63
2.39
-0.63
-3.12
1.98
2.61
0.68
-3.86
0.94
-1.27
3.7
3.65
-2.35
3.4
1.5
-2.9
-0.53
-1.69
-3.27
-0.93
1.88
-2.95
2.17
1.8
3.74
-2.27
-1.32
1.14
-2.44
3.02
-2.85
3.44
-1.83
-2.07
1.47
-2.19
2.66
0.49
0.83
-3.76
3.75
3.65
-2.51
-1.35
-1.33
-1.4
1.49
-1.35
-3.34
-1.78
-0.95
-1.36
-0.36
3.22
0.32
0.28
2.37
-1.28
-1.68
2.03
-1.88
-1.86
-3.63
-0.71
1.05
-2.5
-2.97
3.68
-0.44
-1.26
-2.71
-1.02
-0.01
-2.47
1.64
-2.15
2.38
1.57
2.82
1.88
3.46
2.41
2.1
-3.68
-0.31
-3.61
1.04
-1.53
0.44
-2.5
-2.66
0.56
-1.59
0.18
0.52
-3.46
-1.51
0.7
-2.8
2.39
-3.36
-2.5
-2.25
3.23
2.85
0.22
-2.86
2.08
-2.31
3.56
3.78
2.49
2.89
1.26
2.35
-3.51
2.27
-0.31
3.95
-0.12
-3.09
0.75
0.11
-2.92
-3.82
1.56
-3.89
-3.4
2.53
-0.94
-2.58
1.38
2.74
-1.11
1.92
0.96
1.89
0.34
-2.89
0.74
2.85
2.66
-1.62
-0.26
-2.99
2.62
-3.71
-0.35
1.44
-0.18
-3.05
1.55
2.49
-2.85
-1.32
-3.58
0.06
-2.43
-2.63
-3.48
-2.25
1.92
2.98
-3.4
-3.95
-0.74
0.5
2.68
-0.18
2.76
-3.91
-3.33
2.27
3.21
-1.49
2.58
1.49
-2.71
2.24
-2.68
-2.9
-1.03
0.61
3.73
-3.64
2.15
-2.97
3.99
1.53
-0.97
-2.69
0.09
-2.66
2.28
-2.29
1.04
-0.16
-1.99
-3.15
2.81
2.98
3.54
2.37
-3.7
3.87
-3.75
-2.36
-2.59
-0.63
1.94
-1.75
0.79
2.15
1.57
2.04
-0.82
-3.49
1.59
-0.58
-2.73
-3.55
2.83
3.24
0.77
-1.29
1.08
1.76
0.49
1.59
-3.95
3.42
0.59
-1.52
1.98
-2.76
1.26
2.06
2.71
-2.25
0.83
2.47
3.86
1.41
0.34
2.51
3.32
-3.97
3.9
-0.78
1.92
1.39
2.27
-1.5
1.18
-1.56
0.29
-2.97
0.42
-0.72
-0.38
2.49
3.72
0.96
-1.21
-3.97
-2.68
1.58
1.77
0.11
-2.91
1.77
-3.68
-2.52
-0.99
-2.74
-1.09
-0.34
-0.7
2.72
-3.02
3.49
1.21
-3.83
-3.72
1.24
1.58
-2.33
-0.72
-1.58
0.06
-2.75
-0.49
1.41
2.34
1.28
3.8
2.46
0.07
3.16
-2.93
-2.81
3.71
-1.33
0.25
2.8
-1
-1.68
0.98
3.24
-1.26
2.28
3.7
1.09
-3.49
-3.98
2.09
-3.35
1.45
-3.62
-3.14
-0.3
-2.91
0.97
-0.99
-1.29
3.8
-0.08
-1.76
-2.84
1.49
-0.17
-0.13
0.5
-1.95
1.91
0.49
1.28
2.3
2.16
-2.68
0.25
1.59
-3.61
-3.08
1.04
-0.21
-0.9
-0.21
1.08
2.24
-2.03
-3.77
2.84
-3.01
-0.21
-2.09
1.62
0.71
1.82
2.86
3.2
-1.77
0.58
3.52
2.92
2.78
1.42
3.4
1.24
0.8
-2.24
0.55
-0.4
-0.83
0.99
2.68
3.75
-0.42
-1.76
3.33
1.15
1.68
-3.65
2.86
-1.3
-0.99
0.95
0.84
2.76
-3.36
-1.82
-1.34
-0.77
-1
-0.88
0.64
-2.52
-2.53
-2.69
-3.31
-1.52
1.98
-3.92
-0.26
-0.38
1.88
-3.38
2.25
-1.45
0.59
0.64
-1.79
3.04
-3.02
2.23
-0.62
1.71
2.31
-3.83
3.76
-1.59
-0.53
2.79
-1.93
2.45
2.62
-1.96
1.22
0.13
3.87
-3.39
-3.73
0.66
2.95
1.6
-3.1
-2.72
0.14
-0.15
2.94
-3.44
-0.94
0.3
3.39
-0.73
-2.56
-2.67
3.92
2.94
-2.56
2.01
2.72
3.47
-1.48
1.54
-0.53
1.3
-1.51
3.32
3.05
1.92
2.97
-1.88
-2
-0.94
1.57
1.87
3.78
-2.56
1.19
1.91
3.14
1.69
-2.6
0.53
2.4
-2.35
-2.87
-3.17
-2.13
0.4
-0.29
-2.04
3.51
-2.94
1.22
-3.51
-2.83
-1.36
2.26
-3.2
3
0.17
2.25
3.58
-2.53
-3.94
-3.39
1.02
-2.06
2.07
3.6
3.42
-0.66
-1.43
2.6
3.02
-0.46
2.75
2.6
2.4
-3.98
0.31
3.49
-0.49
-2.77
-1.03
0.89
1.72
-3.24
1.28
-0.24
-1.52
3.26
1.31
-1.34
-2.6
2.59
-3.32
-2.28
3.65
-1.11
3.41
-3.07
1.4
2.1
1.57
-0.37
0.35
-0.97
-2.02
2.31
1.96
2.6
3.37
1.81
1.31
3.37
3.14
-3.74
3.02
0.03
-1.1
3.92
-3.32
-0.37
3.52
3.93
3.87
-3.17
2.13
1.01
-2.53
-2.69
0.36
-1.41
-3.24
-3.41
-2.91
-3.72
-2.94
1.59
2.85
-1.64
-3.93
-1.21
-3.18
2.06
-0.99
1.11
-3.07
1.96
1.76
-1.23
-3.73
3.26
3.31
-2.74
-0.09
1.14
-1.96
0.09
-0.6
-1.27
-0.22
-3.51
3.04
-2.88
3.79
2.23
0.49
3.3
0.41
0.01
-0.96
3.79
3.24
1.37
-1.66
2.18
-3.68
1.3
-0.12
-2.79
0.96
-1.98
1.4
3.54
0.51
3.7
1.56
3.23
-2.3
2.25
3.81
2.8
1.7
2.61
3.35
3.55
0.55
-2.81
-0.76
-1.5
0.95
3.49
-1.21
3.58
1.7
3.79
-0.99
-2.53
3.53
1.25
-1.67
2.32
0.96
-2.87
3.27
3.72
2.26
-1.29
-2.02
2.85
2.54
-0.44
3.62
0.97
-0.3
0.92
3.84
-2.65
-0.18
-3.93
-0.4
3.75
0.06
-3.34
-1.07
-1.84
-0.44
-1.02
-2.11
-0.07
-1.27
2.13
3.26
0.92
-1.42
0.86
1.29
-2.55
3.57
0.59
-0.27
3.55
2.06
-3.61
0.8
1.12
-0.15
-1.01
0.31
-0.43
-0.68
2.34
2.35
3.43
1.61
2.59
0.13
1.98
3.1
0.54
2.39
-0.67
-1.89
2.86
-2.64
0.51
0.34
0.15
-2.78
3.51
0.21
0.27
0.22
0.92
-3.97
-2.43
0.76
0.38
3.03
-1.87
3.25
-3.07
-1.85
2.44
-1.95
-3.57
-0.12
-3.57
0.37
1.69
2.66
2.23
-1.12
2.92
-1.65
3.51
1.05
-1.66
-3.03
1.23
3.11
-2.55
0.66
-1.35
-2.02
3.61
2.21
3.37
-1.95
-3.6
0.85
-3.46
-3.38
1.4
3.95
-2.73
1.29
-2.26
3.92
0.27
-3.29
1.34
1.5
-1.83
-3.46
-2.32
-3.96
-3.53
1.34
1.5
0.18
-0.87
-3.87
-0.52
-3.28
-2.8
3.91
-3.59
3.28
1.46
2.92
-1.44
-3.87
-3.85
-1.34
0.38
-0.99
3.47
1.12
3.66
-3.79
1.06
-0.28
3.74
-2.2
0.09
-1.15
0.41
-1.69
2.01
-0.27
3.12
3.96
-3.13
0.52
-1.79
2.11
1.36
3.92
-1.75
0.79
-2.78
-2.94
-3.74
-2.32
-2.79
-3.26
3
3.2
-2.78
-1.97
0
2.88
3.38
-2.19
-1.83
3.72
0.36
-0.97
-3.71
-1
0.94
-3.49
-3.01
0.13
-1.31
-0.53
1.9
-2.95
-2.17
-0.82
-0.35
-1.84
-2.99
-0.91
1.7
1.73
3.85
-0.04
-2.1
-1.81
-2.15
2.05
3.52
3.55
0.49
3.06
-3.21
-2.25
-0.17
-1.94
2.05
2.74
-2.46
-2.92
-1.27
-1.58
0.83
-0.63
0
-2.19
1.92
1.59
3.25
2.62
-3.04
3.79
-2.54
0.05
-0.72
0.25
2.44
-1.35
2.24
-2.56
-0.18
-0.7
-3.39
-3.51
-3.47
-1.17
-1.36
2.97
3.36
2.48
3.24
0.58
2.77
-0.13
0.43
-3.04
-0.64
-2.77
-0.28
1.92
-1.71
-2.86
2.57
-1.17
3.55
-0.07
2.12
0.17
-2.61
-2.52
1.63
2.87
2.87
-3
-3.75
-2.93
2.53
-1.79
-0.19
-1.19
0.66
1.35
0.39
3.1
-3.1
2.55
-1.16
-2.37
-3.96
-0.33
-1.55
-2.36
-1.68
0.56
3.86
-2.03
-0.06
-3.04
3.21
1.62
-0.16
-0.79
-0.3
-2.72
-2.74
2.15
-1.87
-3.16
0.56
0.83
-1.88
-0.76
-3.92
3.75
0.56
-1.29
2.01
2.72
-0.46
2.03
0.5
0.08
-0.86
-3.15
-0.97
-0.26
3.47
-0.17
1.78
-2.45
2.2
-2
-0.51
0.48
-0.09
1.88
-3.43
-2.87
-1.71
-1.94
-3.81
1.52
2.89
-0.86
-3.99
-2.42
-0.06
-2.17
-0.58
2.2
-0.16
1.19
-1.63
3.49
2.79
-3.4
1.7
-1.59
2.61
3.72
-2.59
2.13
-3.22
1.89
-3.96
3.06
1.03
-1.87
-1.27
-3.94
1.18
-0.54
-0.7
-0.94
0.3
1.42
0.14
-2.82
3.58
-2.28
-0.2
3.08
3.06
0.02
-3.5
-3.88
-2.5
0.54
-0.4
1.33
1.09
-0.13
-1.06
-3.64
-0.36
1.66
-2.04
-0.62
3.64
1.75
3.75
-2.73
3
2.64
0.33
-2.4
2.56
2.6
-1.51
1.13
3.37
-3.53
3.79
2.94
0.66
0.65
-3.46
-3.99
-0.67
1.2
-3.85
3.94
0.58
-0.8
-3.32
-2.21
3.6
1.08
-1.08
0.98
-0.44
2.02
-0.61
-0.89
-3.07
1.29
-3.14
0.33
2.57
0.72
-0.07
0.29
-1.87
-0.52
2.67
-2.61
3.61
0.02
1.23
-1.31
3.48
-1.34
0.58
-2.75
2.78
-3.35
1.93
-1.81
-0.32
1.44
0.04
3.91
3.62
-2.28
-0.08
1.29
1.97
1.71
0.25
0.1
1.81
3.42
3.45
3.5
0.73
0.28
1.46
-0.74
0.32
-2.29
1.82
-3.71
-2.27
-1.22
0.73
3.29
3.28
-0.37
-1.34
-1.78
0.67
-0.64
-2.42
2.94
-0.16
2.12
2.83
-3.67
0.86
2.33
3.5
2.36
-1.01
0.51
3.83
-0.1
-2.81
-0.51
2.09
-0.86
-1.59
3.26
-1.68
-1.77
3.99
2.23
0.92
-3.92
-3.34
2.35
0.61
-3.57
3.7
-3.53
0.41
3.5
0.64
1.29
3.26
-2.92
3.89
-0.11
-3.56
2.83
-0.91
-3.2
-1.26
3.24
0.53
0.46
2.23
-0.78
-0.89
0.84
3.23
-0.03
-2.64
-1.58
3.92
-3.1
3.42
-0.51
0.71
-0.19
-1.41
-2.56
1.87
3.84
0.78
0.47
0.45
-1.98
-0.15
2.42
-0.12
-0.91
-3.58
-3.85
-0.77
2.21
-1.97
4
0.26
-2.56
0.71
1.83
-2.41
-1.74
-0.18
-0.88
1.89
-2.76
-1.49
-1.5
-1.15
-3.33
-0.26
-2.18
-0.02
3.47
-1.67
3.3
-1.97
1.71
-2.41
-2.08
0.73
0.6
-1.74
-3.94
0.15
0.21
1.02
1.88
1.4
-2.98
-1.08
2.13
2.48
3.02
-0.74
3.54
-2.39
3.82
-3.57
-2.94
2.39
-2.85
3.14
0.01
0.58
-3.09
-0.17
-1.35
-2.05
-3.5
-3.41
3.16
-3.47
3.07
-3.28
-1.38
2.04
-3.88
0.35
0.08
2.99
-0.47
-2.39
2.76
2.79
-0.88
2.51
2.71
1.33
1.13
-2.78
-2.08
-1.02
2.82
0.63
