-6
0.84
-3.69
1.8
-0.84
0.18
-3.76
0.76
-2.38
-0.21
-2.2
0.88
2.22
-3.91
1.68
2.14
-3.58
3.61
1.51
-0.48
1.39
-3.33
-2.05
-2.8
-0.18
3.02
-0.3
3.7
-3.69
0.25
3.46
-2.67
0.6
-1.17
2.6
2.44
0.87
1.42
1.41
-1.2
-0.07
-3.34
3.71
2.36
-3.38
-1.03
-2.74
3.18
-3.3
-3.51
-1.76
-3.95
2.62
-2.73
-1.93
-2.64
3.88
-3.86
1.49
0.17
-1.24
-1.97
-3.99
-2.15
3.46
2.14
-0.25
-2.81
-2.44
2.6
-2.25
-3.26
0.47
3.01
-0.95
-0.91
-1.37
-2.14
-0.12
-1.33
1.41
-2.99
3.7
-2.36
3.52
1.08
-2.52
-0.68
-0.45
-3.82
-3.55
-1.05
-3.49
1.26
0.76
-2
-3.6
1.01
-2.38
-2.75
-0.97
-1.95
3.25
-1.61
2.69
-0.82
-1.84
2.39
-0.94
-3.67
-1.77
-0.69
2.85
-3.59
-3.11
-1.01
-3.32
-0.79
-1.83
-0.17
3.09
2.49
