-5
-1.9
0.78
1.26
-0.06
1.44
-2.1
-3.04
2.68
-1.44
-3.31
-1.25
2.32
2.57
0.69
1.99
3.37
-0.69
-0.63
-1.13
0.92
2.75
-3.62
1.69
-0.17
-3.94
0.36
-0.95
0.07
-3.25
0.54
-3.64
-1.71
-2.37
-2.34
-1.08
-1.52
2.65
3.24
-0.76
3.6
-1.67
0.1
-0.88
1.06
-3.08
-0.45
1.94
0.55
-0.68
3.53
-3.19
2.15
1.89
3.08
2.95
-0.4
1.74
-2.93
3.11
-0.06
0.21
-3.33
-0.38
0.32
-1.79
1.85
-1.9
1.68
-3.49
-1.48
1.7
1.84
-1.63
-0.03
2.07
1.41
3.84
-1.24
0.33
2.72
-0.44
-3.77
-3.18
2.69
-3.17
-0.42
-2.96
-0.79
-1.61
0.56
0.64
-3.76
2.07
3.63
2.66
3.15
-3.35
-2.4
-1.75
0.81
1.57
-0.9
-1.47
-2.92
3.05
-1.98
2.87
3.61
-3.18
-2.05
-0.93
0.25
-2.75
2.96
0.28
2.12
1.98
-1.41
-0.51
-2.84
-2.25
