-2
1.39
0.05
-1.31
-2.38
2.81
-0.4
-1.14
3.91
-1.88
3.9
2.3
3.24
-0.33
3.68
2.77
-3.21
-0.12
-0.72
2.2
3.31
2.23
-1.86
-3.33
1.65
0.28
1.67
-1.92
-3.93
-3.22
-3.17
0.74
-2.8
0.81
1.8
-0.94
3.85
-0.92
-1.23
3.05
-2.6
1.87
0.6
0.47
-0.92
2.6
0.54
3.25
-3.28
-0.84
-2.4
3.41
0.92
1.92
-2.5
4
-1.57
-1.92
-2.92
1.23
-2.86
2.76
-2.16
-1.56
-0.7
-3.97
0.01
1.34
2.67
-1.02
-0.49
-1.79
0.13
1.47
2.53
2.32
-1.85
-3.2
1.81
-1.22
1.38
-3.68
1.93
3.02
3.5
-0.78
-1.68
0.33
-0.05
-0.21
3.9
-2.9
2.23
0.61
2.11
-1.28
2.25
0.2
0.87
-3.54
2.52
3.69
-2.81
-1.78
1.1
-1.73
-0.42
-0.17
-0.11
2.13
3.44
-0.6
1.05
0.67
1.09
3.12
1.71
-1.48
0.3
0.67
-0.22
-0.36
