-2
1.43
-3.4
-1
0.02
-0.23
3.7
0.09
-2.54
-3.66
-0.74
0.38
0.69
-3.84
0.97
2.25
-0.91
-3.17
-4
-1.22
-3.81
3.87
3.3
-0.37
-3.44
-3.49
-3.05
2.58
-2.82
-3.38
-2.98
-3.71
1.7
0.95
-2.62
1.51
2.5
1.66
0.87
1.94
2.9
2.62
-2.48
-3.38
-1.65
-3.81
1.95
3.68
2.88
-2.95
3.08
2.53
-1.53
-3.28
2.3
0.05
-0.18
-1.6
-3.91
2.99
-1.61
2.54
-1.84
3
-0.9
1.39
-1.06
0.96
-2.45
-0.68
0.26
3.76
-0.21
-2.55
1.41
1.34
2.57
3.34
-1.67
-1.66
3.45
3.33
-1.22
-3.88
-1.28
0.91
-0.35
0.98
3.23
-1.06
-3.67
1.7
-3.2
-1.07
2.75
-0.82
2.95
3.14
1.3
-1.81
-0.74
0.61
2.92
-3.9
-1.58
-3.48
-3.79
-2.51
-1.18
0.25
-3.57
-2.77
-1.46
1.87
0.68
-1.76
-2.93
2.55
1.46
0.45
-3.58
-2.22
