0
-1.28
-1.16
-2.79
-1.21
-1.65
-0.42
-2.95
-1.36
-2.47
3.34
2.99
-0.16
2.83
-2.82
-1.75
0.09
-3.59
2.37
1.69
2.52
0.07
-0.62
1.81
-2.55
2.48
2.36
-1.28
3.62
-2.19
-1
-0.85
-3.54
-0.93
-3.4
-3.45
0.37
-1.42
-3.03
-3.58
-1.29
-1.68
-0.84
1.05
-0.38
1.16
-1.37
-3.41
2.1
0.11
1.15
-0.21
3.07
1.96
-1.94
3.47
-1.44
2.69
3.92
-2.51
0.27
3.28
-2.33
1.03
-0.75
-2.08
1.54
-3.09
-1.15
1.3
-1.14
2.65
1.89
2.22
1.07
2.42
0.14
-2.72
3.45
1.68
-0.73
-2.98
-3.04
2.8
2.04
0.26
0.47
1.49
1.38
0.87
3.34
-3.83
1.41
3.02
-2.69
-1.97
-0.87
3.26
3.49
1.35
-3.84
-2.01
0.16
-1.13
1.15
0.01
-2.25
-0.38
-0.35
0.96
0.12
3.35
1.78
0.48
0.93
-3.32
0.49
1.61
-3.15
-0.27
3.34
3.76
