0
1.43
-3.52
1.15
-3.19
-0.84
-2.54
0.22
-1.62
3.23
-2.42
-0.41
-2.35
0.67
0.24
-2.23
0.14
1.73
1.91
3.47
-3.41
3.86
0.3
-0.37
2.21
-0.32
-1.81
2.58
0.27
0.14
3.57
0.52
1.09
-0.06
-0.62
-0.99
-2.21
-2.94
2.83
1.94
0.79
-1.14
-2.34
2.14
-2.95
2.17
-3.38
-1.72
0.78
-2.92
3.08
-2.77
-3.33
3.33
-2.02
2.41
-2.88
2.34
1.26
-1.17
3.22
-1.12
3.95
-0.67
-3.9
-0.86
2.38
1.32
-2.72
-2.78
-3
-3.39
0.15
3.98
-1.32
2.1
-1.56
-1.18
3.13
-3.15
-3.25
-2.34
-2.6
0
2.25
1.89
1.76
1.76
2.05
0.98
-0.86
-1.58
0.59
-1.33
2.89
-0.49
1.32
-2.25
3.84
3.88
1.39
1.62
-3.01
0.22
-2.28
2.47
2.51
3.23
-3.81
-0.11
-2.56
1.05
3.22
1.87
0.04
-3.46
-2.93
0.76
1.08
-1.78
2.42
3.98
