-3
-0.48
2.02
-1.71
-1.21
-0.08
0.56
1.58
1.79
-3.23
2.92
-3.14
-2.89
2.83
1.55
3.24
-1.33
-2.5
2.37
3.76
0.94
1.12
3.37
-3.59
-2.55
-2.7
0.3
3.31
1.74
-3.04
1.52
-0.21
-0.37
-1.93
-1.48
-1.66
2.55
3.85
1.41
0.69
-0.01
2.68
1.26
2.29
0.72
-1.21
3.47
2.6
-3.59
-3.37
-1.11
-3.58
-3.27
1.58
-3.33
-1.62
-3.91
1.6
3.88
3.59
3.63
-1.47
-2.1
0.82
-0.74
-3.5
1.23
3.05
0.31
-0.8
-3.12
-1.17
0.11
2.22
-1.59
-0.37
3.87
1.78
3.36
0.63
-2.64
-0.17
1.48
3.16
2.21
2.55
0.71
0.63
1.43
-3.73
2.19
-3.05
1.52
1.8
-3.48
3.65
0.78
2.87
3.49
-1.21
1.57
-0.67
-3.12
1.21
1.7
3.93
-0.79
-3.59
-0.83
-3.53
-3.06
-1.68
-0.89
-0.76
2.23
-1.56
-2.07
-2.99
2.61
-3.75
1.45
3.18
