-5
-1.9
3.64
1.26
0.72
-1.17
-2.1
1.72
-2.74
1.31
0.44
-1.25
-2.98
0.53
2.69
1.99
1.5
0.87
-0.63
-1.13
3.71
2.75
-3.62
1.14
2.41
-3.94
3.22
-0.48
2.31
-2
-3.41
2.41
-3.76
1.12
-1.47
1.98
0.25
-2.46
3.24
-2.58
-0.41
-1.67
3.3
2.42
1.22
-1.92
1.82
-1.24
2.68
1.48
-3.84
-0.86
0.12
-2.14
-3.62
3.3
-2.59
3.61
2.85
0.65
0.89
0.93
3.42
-0.38
0.32
0.74
-3.87
0.79
-0.77
-3.29
-2.26
-3.03
-2.08
1.31
3.28
-0.55
0.67
2.35
3.92
0.33
2.72
0.46
-3.75
-2.21
-2.52
-3.17
-0.42
2.38
-0.57
-1.61
0.56
-0.43
-3.05
-1.29
0.54
2.66
-1.08
-0.33
-3.71
2.7
-2.05
-2.09
-3.68
-1.47
-3.36
3.56
1.61
-3.86
3.28
3.36
-0.97
-0.93
-3.09
-1.48
1.81
0.28
0.68
2.59
1.78
-0.51
2.84
-1.76
