-6
3.79
0.99
-1.36
-3.89
3.04
3.17
-0.62
-1.6
-3.54
-0.55
0.43
2.38
0.62
-3.66
-1.52
-3.97
3.99
-2.28
-3.01
2.36
1.46
2.2
-3.33
-3.57
-3.7
1.72
-3
-3.36
2.14
0.83
0.62
0.09
2.98
3.3
-3.65
-0.08
0.35
-0.48
0.1
-0.83
-2.28
2.83
2.55
-0.53
-0.94
-0.68
-1.92
-2.97
-3.31
3.17
-0.13
0.92
-3.38
2.29
-1.31
1.15
3.51
0.83
1.81
-1.02
1.08
-1.26
-3.82
1.33
1
0.97
-2.19
-2.48
2.1
2.54
-0.96
2.54
-1.59
-3.17
-3.67
-0.89
2.79
-3.01
1.5
1.19
3.48
3.28
2.03
-0.68
2.59
0.72
3.22
2.49
2.46
-2.97
2.78
-1.66
3.6
3.82
1.5
0.46
2.81
1.37
2.06
0.28
0.24
-0.72
2.07
-0.98
0.02
3.03
0.84
0.73
1.99
-1.43
2.14
0.34
0.63
0.73
3.2
1.8
-3.58
-0.46
-0.79
-0.41
3.69
