-10
2.89
-3.69
1.8
-0.84
0.18
-3.76
0.95
-1.95
-0.21
-2.2
0.88
2.22
-3.91
1.68
-0.22
-2.68
3.61
0.06
-0.48
1.39
3.77
-2.05
-2.8
-0.18
-2.98
0.47
3.7
-3.3
0.25
3.46
1.36
0.6
-1.17
2.6
-0.88
0.87
1.42
1.27
-1.2
-0.07
-3.34
-3.71
-0.19
-2.55
-1.03
-2.74
0.53
-3.3
-3.51
-1.76
-3.95
2.62
-2.73
-1.93
-2.13
3.88
-1.28
1.49
0.17
-1.24
-1.97
-3.99
-2.15
3.92
-3.8
-0.25
-2.81
-2.44
2.6
-2.25
1.39
0.47
3.01
-0.95
3.83
-1.37
-2.14
-0.12
2.21
-3.26
-2.59
0.79
-2.36
3.52
1.08
2.01
-0.68
-0.45
-3.82
1.43
-2.23
-3.49
-1.68
-1.48
-2
1.6
1.01
3.98
-2.75
-0.97
-1.95
3.25
-1.61
-0.48
-0.82
-0.42
2.39
-0.94
-3.67
-1.77
-0.69
2.85
-3.59
-3.89
-1.55
2.62
-0.79
-1.83
2.62
3.09
2.49
