-2
-0.22
3.07
1.15
2.68
3.2
-0.26
0.09
2.67
-3.66
1.22
0.38
2.92
-3.28
-0.68
2.25
2.13
1.87
-4
0.81
-3.81
3.87
3.97
-1.98
-3.44
-1.31
-1.67
-2.85
-1.75
-3.38
1.5
1.94
-2.87
-2.31
2.53
2.78
2.5
2.85
0.87
1.46
2.9
-1.09
-1.79
-0.11
-0.93
-3.81
0.1
-3.28
1.91
3.19
3.08
-2.96
-1.53
-3.28
2.3
3.64
-0.83
0.98
2.62
2.99
-1.03
1.64
-1.84
3
-0.9
3.58
-1.06
-1.97
3.74
-3.97
0.26
3.76
-0.21
-3.2
1.41
1.34
2.19
3.34
-0.47
-1.66
3.45
0.05
-1.22
-3.88
0.1
0.91
1.32
0.98
3.23
-1.06
-3.67
1.51
-3.2
2.43
2.75
-0.82
2.95
2.16
1.3
-1.81
2.77
0.61
-0.58
3.27
-1.58
-1.81
2.51
-2.51
0.77
-3.88
3.64
-2.77
-1.6
-2.09
0.68
-0.25
-2.93
2.55
1.46
0.45
3.76
-2.22
