-9
3.79
1.71
-1.36
-3.89
3.04
3.17
-0.62
-1.6
0.23
2.64
0.43
2.38
0.62
3.62
1.17
-3.97
0.66
1.62
-3.63
-1.6
1.46
2.2
-3.33
-2.26
1.18
1.72
0.56
-3.36
2.62
0.83
-2.94
3.18
2.98
-2.49
-1.32
-2.59
0.35
-1.01
0.1
-0.83
1.84
-1.66
2.69
-0.53
0.33
-3.95
-0.51
-2.97
-3.31
3.17
2.14
0.56
1.84
2.29
-1.31
1.15
2.93
1.73
0.29
-1.22
3.99
-1.26
0.69
1.24
3.6
-1.2
-1.33
-0.66
-2.81
2.54
-0.96
-3.42
-1.59
-0.01
2.43
0.97
0.17
-3.01
1.48
1.19
-0.26
-2.36
3.96
2.98
3.03
2.15
1.96
1.37
2.46
0.26
2.78
-1.64
1.63
3.82
3.44
2.93
-1.43
-2.43
0.93
-1.19
-0.79
-0.72
2.96
-0.98
2.31
2.36
-3.51
0.73
1.99
1.72
2.56
-1.35
-0.85
3.04
3.2
0.49
-2.04
1.8
2.65
-3.94
3.69
