-3
-1.28
-2
-2.79
-2.37
-1.65
-0.42
-2.95
-0.56
-2.2
3.34
0.31
-0.16
2.83
-2.82
-1.75
0.09
0.19
0.77
1.69
2.52
-0.84
0.36
-2.6
-2.55
-2.7
-3.13
-1.28
3.62
3.07
-1
-0.85
-1.62
-0.93
-0.95
-0.2
0.37
-1.42
-3.03
-3.58
-1.59
-1.68
-0.1
2.07
2.12
1.05
-1.37
-3.41
2.1
-0.66
1.15
-2.38
3.07
-2.79
-1.94
3.17
-1.44
2.69
3.92
-2.51
0.27
-1.47
-2.33
1.03
0.54
-2.08
2.12
-3.09
2.21
1.3
-1.14
2.65
-2.6
0.02
-0.1
-0.23
0.14
-2.72
-2.91
1.68
-0.73
-0.17
-3.04
2.8
2.04
0.26
0.47
1.49
1.38
0.87
-1.88
-3.83
1.52
3.02
-2.69
-2.98
-0.87
-0.38
3.49
1.35
3.92
-2.01
-2.64
-1.13
-0.31
0.01
-2.34
-0.38
-0.35
1.04
2.52
2.44
1.78
-3
0.93
-3.32
-2.04
0.49
-3.15
1.39
0.31
-0.25
