-5
-1.9
3.29
1.26
0.72
-2.94
0.82
1.72
2.68
-1.44
0.44
-1.25
2.47
0.06
0.69
1.99
3.37
-3.42
-1.44
2.38
0.92
2.75
-3.62
1.14
-0.17
1.84
0.36
-0.6
0.07
0.65
-3.41
-3.64
-1.71
-1.02
-2.12
-1.08
-1.52
-2.46
3.24
-2.58
3.6
-1.67
0.1
2.62
-2.58
-1.92
2.81
-1.24
-0.76
1.2
2.02
-3.19
2.15
1.89
3.06
-1.85
-2.28
1.74
3.66
-1.98
-0.06
0.21
-2.84
-0.38
-2.49
2.29
-2.55
-1.9
1.68
-3.72
-3.97
-2.2
-0.72
-2.5
2.29
-1.66
0.69
3.84
-1.24
-3.27
2.47
0.46
-3.75
-3.18
2.69
1.62
-0.42
2.38
-0.79
-2.45
0.26
0.64
-3.05
3.87
0.54
2.66
-1.08
1.6
-3.69
-1.75
-0.88
-2.83
-0.9
-1.47
-2.92
3.05
-1.65
2.87
3.28
2.43
-2.05
1.14
0.57
0.65
3.28
0.28
2.12
1.98
-1.06
-0.51
-2.84
-2.25
