-8
3.93
1.99
-2.16
-2.3
-1.8
-1.83
-3.57
2.23
-3.15
2.42
-3.92
-2.32
1.1
-0.55
1.4
-3.92
2.27
-2.05
2.09
1.24
-0.4
-2.51
0.48
-1.24
1.9
1.03
2.34
-1.3
-0.67
0.77
-1.33
-1.11
1.29
1.05
-0.32
2.11
-1.87
0.76
2.42
2.51
1.67
-1.85
-3.35
-1.61
-0.84
3.88
3.45
1.09
-0.51
1.9
2.86
2.76
2.78
0.31
0.85
0.22
2.53
0.78
1.08
-1.87
-2.34
-3.49
-2.38
3.68
3.9
-1.01
-0.49
3.86
2.12
1.55
1.13
0.17
-1.18
2.12
-1.23
0.45
3.1
3.45
-1.55
-0.21
3.75
-3.99
-1.44
-3.36
-2.55
2.95
3.98
2.87
0.17
3.14
-1.79
-3.12
-0.71
-1.81
1.61
-2.42
0.68
2.95
0.26
2.39
3.52
0.12
2.3
0.43
3.64
2.58
-1.83
-3.28
-1.25
0.31
-3.71
-1.62
-1.86
0.81
-2.94
-2.5
-4
-3.49
-1.91
-1.17
-0.98
