-8
2.97
0.99
-1.36
-0.44
3.04
3.17
-0.62
-1.6
-3.54
2.64
0.43
2.38
0.62
-3.66
-1.52
-3.97
3.99
-2.28
-3.01
2.36
1.46
2.2
-3.33
-3.57
-3.7
1.72
-3
-3.36
2.14
0.83
0.62
0.09
2.98
3.3
-3.65
-0.08
0.35
-0.48
0.1
-0.83
1.84
2.83
2.55
-0.53
-0.94
-0.68
-1.92
-2.97
-3.31
3.17
-2.99
-1.59
-3.38
2.29
-1.31
1.15
3.51
0.83
0.29
-1.02
-1.28
-1.26
0.69
1.33
3.6
0.97
-2.19
-2.48
2.1
2.54
-2.75
2.54
-1.59
1.2
-3.67
0.97
2.79
-3.01
-0.36
1.19
-2.47
1.01
2.03
-0.68
-3.63
0.39
1.81
2.49
2.46
-2.97
2.78
-1.66
3.6
-0.06
3.44
0.46
2.81
1.37
0.93
0.28
0.24
-0.72
-3.72
-0.98
0.02
3.49
0.84
0.73
1.99
3.94
-1.13
0.34
0.63
0.73
3.2
-3.82
-0.26
-0.46
-0.79
-3.94
3.69
