-2
1.43
-3.4
1.15
2.31
-1.18
0.96
0.09
2.67
-0.2
-0.74
0.38
1.87
-3.28
0.97
0
-0.12
1.87
-4
-3.63
-3.81
3.87
3.97
-1.98
-3.44
-1.31
-1.67
2.58
-2.82
-1.45
-2.98
1.94
-2.87
1.36
-2.62
1.51
-1.75
1.66
0.87
1.46
2.9
-1.82
-1.79
-2.22
-0.93
-3.81
0.1
-3.28
2.88
3.19
3.08
2.53
-1.53
-3.28
2.3
3.64
-0.05
0.98
-3.91
2.99
-1.61
-1.12
-1.84
3
-0.9
-1.85
1.06
0.96
3.74
-3.97
0.26
-3.62
-0.21
-2.55
1.41
3.61
2.19
3.34
-1.32
-2.99
3.45
0.05
-2.2
-3.88
-1.28
0.91
1.32
0.98
3.89
-1.06
-3.67
1.51
-3.76
-1.91
2.75
-0.18
2.95
3.14
1.3
-2.11
2.77
-1.69
-0.95
-3.9
-1.58
2.47
2.51
-2.51
-1.43
0.25
-3.57
-2.77
-1.6
-2.09
0.68
-1.76
-2.93
2.55
1.46
1.16
3.76
-0.91
