-1
-1.9
3.29
-1.94
2.5
1.44
-1.32
1.72
2.68
-1.44
1.77
-1.89
2.47
0.53
0.69
1.99
3.37
-0.69
-0.63
-1.13
0.92
2.75
-3.62
1.14
-0.17
-3.94
3.22
-0.95
0.07
-3.25
-3.41
-3.64
-1.71
-2.37
-2.12
-1.08
-1.52
-0.39
3.24
-2.58
-3.45
-1.67
0.1
-0.88
1.06
-1.92
-0.45
1.94
-0.76
-0.68
2.02
3.77
-3.17
-0.8
3.08
2.95
2.81
1.74
-2.93
-1.98
-0.38
0.21
-2.24
-2.2
0.32
-1.79
-2.55
1.68
1.68
-3.49
-1.04
-2.2
-0.72
-2.5
2.29
-1.66
0.67
3.84
-1.24
-3.27
2.72
-0.44
-3.77
-1.11
2.69
2.9
1.03
2.38
-0.79
-1.61
0.56
0.64
-3.05
2.07
0.54
-1.38
-1.08
-0.33
-2.4
-1.75
-0.88
1.57
-0.9
-1.47
-2.92
0.8
-1.98
2.82
3.71
2.43
-2.05
1.14
0.25
0.65
-1.47
0.28
2.12
1.98
-1.06
0.44
2.84
-2.25
