-10
-1.28
0.45
-2.79
-1.21
-1.65
-0.42
-2.95
1.95
-2.2
1.22
0.31
-0.16
2.83
-0.75
-1.75
2.52
0.92
0.77
1.69
-1.69
-2.53
-2.77
1.81
2.36
2.48
-3.13
-1.28
3.74
3.07
-1
-0.46
-3.54
-0.93
-0.95
-0.2
0.37
-1.42
-1.22
2.48
-1.59
-0.65
-0.1
3.79
-0.38
1.05
-1.37
-1.41
2.1
-0.66
1.15
-2.38
3.07
1.96
-1.94
3.47
-1.44
2.69
-2.31
1.72
0.27
-1.47
-2.33
1.03
-0.75
2.94
2.12
-3.39
-1.15
1.3
-1.14
2.65
1.89
3.34
-0.1
-0.37
-0.23
-2.72
-2.91
0.6
-3.27
-0.17
-3.04
2.8
2.04
-3.57
0.47
1.49
1.38
0.87
1.8
-3.83
1.52
-2.75
-1.39
-1.97
-0.87
3.26
3.27
1.35
3.92
-2.01
0.16
-3.95
1.15
0.01
-0.79
-1.73
-0.35
1.04
2.52
2.44
1.78
-3.76
0.93
-3.32
0.49
1.61
-3.15
-3
0.31
-0.25
