-9
3.79
1.71
-1.38
-3.89
3.04
3.17
-0.62
-1.6
-3.54
2.64
0.43
2.38
0.62
3.62
1.17
-3.97
3.99
1.62
-3.63
-1.45
1.46
2.2
-3.33
-2.26
-3.7
1.72
-3
-3.36
2.14
0.83
-2.94
3.18
0.88
-2.49
-3.65
-2.93
0.35
-0.93
-2.26
-0.83
1.84
-2.7
2.55
-0.53
-0.94
-0.68
-0.51
-2.97
-2.94
-0.52
2.14
-1.59
1.84
2.29
-1.31
1.15
2.93
0.83
0.29
-1.02
-1.28
-1.26
-3.07
1.33
1
0.97
3.05
-0.66
3.39
2.63
-0.96
2.54
-1.59
1.2
2.43
0.97
0.8
-3.01
-3.69
1.19
-0.26
3.28
2.03
2.98
2.59
2.15
3.22
2.49
2.46
-2.97
2.78
-1.66
3.6
3.82
3.44
0.46
2.81
1.29
3.4
-1.19
0.24
-0.72
2.96
-0.98
0.02
2.36
-3.51
0.73
1.99
1.72
2.56
-1.35
-0.85
0.73
3.2
-3.82
-4
1.8
-2.5
-0.41
3.69
