-2
-1.05
1.06
3.86
0.2
-1.94
2.98
0.15
3.79
3.08
-3.07
3.5
-3.15
-2.32
-2.93
-0.45
-3.31
-3.05
3.98
-1.54
0.47
1.1
-2.35
2.17
0.21
0.16
1.33
1.37
-0.42
-1.69
2.03
-0.86
-0.06
0.19
-0.96
-1.09
-2.38
-2.12
3.23
3.06
-3.86
-2.97
-3.87
-1.6
-0.47
0.84
2.94
-1.61
-2.19
-1.05
0.92
-3.95
-3.06
-2.24
1.28
-2.63
-0.24
-0.23
0.96
-3.57
-4
3.22
-0.55
-2
0.38
2.28
1.22
-2.75
-3.7
1.87
-3.57
0.08
-1.09
-3.49
3.13
1.78
-0.51
-3.21
0.13
1.95
3.45
-3.37
-2.68
3.17
2.88
-1.36
-2.04
-0.2
3.28
2.72
-2.83
-2.53
1.25
-3.08
-3.6
1.62
-1.37
1.22
3.84
-2.72
0.56
-2.65
3.96
-0.84
-2.04
-2.78
1.1
-2.42
0.25
3.37
-3.2
-2.34
-2.65
2.09
1.87
-0.43
-0.24
2.57
3.4
-2.06
-2.54
-3
