-2
-1.05
1.06
3.86
0.2
-1.94
2.98
-3.1
3.79
3.08
-2.58
2.95
-3.15
-2.32
-2.93
-0.45
-3.31
-3.05
-3.45
-1.54
-3.94
1.1
-0.94
2.17
-3.3
1.61
-3.34
1.37
-0.42
-0.84
-2.66
-0.86
-0.06
0.19
-0.96
0.94
-2.38
3.65
3.23
2.7
-2.98
-2.97
-3.87
-1.6
-0.47
-1.43
-3.04
2.82
-2.19
-1.81
0.92
-0.41
-3.06
3.72
1.28
-2.63
2.18
-0.23
0.96
-0.96
3.57
3.22
-0.55
1.47
0.38
-0.69
1.22
-2.75
-3.7
1.87
-3.57
-2.43
-1.09
-3.54
3.13
-0.25
-0.51
-3.34
-0.2
2.38
3.45
0.36
1.29
3.17
2.88
-1.36
-2.04
0.2
3.28
-0.84
-2.83
-2.53
3.14
-3.08
-3.6
1.62
-1.37
1.22
3.84
-2.72
3.84
1.81
0.36
-2.41
3.32
-2.78
-3.83
-2.42
0.25
3.37
-3.2
-2.34
-0.96
2.09
1.87
-0.43
-1.92
2.57
-3.78
-2.06
-2.54
-3
