-4
-1.9
3.29
-3.73
0.72
1.44
-2.1
1.72
2.68
-2.96
1.3
-1.25
1.86
0.53
0.69
3.93
3.37
3.39
-0.63
-1.13
0.82
0.52
-3.62
1.69
-0.17
-2.57
0.36
0.46
-0.1
-3.73
-3.41
-3.64
-1.71
-3.21
-2.34
-1.08
-1.96
2.65
3.24
0.27
3.6
-1.67
0.1
-0.88
0.28
-1.92
-3.25
0.38
2.16
-1.88
2.71
-3.19
-3.17
1.89
3.08
2.95
-0.4
0.16
-2.93
-1.98
-0.1
0.21
-2.84
-0.38
0.32
-1.79
1.85
-1.9
-1.28
-3.72
-1.04
-2.2
1.84
-1.63
-0.03
2.42
1.74
3.84
-1.24
0.33
2.72
3.23
-2.49
-3.8
2.69
-1.97
-0.42
3.94
-0.79
-3.34
0.56
-3.07
-3.05
2.07
0.54
2.66
3.15
-2.26
-2.4
-1.75
2.89
1.57
-0.9
-1.47
-2.92
0.8
-1.65
2.87
-3.37
3.11
-2.05
1.14
0.25
-2.75
2.96
-1.19
3.68
1.98
1.78
0.44
-2.84
-2.25
