-10
0.84
-3.69
1.8
-0.84
0.18
-3.76
0.76
-1.95
-0.21
-3.05
0.88
2.35
-3.91
1.68
-0.96
-2.68
3.61
1.51
-0.48
1.39
-3.33
-2.05
1.33
-0.18
-2.98
0.47
3.7
-3.3
0.25
3.46
-2.67
0.6
-1.17
2.6
-0.88
0.87
-2.42
1.27
3.18
-0.07
-3.34
-3.71
0.55
-3.7
-1.86
-2.74
3.18
-3.3
-3.51
-1.76
-1.71
-0.68
-3.94
-1.93
-2.13
3.88
-3.86
1.49
0.17
-1.24
-1.47
-3.99
-2.15
-2.95
-3.3
-0.25
-2.81
-2.95
2.6
-2.25
1.39
0.47
-0.1
-0.95
3.83
-1.37
-2.14
-0.12
-1.25
-3.26
3.19
0.79
-2.36
3.52
1.08
-2.52
-0.68
0.66
-3.82
-3.55
-2.23
-3.49
-1.68
-1.48
-2
0.17
1.01
-2.38
-2.75
-0.97
3.01
-0.34
-1.61
2.69
-0.82
-3.29
2.39
-0.94
-3.67
-1.77
-0.69
-0.66
-3.59
-3.11
3
-3.32
-1.09
-1.83
2.62
1.17
2.49
