-3
-1.28
0.45
-2.79
-2.37
-1.65
-0.42
-3.04
1.95
-2.2
1.22
0.31
-0.16
2.83
2.28
-1.75
0.09
0.92
-0.01
1.69
-1.69
-2.53
-2.77
-2.6
2.36
2.48
2.36
-3.46
3.62
-2.19
-1
-0.85
-3.54
-1.11
-0.95
-0.2
0.37
-1.42
-3.03
2.48
-1.29
-3.94
-0.1
-0.97
-0.38
1.05
-1.37
-1.41
2.1
-0.66
1.15
-1.05
1.75
1.96
-1.94
3.47
0.87
2.69
3.92
1.72
0.27
3.28
1.05
0.84
-0.75
-2.08
2.12
-3.39
-1.15
-0.84
-1.14
2.65
1.89
3.34
1.07
-0.23
0.14
2.56
3.45
1.68
-0.73
0.32
-3.04
2.8
2.04
-3.57
0.47
1.49
1.38
2.65
1.8
-3.83
1.41
-1.28
-1.39
-2.98
-3.89
3.26
-2.77
1.35
3.92
-2.01
0.16
-1.13
1.15
-3.48
-0.79
-0.38
-0.35
1.04
2.52
2.44
1.78
0.48
0.93
-3.32
-2.04
1.61
-3.15
2.05
3.62
-0.25
