-6
1.39
0.05
-0.73
-1.37
3.93
-0.4
-2.09
3.91
-1.88
3.9
2.3
2.73
-2.72
3.68
1.36
4
-0.12
-0.72
2.2
3.31
-1.98
-3.55
-3.33
1.12
-3.74
-1.64
1.15
4
-1.45
-1.41
-1.6
-1.01
0.81
1.8
-0.94
-3.35
-0.92
-1.23
-3.26
-2.6
1.87
0.6
0.47
-0.92
2.6
0.54
-1.04
0.12
-0.84
-2.4
3.81
0.92
1.92
-2.5
4
-1.57
-2.63
-3.4
1.23
3.05
2.76
-3.79
-1.56
-0.7
-3.97
0.01
1.34
2.67
-1.02
-0.49
-1.79
3.75
-1.88
-0.32
2.32
-0.49
-3.2
1.81
-3.76
2.33
-2.42
2.83
3.02
3.5
-0.78
-1.68
-3.75
-0.05
-0.21
3.9
-2.9
-1.58
-3.59
3.66
-1.28
1.15
3.53
0.87
-3.54
2.52
-1.17
-2.81
1.57
-1.62
3.44
-0.42
-0.17
-0.11
-2.67
3.44
-0.6
1.05
0.67
1.09
3.12
-3.18
1.23
0.3
0.67
-0.22
-0.36
