-7
-3.22
0.45
1.45
-2.39
-1.65
-0.42
1.33
-0.56
-2.2
1.22
0.31
-2.02
-3.59
-2.82
2.47
2.59
0.92
-2.62
1.69
-1.69
-2.53
0.36
3.2
2.36
2.48
2.52
1.34
3.62
3.07
-1
-2.57
-0.24
-2.69
-0.95
2.51
2.74
-1.78
-1.99
0.49
-2.12
-3.94
-0.41
1.05
-0.38
1.05
-0.48
-1.41
2.1
-2.86
1.15
-1.05
3.07
-1.32
3.53
2.66
0.69
2.69
2.97
1.72
0.27
-1.47
-2.33
2.6
-0.75
-2.08
0.71
-3.39
-1.6
1.3
0.29
2.65
1.89
3.34
1.95
-0.23
-0.23
1.2
-2.91
-1.24
3.42
-0.17
-3.04
2.8
-3.17
-3.57
0.2
-0.86
3.45
-1.95
3.18
-3.83
1.52
-3.08
1.76
-1.66
-3.89
2.63
3.29
1.35
0.5
1.28
0.16
1.05
1.15
-3.48
-3.14
-1.73
-0.62
0.64
3.94
-0.91
1.78
-2.85
0.93
-3.03
0.49
1.61
-3.15
0.21
1.92
-3.89
