-3
-1.28
0.45
-2.79
-2.37
-1.65
-0.42
-3.04
1.95
-2.2
1.22
0.31
-0.16
-3.59
-2.82
-1.75
0.09
0.92
0.77
1.69
-1.69
-2.53
-2.77
-2.6
2.36
2.48
2.36
-1.28
3.62
-2.19
-1
-0.85
-3.54
-0.9
-0.95
-0.2
0.37
-1.42
-3.03
-3.58
-1.59
-0.65
-0.41
1.05
2.12
1.05
-1.37
-3.41
2.1
-3.54
1.15
-0.21
3.07
1.25
-1.94
3.47
0.87
2.69
3.92
1.72
0.27
3.28
-2.33
0.84
-0.75
-2.08
2.12
-3.09
-1.15
-0.84
-1.14
2.65
1.89
3.34
1.07
-0.23
0.14
-2.72
-2.91
1.68
-0.73
0.32
-3.04
2.8
2.04
-3.57
0.47
1.49
1.38
2.65
1.8
-3.83
1.52
-1.41
-1.39
-1.97
-3.89
3.26
-2.77
1.35
3.92
-2.01
0.16
-1.13
1.15
-3.48
-0.79
-0.38
-0.35
1.04
2.52
2.44
1.78
0.48
0.93
-3.32
0.49
1.61
-3.15
2.05
0.31
-0.25
