-9
0.12
0.92
3.13
1.61
1.6
0.9
0.15
1.17
-3.02
-3.07
2.95
-0.14
2.67
-3.6
1.48
-0.28
-3.05
3.21
-1.54
1.71
1.1
2.92
2.17
-3.3
1.2
-3.11
3.08
-1.26
-0.84
2.03
-0.86
-0.06
0.19
0.16
-1.09
3.83
2.63
-3.45
3.06
0
1.48
2.44
1.86
-0.67
-1.88
0.17
-2.98
-2.19
-3.43
3.48
-0.41
0.52
1.38
1.28
-2.68
-0.24
-2.86
2.42
0.82
-0.52
1.48
-2.02
-2
-1.85
-0.69
1.22
-2.75
-0.93
-0.34
-0.24
0.08
-2.9
-2.64
-2.88
-3.42
-3.48
1.85
-0.2
-0.36
3.45
-1.56
1.41
-2.55
1.42
1.46
-2.29
-2.96
-3.96
1.92
-0.98
2.38
3.14
-0.48
2.69
-2.53
-1.37
2.14
2.94
-0.03
3.32
1.81
3.96
2.38
-2.56
-0.04
1.87
0.03
1.69
3.37
-3.2
0.1
3.97
3.99
3.3
3.79
-2.15
-3.08
-0.87
0.69
0.32
2.03
