-3
0.8
0.56
-4
0.72
1.44
-0.1
-3.04
2.33
0.92
0.44
2
-0.24
-3.5
-0.64
1.99
3.37
0.87
-1.44
-1.13
-1.76
3.09
0
2.6
-0.17
-2.57
-1.74
-0.19
0.48
0.65
3.52
-3.64
-1.71
-0.24
-0.2
-0.53
-0.08
1.36
3.61
-0.76
-0.47
0.77
2.57
-0.88
1.53
-1.07
-3.6
-1.24
-1.9
3.57
-3.84
3.77
0.12
-1.77
3.08
-1.85
-0.51
3.57
-2.62
2.88
-0.38
0.21
-2.96
2.3
2.28
0.74
2.67
-2.1
-3.63
-3.96
-1.04
-1.59
-0.82
-3.33
-1.15
1.34
0.67
-2.33
3.29
0.33
-2.9
3.28
2.44
-1.11
2.25
1.53
-0.42
2.38
-0.79
-1.61
3.17
-1.5
1.11
-1.16
1.14
3.33
2.96
-3.89
-2.4
-2.61
0.81
-3.58
-3.74
2.08
0.56
0.8
-2
2.87
3.61
-0.76
-1.18
1.14
-1.42
0.65
-2.37
0.34
-0.76
1.98
0.45
-0.51
-3.18
-2.75
