-1
3.41
1.99
2.93
1.79
-1.26
-3.35
-0.17
-3.98
3.05
-1.29
1.1
-2.32
-1.11
-0.6
1.07
-1.51
1.3
-0.32
2.73
2.21
-1.97
-3.68
2.38
3.82
-0.76
2.64
-3.43
3.89
-1.18
-2.33
-1.33
-1.11
3.24
1.05
-2.66
-3.97
-1.18
-1.56
-1.28
3.8
-2.67
-3.17
-0.56
0.16
-0.84
-3.18
-1.41
1.09
3.36
4
-0.38
2.99
2.78
-1.81
1.43
2.72
-1.83
2.54
1.27
-1.16
-0.58
-2.71
-0.59
1.37
-2.77
-1.16
1.81
2.6
2.12
-2.54
0.36
-3.55
-1.18
-3.73
-1.23
-0.34
3.1
-2.5
-3.73
-0.21
1.73
-2.76
-1.44
1.91
-1.2
-0.09
2.94
1.09
0.17
-2.92
3.16
-3.12
-3.9
-1.81
-1.13
1.29
0.68
2.95
0.26
2.8
3.97
-2.4
2.98
3
-3.23
1.87
2.58
0.39
-2.78
-2.33
-3.71
-2.64
-1.86
0.81
-2.9
2.08
-4
3.75
-1.91
-1.17
0.24
