-5
-1.9
3.29
-3.73
0.72
1.44
-2.1
1.72
2.68
-1.44
1.77
-1.25
1.86
0.53
0.69
3.93
3.37
-0.69
-0.63
-1.13
0.92
2.75
-3.62
1.69
-0.17
-3.94
-1.74
0.46
0.07
-1.18
0.54
-3.64
-1.71
-2.37
-2.12
-1.08
-1.52
2.65
3.24
-0.76
1.7
-1.67
0.1
-0.88
1.06
-3.08
-0.45
1.94
2.35
3.57
3.53
3.77
3.04
1.89
3.08
2.95
-0.4
1.74
-2.93
-1.98
-0.06
0.21
-3.33
-0.38
0.32
-1.79
-2.55
-1.9
1.68
-3.49
-1.04
-2.2
-0.72
-2.5
-0.03
2.07
1.41
3.84
-1.24
0.33
2.72
-0.44
-3.77
-3.18
2.69
1.62
-0.42
2.38
-0.79
-1.61
0.56
0.64
-3.05
2.07
0.54
2.66
2.26
-2.26
-2.4
-0.91
0.81
1.57
-0.9
-1.47
-2.92
0.8
-1.65
2.87
-3.37
2.43
-2.05
-0.93
0.25
-2.75
2.96
0.28
2.12
1.98
-1.06
0.44
-2.84
-2.25
