-2
-0.22
-3.4
-1
2.31
-2.6
3.7
0.09
2.34
-3.66
1.22
0.38
0.69
-3.28
-0.68
2.25
-0.91
1.87
-4
-3.63
3.25
3.87
3.97
-1.98
-3.44
-1.31
-1.81
-2.85
-2.82
-3.38
3.57
1.94
-2.87
1.36
2.53
1.51
-1.75
1.66
0.87
1.94
2.9
-1.82
-2.48
-0.11
-1.65
-3.81
0.1
-3.28
1.91
3.19
3.08
2.53
-1.53
-3.28
2.3
3.64
-0.18
0.98
0.69
2.99
-1.61
-1.12
-1.84
3
-0.9
3.68
1.06
0.96
-2.45
-3.97
0.26
3.76
-0.21
1.8
1.41
1.34
2.19
3.34
-0.47
-2.99
3.45
0.05
-1.22
-3.88
-1.28
-0.09
1.32
0.98
-3.5
-1.06
3.39
2.95
-3.2
-1.07
2.75
0.62
2.95
3.14
1.3
-2.11
2.77
0.61
-0.95
3.27
-1.58
-3.48
2.51
-2.51
-1.43
0.25
-3.57
-2.77
-1.6
-2.09
0.68
-1.76
-2.93
2.55
1.46
1.16
3.76
-2.22
