-3
-1.79
0.58
0.31
3.28
-1.17
-2.69
1.72
-2.49
-0.68
0.44
3.21
3.44
-0.3
0
-2.2
1.5
-3.13
-1.68
-1.13
0.92
3.19
-3.62
1.14
0.65
-3.94
3.22
1.7
0.07
-1.76
-3.41
3.7
-3.76
-2.37
-2.08
3.37
-1.14
3.81
-1.28
-0.76
-0.41
-1.67
-0.22
-0.07
-2.36
2.88
1.96
-1.24
-1.22
2.4
-3.84
3.77
0.12
-4
-3.62
2.14
-2.28
-0.79
3.66
0.65
0.59
0.93
-0.04
-0.38
-2.94
-1.16
-2.55
1.95
-2.22
-3.47
0.83
-2.63
-0.41
1.31
3.28
-0.11
-0.88
1.87
3.73
0.33
1.22
0.46
-1.09
-3.18
2.25
-2.74
3.47
1.75
-1.75
-1.61
-2.26
-0.43
-3.05
2.07
3.63
2.66
-1.08
-0.33
2.2
-3.53
-2.05
-2.83
-3.47
-1.57
3.46
3.05
1.13
2.81
-1.42
0.94
-0.97
0.97
-1.42
-1.48
-1.46
3.16
-3.31
2.59
1.45
-0.51
-0.63
-2.25
