-5
-2.93
-1.76
1.8
-0.84
1.07
-3.88
-2.42
1.89
-3.22
-0.26
-3.25
2.22
2.02
2.33
-3.05
2.17
2.48
-3.8
-0.48
-3.35
3.2
3.7
1.93
0.73
2.99
0.52
-0.6
-2.44
0.25
2.6
-2.67
-1.86
-0.46
2.63
-2.13
3.51
-1.92
-3.62
2.63
0.59
3.37
3.71
-3.08
0.01
-3.76
-2.28
-3.71
3.37
0.76
-3.32
-2.49
-0.68
1.67
2.36
-0.98
-1.1
0.32
-1.72
0.17
-0.65
-2.48
-3.99
-2.15
3.79
-1.6
2.62
3.67
3.39
0.45
-2.25
-3.26
2.1
-1.1
-0.95
2.03
3.49
1.93
-3.3
-1.05
1.27
0.23
0.04
2.91
3.52
1.08
2.01
2.93
-3.82
1.26
2.95
-0.81
-3.74
-1.68
-2.57
1.39
1.79
1.86
-2.38
-2.4
-1.65
2.23
-3.1
-1.61
-1.68
-2.02
-1.84
-3.58
2.74
-3.67
3.86
0.97
3.58
3.34
2.91
-1.15
-3.32
-0.79
2.29
1.19
0.39
-0.1
