0
-1.88
1.48
1.15
-3.53
-0.23
-2.54
-0.13
2.67
-3.66
1.47
-0.07
-3.41
-0.79
-0.68
-1.6
0.59
-0.38
-3.57
3.34
-3.81
3.86
0.3
-0.37
-0.38
-3.55
-1.81
0.15
2.33
-3.38
3.57
0.52
-3.45
0.34
-1.43
1.51
1.43
-0.48
3.47
1.94
-1.75
2.71
-2.34
-2.11
3.5
1.14
2.75
-0.31
0.78
-1.67
3.08
-1.34
3.21
-3.09
2.3
3.64
0.72
-0.53
-1.05
-0.16
-1.61
-1.62
-3.05
-3.6
-1.94
-1.8
-0.63
-1.87
2.47
0.54
-0.3
-3.39
3.84
3.98
1.08
3.64
2.19
1.89
-1.43
3.98
-2.29
2.51
-3.66
0
1.07
0.91
2.52
2.41
-3.11
-1.06
-1.94
0.82
-3.2
-1.33
0
0.09
1.75
0.22
3.57
-0.68
2.77
0.61
-0.95
3.27
-0.14
3.75
2.51
3.23
-0.16
1.93
-2.56
2.83
-1.6
-1.03
0.04
-0.94
-2.93
-0.19
1.46
1.16
-3.58
-0.27
