-1
-3.39
0.99
0.04
1.79
-0.96
1.12
0.56
1.94
-1.18
-1.93
-0.19
-3.55
-1.51
-2.4
-1.73
-2.43
-2.4
0.36
2.52
-3.01
-0.2
2.15
-0.95
0.49
1.9
1.93
-0.36
-2.11
2.14
0.94
-1.52
-3.73
2.2
-2.43
2.68
-2.02
1.93
-0.93
-0.35
2.23
-2.91
2.83
0.52
0.84
-3.29
2.35
3.07
-0.48
3.23
2.43
2.14
0.56
1.48
1.64
0.72
-1.53
0.2
1.72
1.44
1.12
-1.9
-0.43
0.26
3.24
3.6
0.97
1.45
-3.01
-3.27
3.41
3.68
2.51
3.94
-3.72
3.9
0.97
3.6
1.32
-3.69
3.55
-0.1
-2.45
1.47
-1.61
2.81
0.72
-1.2
1.37
2.88
3.84
-2.72
-1.66
1.63
3.59
2.18
1.53
-1.43
1.29
-0.54
-1.19
0.24
0.12
1.43
2.94
-3.94
1.94
1.92
3.71
1.3
1.72
1.59
-3.96
-1.15
-3.66
-3.84
-2.05
-4
2.83
-3.92
3.53
-3.3
