-2
-0.22
-3.4
1.15
2.31
-1.18
0.96
0.09
2.67
-0.2
1.22
0.38
1.87
-3.28
0.97
0
-0.91
1.87
-4
0.81
3.25
3.87
3.97
-2.5
-3.44
-1.31
-1.81
-2.85
-2.82
-3.38
-2.98
1.94
-2.87
1.36
-2.62
1.51
2.5
0.56
0.87
1.46
2.97
-1.82
-1.79
-0.11
-0.93
-3.81
0.1
-3.28
2.88
3.19
3.08
2.53
-1.53
-3.28
2.3
0.4
1.18
0.98
0.69
2.99
-1.61
-1.12
-3.49
3
-0.9
-1.85
1.06
0.96
3.74
-3.97
0.26
3.76
-0.21
-3.2
1.41
3.61
2.19
3.34
-1.32
-3.07
3.45
2.51
-2.2
-3.88
-1.28
0.91
1.32
0.98
3.89
-1.06
3.39
2.95
-3.2
0.2
2.75
-0.82
2.95
3.14
1.3
-2.11
2.77
0.61
-0.95
3.27
-1.58
-1.81
2.51
-2.51
-1.43
-3.88
3.64
-2.77
-1.6
-2.09
0.68
-1.76
-2.93
2.55
1.46
0.45
3.76
-2.22
