-5
2.89
-1.76
-2.81
-0.84
-3.42
-3.29
1.38
1.21
-0.21
0.8
-1.98
1.11
-3.91
1.68
-0.96
0.02
2.33
0.48
-0.48
-0.57
-3.34
-0.29
1.33
-2.42
-0.28
1.93
-0.36
-2.3
1.14
-0.7
-2.67
1.09
2.55
3.56
2.44
2.27
-1.21
-1.73
3.9
1.29
3.84
-3.71
2.36
-3.05
-3.76
-1.39
2.86
-2.76
-1.58
-3.32
-1.02
2.62
-2.73
2.36
3.38
-1.37
0.34
1.49
-1.35
-2.82
2.51
1.9
-1.85
3.79
-3.57
2.62
-2.81
3.39
-0.42
-2.25
0.18
2.1
3.97
-0.95
-1.79
-0.11
2.89
-0.12
2.86
-3.26
-2.59
-3.45
-2.23
2.36
1.08
2.01
-0.68
2.15
-3.82
-3.97
-2.23
1.3
-0.09
-1.48
0.22
-3.6
1.28
-2.38
-0.77
2.06
-1.95
1.3
-1.61
-1.68
1.22
3.18
-2.59
2.74
1.07
3.75
1.61
-3.27
-3.59
0.91
-1.01
2.87
-0.79
-1.83
0.06
0.58
1.01
