-4
-0.51
0.45
-1.71
-1.21
0.68
-1.5
-2.95
1.95
1.05
3.34
2.58
-2.51
-3.59
2.06
-1.75
-1.81
0.92
3.66
1.69
-1.69
0.48
-2.77
-0.9
-2.55
0.24
-3.13
-3.19
3.62
-0.76
-1
0.99
0.97
-1.44
3.94
2.73
-3.78
2.26
1.41
2.48
-1.29
-0.54
-1.52
1.05
3.58
1.45
-3.97
-1.41
-1.99
-0.09
0.29
-0.21
1.75
0.9
-2.32
1.39
-3.91
2.69
-0.76
-2.51
-0.99
-3.63
-0.75
0.97
-3.29
2.94
1.54
-3.09
-1.15
0.88
-1.14
-0.99
-2.6
3.34
-0.82
1.79
2.87
-2.72
2.87
3.41
3.45
-2.98
1.41
2.8
2.04
-3.78
-3.53
1.47
1.38
0.87
-1.88
-3.83
1.52
3.02
-2.69
-1.97
-3.5
3.26
-0.76
-1.21
0.77
-0.89
0.16
-3.95
-2.76
0.01
-1.54
-1.73
-0.35
0.55
0.13
2.44
0.3
-3
-0.12
-3.32
0.49
0.49
3.83
2.84
3.37
2.52
