-3
-3.19
3.14
2.58
-1.95
-3.1
0.9
3.98
1.17
-1.6
-0.05
2.95
-0.14
-2.32
2.35
1.48
2.29
-2.37
-3.45
-1.54
1.71
0.24
0.58
2.17
-0.7
1.2
-3.11
1.37
1.46
1.92
-2.66
-3.25
0.36
2.52
0.16
-2.33
3.83
2.63
3.23
3.06
-3.86
-3.83
2.44
-1.6
-0.67
-1.43
-1.37
2.3
-3.75
1.83
0.92
-0.41
0.83
-3.02
1.28
3.88
-3.7
-1.18
2.42
-3.53
3.57
3.27
-0.55
1.47
2.48
2.28
1.22
0.64
-3.7
-2.96
-3.57
0.08
-1.04
1.58
-2.88
2.16
-0.51
2.72
-3.36
1.95
3.77
-3.37
1.8
-2.94
2.88
-1.36
-0.24
-0.2
3.28
1.92
-2.3
-2.53
-1.65
-0.48
0.97
-0.45
-0.85
1.13
2.94
-0.03
3.84
1.81
0.36
-0.84
3.48
-3.63
1.87
-2.42
1.69
3.37
-2.69
-3.32
2
2.09
3.3
-3.94
-2.44
2.49
-3.78
-2.06
-3.55
-3
