-3
3.41
1.99
-3.33
-3.98
-2.92
-2.13
-3.57
2.23
-2.1
-1.43
-3.92
-3.87
-1.11
-2.87
1.07
-1.51
1.3
-0.32
2.09
0.1
1.29
-3.68
-0.77
-3.01
1.9
1.03
-2.04
-1.3
-0.67
-0.35
-0.58
0.59
-0.12
1.05
-0.32
2.11
-1.18
-3.44
-1.28
1.69
-2.67
-2.28
-3.35
-3.37
0.55
-0.43
-3.88
-1.31
3.36
1.9
-2.94
2.99
2.78
-2.24
-3.55
-2.86
0.39
3.12
0.18
0.06
-1.25
-3.49
-0.05
-2.2
3.9
-3.98
-2.7
1.84
2.12
1.55
1.13
3.07
-1.55
3.64
-3.46
1.84
3.1
-0.78
2.05
-0.21
1.73
-2.76
2.19
1.91
0.19
0.44
3.98
2.87
-3.93
3.14
3.16
-3.12
-0.71
-0.32
0.83
-3.19
0.11
2.95
-2.32
1.3
-3.93
-2.4
0.74
3
-3.23
3.47
0.77
-3.28
-0.47
-1.63
3.43
-1.62
-1.86
0.81
-2.94
-2.5
1.77
-3.01
-1.45
1.89
-0.2
