0
1.43
-3.4
1.78
-3.53
-2.76
-2.54
-0.05
3.69
-2.37
-0.67
1.67
0.69
-3.84
2.08
0
-0.12
1.87
1.91
1.58
-3.81
3.87
0.3
-0.37
-3.44
-3.49
-1.67
2.58
-0.44
3.08
2.51
1.94
-2.87
-0.68
-1.43
1.51
-2.21
-1.51
3.47
1.46
2.97
-1.46
-2.34
0.52
0.7
3.64
-1.07
-1.95
0.78
-1.67
-3.72
-0.08
-2.68
2.81
2.3
-2.93
-0.05
2.99
1.21
2.99
-0.97
3.32
1.54
-2.22
-1.94
1.39
-2.39
1.32
-3.54
-3.44
3.51
-3.39
0.15
-3.01
2.62
1.34
2.19
3.13
-1.43
-2.99
-1.7
2.51
-2.2
0.15
1.07
-2.64
1.32
2.41
-2.15
1.55
0.38
-2
3.84
-0.42
0.16
0.09
1.32
3.14
3.73
-2.11
2.77
1.62
3.18
2.75
-1.2
-1.93
2.51
3.23
-3.81
3.18
3.25
0.22
1
1.87
-2.09
-1.25
-2.93
-3.29
-1.01
1.16
-3.58
-2.22
