-6
1.39
-2.66
-0.09
-1.37
-1.57
1.7
0.04
2.86
-1.88
3.15
-1.05
1.74
-0.67
3.68
2.77
1.26
1.83
-0.67
-1.22
3.31
-3.67
-3.55
1.76
1.06
-3.69
-1.64
-1.92
1.72
2.16
2.02
0.74
-1.71
0.76
1.01
-0.96
-3.35
-0.92
-3.9
1.87
-2.6
0.29
2.19
0.47
0.03
0.82
2.75
3.51
-3.53
-0.84
-2.4
-2.4
0.92
0.45
3.46
-2.41
-3.19
-2.63
2.39
3.66
1.56
-0.8
-3.79
-1.56
-0.7
-3.97
0.01
-3.03
2.91
0.08
-3.65
-1.83
-2.66
1.47
2.09
2.32
-1.85
-3.2
1.35
-3.76
2.33
-2.42
-3.4
-3.1
0.31
-0.28
-1.68
-3.75
1.31
-0.41
0
-3.15
2.23
2.52
-2.39
2.21
0.08
1.24
0.37
2.71
0.3
3.72
1.58
0.39
1.06
3.44
2.07
-2.5
-3.95
-2.67
3.44
-0.6
3.36
0.8
-2.68
-1.32
-3.63
1.66
0.42
0.67
0.73
2.17
