-9
-2.76
3.7
-2.4
3.55
3.04
3.17
0.56
-1.6
-3.54
2.64
-1.84
2.38
0.62
-2.4
1.17
-3.97
0.66
-2.04
-2.06
-1.45
-0.2
2.2
-3.33
0.49
0.2
3.14
1.73
-2.11
-1.26
-2.56
0.86
3.18
0.04
-2.49
-3.65
2.54
-2.1
-0.48
0.1
-1.47
3.85
-2.7
2.55
-0.53
-3.97
-3.95
-1.92
-2.97
-2.94
-0.52
-2.59
-1.59
1.11
0.35
1.39
-0.68
3.44
1.73
0.29
0.06
2.82
-1.34
0.69
1.24
1
0.97
-4
-0.66
2.1
-2.66
-0.96
2.54
-1.59
-0.01
2.43
0.97
0.8
0.79
-0.36
2.27
-0.26
-2.36
-0.46
2.98
2.81
0.39
1.96
1.37
3.31
0.26
-2.05
-1.64
1.63
3.82
2.23
3.63
-1.43
-2.43
2.45
-1.22
-0.79
-0.72
0.45
2.94
0.02
2.36
-3.51
-2.89
1.99
1.72
-1.13
-0.11
-0.85
2.47
-2.86
0.49
1.79
-0.46
2.65
-3.94
-3.74
