-4
-1.23
-2
-1.71
-1.21
-1.65
-2.81
-3.04
-0.56
-2.47
-1.16
2.58
1.35
-3.59
-0.75
-2.63
2.52
2.67
2.37
1.69
3.5
0.07
0.51
-3.49
-2.55
-2.7
-3.13
-0.14
3.62
3.07
-1
-0.85
0.42
-0.93
3.94
-2.37
0.37
-1.42
2.55
-3.58
-1.29
-0.65
-0.1
3.79
0.72
1.1
-1.37
2.57
1.59
-0.66
-1.11
-0.21
1.5
-1.01
-1.61
1.39
-2.46
2.69
-0.76
-2.51
0.27
0.84
-3.05
1.03
0.54
2.94
2.49
-3.09
2.21
2.52
-1.14
3.04
1.89
3.34
1.07
-0.37
-1.47
-2.72
-2.91
3.41
2.1
3.79
-3.04
-3.98
2.04
-3.57
-3.53
0.63
-0.39
2.65
-0.3
-3.83
1.52
3.02
-2.69
-1.97
-2.95
-1.89
-0.76
1.35
-3.84
-2.01
2.19
-1.13
1.78
0.01
-2.25
-0.38
-1.78
0.96
0.12
-1.68
0.3
-2.77
-1.17
3.23
0.49
0.49
-3.15
1.39
-3.5
-2.14
