-5
-3.24
-3.69
-0.43
-0.84
1.66
-3.76
0.95
0.97
2.13
3.22
0.88
2.22
-0.29
0.87
-0.22
-3.88
3.61
0.48
1.12
1.39
-0.56
-0.29
0.56
-2.42
2.99
0.47
0.56
-2.3
-2.31
2.6
-2.67
-0.14
2.55
-1.16
2.44
0.87
3.33
1.27
2.27
-0.07
3.37
2.25
-0.19
0.01
-1.19
-2.2
-3.82
-3.3
-3.51
-3.32
-2.49
2.36
-3.41
2.36
3.38
1.58
-1.28
2.82
0.17
-1.24
-2.59
0.68
-1.85
-2.99
-1.6
3.79
-2.81
-2.44
2.6
0.78
-3.26
1.33
-1.2
3.83
3.83
0.61
-2.14
1.64
-1.33
-2.89
-2.99
0.79
2.65
-0.43
1.17
0.23
-3.49
-0.45
-3.82
-3.55
-2.23
-3.74
0.89
-2.57
-2
-0.96
1.28
-2.38
-2.75
-0.97
-1.95
1.3
-1.61
3.01
1.22
-0.42
2.39
-0.94
-3.67
-0.47
-0.69
0.31
2.26
1.6
-1.01
2.87
-1.09
-2.29
2.62
3.09
2.49
