-1
1.71
-1.02
-0.2
1.79
-2.53
0.83
-0.17
-3.98
3.05
-1.43
3.25
4
2.36
-0.55
1.54
0.25
2.61
2.4
2.73
2.21
-1.97
-2.51
2.38
2.55
2.72
2.64
-2.59
-0.99
-0.23
-2.33
-1.33
-1.11
3.24
3.77
-0.32
-3.97
-1.18
-1.56
1.04
2.29
1.67
2.37
-1.61
0.16
-0.84
-0.43
-0.45
1.09
1.49
4
0.22
2.76
0.82
-1.86
-1.82
0.22
2.53
2.54
0.18
-1.16
-0.58
-0.72
-0.87
1.37
-2.77
-3.98
-3.24
2.6
2.12
-2.22
0.36
2.35
1.14
3.95
-3.46
-0.34
3.1
-2.5
-3.73
-0.85
1.73
-2.76
3.52
1.91
3.97
-0.09
2.94
1.09
0.17
-2.92
3.16
0.53
-3.9
-1.81
-1.13
1.29
0.68
2.95
0.26
2.8
1.19
0.12
2.98
-0.29
2.56
1.87
-0.63
0.39
-2.78
0.31
-3.71
-2.64
-1.86
-3.48
1.12
2.08
-4
3.75
-1.91
0.15
-0.2
