-7
-3.24
-1.25
-2.81
-0.84
1.07
-3.76
-2.42
2.1
3.59
3.22
-1.98
2.22
-3.91
1.68
3.64
2.9
3.61
-3.8
-0.48
1.39
-1.64
3.7
-2.8
0.73
-2.98
-2.8
3.89
-2.3
0.25
2.6
2.23
3.25
-0.46
-0.22
2.14
0.87
-2.67
1.27
3.9
1.29
3.37
2.25
-0.19
0.01
3.78
-1.99
-3.82
2.79
-3.51
-3.32
-2.49
-0.68
1.67
2.36
-0.98
1.58
-3.86
-2.94
0.17
-1.24
-2.59
-3.99
1.97
-2.99
-1.6
1.42
3.67
1.25
2.6
-0.85
-3.26
-1.66
-1.2
3.83
3.83
1.35
1.56
-0.36
-1.33
1.27
-2.99
0.79
0.81
-0.43
0.73
-1.13
-3.09
2.15
2.22
2.95
0.34
2.07
-2.91
-2.57
-0.13
3.43
-1.69
-2.38
-2.4
-3.53
-1.95
3.25
-3.82
1.34
2.33
3.18
-3.58
2.5
-3.67
-0.47
-0.69
-3.27
0.58
1.6
-1.15
-3.69
-0.79
-2.22
0.28
2.12
2.39
