-10
1.43
2.78
2.81
0.02
1.36
-0.5
-0.05
3.69
-0.18
-0.67
1.67
-2.35
-0.79
2.08
-3.09
-0.12
1.87
1.91
1.58
-1.58
3.87
0.3
3.8
3.85
-0.32
-1.67
2.35
-0.44
0.13
2.51
1.94
3.86
0.34
-1.43
1.51
-2.59
-1.51
3.47
1.94
2.97
-1.46
2.6
-2.11
0.7
2.83
-2.13
-1.95
-1.94
3.41
3.43
-0.08
0.1
2.81
2.3
3.64
-2.88
2.99
2.94
0.79
-0.97
3.32
1.54
-0.44
-1.94
1.39
1.82
1.32
-3.54
-0.68
3.51
-3.39
-0.45
-3.01
2.62
1.34
2.19
3.13
-1.43
-2.99
-3.89
2.51
-2.2
0.15
1.07
0.91
1.32
0.04
2.05
-1.45
-3.67
0.82
3.84
-3.72
0.16
0.09
1.32
3.14
-3.69
3.31
-2.99
-2.25
-2.41
2.75
-2.28
-1.93
-3.64
3.23
0.4
-3.05
3.25
-2.05
-1.6
1.96
-2.09
-1.25
-2.93
0.25
1.46
-1.27
-3.58
-2.22
