-4
-1.23
-2
-1.71
-1.21
-0.08
-1.31
-2.95
1.95
-3.16
1.22
-1.09
-2.51
2.81
-1.8
3.24
-2.1
2.67
3.66
3.76
-1.69
0.48
-2.77
1.81
-2.55
-2.7
2.36
-0.14
3.68
3.07
-1
0.99
2.63
2.05
-1.48
2.73
0.37
2.36
1.11
-3.68
-1.83
1.86
-0.1
3.96
0.72
1.1
0.11
2.57
1.59
-0.09
-1.11
0.46
-0.42
3.8
-1.61
1.39
-2.46
-3.2
-3.94
-2.51
3.02
-1.47
-2.62
-3.14
1.82
-2.08
2.49
3.31
0.31
0.88
-1.14
-3.97
0.95
3.34
1.07
1.79
2.87
-2.72
2.87
2.57
1.42
3.79
2.28
-0.23
-2.56
-3.57
-2.59
0.63
1.38
-1.04
-0.3
-3.83
-2.19
-0.09
-2.69
-2.98
0.78
2.87
-1.87
-0.08
2.62
-0.09
-0.68
-1.89
3
-1.27
1.65
-0.38
-1.78
1.04
-2.28
-1.68
-0.89
0.48
-1.17
3.23
-2.07
1.61
3.43
1.39
-3.5
-2.14
