-10
-3.44
-3.69
1.8
-0.84
0.18
-3.53
0.76
-1.95
2.13
-2.2
0.88
2.22
-3.91
1.68
-0.22
-2.68
3.61
1.51
-0.48
-3.13
-3.33
-2.05
-2.8
-0.18
-2.98
0.47
3.7
-3.3
0.25
2.6
-3.01
0.6
-1.17
2.6
2.44
0.87
1.42
1.27
-1.2
-0.07
-3.34
3.71
0.55
-3.05
-1.19
-2.74
0.53
-3.3
-3.51
3.58
-1.71
2.62
-2.73
-1.93
3.38
1.58
-3.86
1.49
0.17
-1.24
-2.98
-3.99
-2.15
3.46
-1.6
-0.25
-2.81
-2.44
2.6
-2.25
1.39
0.47
3.01
2.94
3.83
-1.37
-2.14
-0.12
-1.25
-3.26
3.99
0.79
-1.3
-0.43
1.17
2.01
-0.68
-0.45
-3.82
-2.09
-1.05
-3.49
-1.68
-1.48
-2
1.6
1.01
-2.38
-2.75
-0.97
-1.95
3.25
-1.61
-1.68
-0.82
-1.84
2.39
-0.94
-3.67
0.58
-0.69
2.85
-3.59
-1.05
-1.01
-3.32
-0.79
-1.83
2.62
-0.12
1.01
