-2
1.39
0.06
-1.31
-1.37
3.93
-0.4
-1.14
3.91
-1.88
-0.55
-0.62
2.73
-2.72
3.68
2.77
4
-0.12
-0.72
2.2
3.31
-1.98
-1.86
-3.33
1.12
-2.96
1.67
-1.92
-3.93
0.8
-1.41
3.89
-1.01
-2.68
1.8
-0.94
-3.35
-0.92
-1.23
1.87
-2.6
1.87
0.6
0.47
-0.92
3.37
0.54
3.51
0.12
-0.84
-2.4
3.41
0.92
2.51
-2.5
4
-1.57
-1.92
-3.4
1.23
-2.86
2.76
-3.79
-1.56
-0.7
-3.97
-3.71
1.34
2.67
-1.02
-0.49
-1.79
3.75
1.47
2.53
2.32
-1.85
-3.2
-3.07
-3.76
1.38
-2.42
1.93
3.12
3.5
-0.78
-1.68
-3.75
1.31
3.15
3.9
-2.9
2.23
0.38
-2.39
-1.28
2.25
-3.15
0.87
-3.54
2.52
-2.39
-2.81
1.7
-1.62
3.44
-2.09
-0.17
1.11
2.13
3.44
-0.6
2.08
0.67
1.09
3.12
-3.18
1.23
0.3
0.67
-0.22
-0.36
