-4
4
1.85
2.17
3.22
-3.12
1.65
-3.98
-3.09
-0.47
2.29
-0.14
-1.37
2.23
3.35
-2.11
3.57
2.15
-1.93
3.91
3.58
-2.42
-2.56
2.26
3.28
-1.32
-3.2
2.15
-1.85
-1.2
0.17
3.48
-2.73
2.44
-2.02
-0.81
3.34
0.94
1.04
0.11
2.66
-3.19
0.04
-2.97
0.48
1.5
-0.16
1.04
1.15
1.1
-2.6
-0.82
-2.96
-3.22
-3.66
-0.5
2.56
3.6
2.89
0.54
-3.92
3.51
1.88
2.12
3.36
2.82
-1.42
0.2
0.24
0.16
-1.44
-1.38
-2.89
1.97
-2.76
2.77
1.55
-3.59
-2.22
-2.22
2.84
-0.23
-3.01
1.06
-2.6
-3.01
2.44
-3.51
2.09
2.49
0.63
3.74
2.06
-3.51
0.03
3.16
-1.07
1.93
-2.33
1.67
-1.08
3.65
-3.2
-3.01
-1.47
2.78
-1.93
-0.93
3.55
-2.42
1.95
2.15
1.82
1.11
1.7
0.32
2.51
-3.18
0.71
2.37
-3.63
-1.91
2.11
1.75
3.53
-1.18
0.57
-3.39
-2.06
-1.91
-0.17
3.63
2.75
0.11
2.86
3.2
-1.03
-4
-1.48
-1.38
2.92
-0.64
-3.06
0.51
-3.46
2.49
-2.08
-3.05
-1.21
3.72
-3.36
-1.89
-2.79
-0.7
1.29
-3.17
-2.47
-0.95
-2.54
3.72
-1.79
-2.55
-2.87
1.46
1.76
2.33
3.4
-2.3
2.25
2.51
-2.66
2.51
2.3
-1.91
3.45
1.01
-2.86
-2.4
1.21
-2.97
-3.11
-0.38
1.82
-1.78
-2.56
-2.29
2.41
-0.56
2.83
2.03
1.66
3.92
2.54
-1.2
-3.59
1.47
-1.78
-0.51
2.75
-1.79
3.09
-3.78
-1.3
0.29
2.37
-1.86
-0.19
3.12
-0.15
-3.73
3.69
3.94
1.85
-3.58
2.82
2.59
-0.36
2.92
0.01
0.04
3.93
-0.04
-1.13
-3.78
-3.16
-2.57
3.97
-0.5
-2.32
-2.02
-1.21
1.66
-1.15
-1.01
-2.06
-3.33
-3.09
-2.47
-0.14
3.3
1.9
3.29
3.59
2.55
2.34
1.73
-1.93
2.11
-0.01
-2.18
-2.17
-0.69
3.48
-1.3
-1.71
-0.87
1.35
-1.52
-0.56
0.94
-1.82
-3.69
1.44
-2.13
1.49
-1.97
1.08
-1.15
2.48
2.15
1.67
-1.9
-0.95
0.72
2.14
-3.37
0.37
0.33
-2.12
-0.88
3.37
-2.15
3.51
3.86
-3.85
3.48
2.18
-3.86
-3.3
2.82
-0.68
2.44
2.09
2.93
1.11
1.59
-2.15
1.72
-2.95
0.3
-3.36
3.22
3.64
1.85
0.16
3.73
-3.75
-1.25
0.56
-2.35
2.76
-2.98
-3.4
-3.68
1.57
-3.67
-3.2
1.58
-2.28
2.01
-0.15
0.93
-1.86
3.67
-1.18
3.24
0.02
0.13
3.61
-3.45
2.78
2.66
-0.73
1.58
-1.52
-3.86
-1.78
-2.34
-0.3
-3.58
3.22
-0.58
-0.41
3.05
-3.95
-1.7
1.84
1.76
-2.65
0.78
0.78
0.27
-0.01
-0.95
-3.56
-0.29
1.08
3.97
-0.98
0.93
-0.3
0.13
-0.85
0.01
-1.12
-3.91
1.75
-0.98
1.84
1.43
2.12
3.15
-2.12
-2.71
2.8
-3.57
-2.66
-0.9
3.61
-3.48
-2.6
2.26
-1.23
-1.17
-0.22
-1.49
-1.33
-3.78
1.14
2.78
-0.93
-1.75
2.65
2.77
0.73
-0.91
-3.73
3.58
0.17
3.96
0.55
-1.18
3.93
-0.08
2.67
1.64
-1.62
-1.3
0.25
-3.99
-1.64
-2.03
-3.64
-1.51
-0.47
1.44
-2.65
-3.68
-3.77
-3.64
1.43
1.53
1.88
3.07
-1.64
-0.13
-3.51
-0.89
0.57
-0.29
-3.85
-2.24
2.93
3.65
-0.02
2.58
2.34
2.86
0.16
2.14
-3.88
3.97
-0.03
1.12
0.41
-2.91
-2.12
0.15
-0.76
3.29
-2.27
3.96
3.35
-0.2
-1.47
3.02
0.94
-3.15
-2.44
-1.2
1.14
3.27
2.13
-3.46
3.87
-3.41
-0.95
-3.29
2.52
0.95
3.11
-1.5
0.16
-1.91
-3.76
1.46
-2.44
-3.24
-1.34
-2.74
-2.02
0.35
3.88
1.28
-2.03
-3.81
-1.58
-0.88
1.12
0.96
-2.36
1.49
1.29
-2.64
-3
-3.15
-2.16
-0.58
1.26
-0.19
2.04
-2.84
1.63
2.3
-3.82
3.23
-0.2
1.26
-0.44
1.07
1.46
0.18
2.19
-3.71
-3.18
-3.21
3.4
-3.16
2.57
3.67
2.18
3.93
-0.4
-2.45
-0.7
-2.39
1.22
-1.21
-2.92
3.39
-0.38
2.14
-0.49
2.85
-0.77
-3.19
2.72
-2.43
1.1
-1.25
0.4
1.16
3.57
-3.95
3.51
1.47
3.3
0.99
-3.46
-3.8
-2.54
-3.01
0.86
1.59
1.64
2.12
1.57
0.07
-1
2.57
-1.99
-3
0.17
0.17
-2.56
3.32
-3.33
3.35
1.07
-4
-1.93
1.82
-0.25
-0.18
-0.74
-2.99
-3.65
-0.45
-1.95
1.83
-1.68
-3.78
-1.76
-3.12
1.92
-1.37
-2.72
1.92
-2.8
1.11
-0.76
-1.36
2.58
2.54
-3.26
-0.61
-3.01
-0.61
2.61
-3.82
0.8
3.95
3.93
-3.47
2.14
-0.36
1.25
-2.96
-1.68
0.62
1.76
-1.98
-1.98
1.17
0.25
-2.22
2.77
-0.71
2.26
2.82
2.04
-1.25
2.14
3.96
0.77
3.44
3.25
1.21
-0.93
3.88
-3.98
0.96
0.94
-2.14
-2.97
-1.63
-3.71
-2.29
-1.26
-1.72
1.38
-3.76
-0.41
0.58
3.35
-2.78
-3.38
-2.59
-1.71
2.96
0.63
1.7
1.14
3.8
-1.86
-1.96
-2.2
3.97
-0.23
2.7
0.4
-3.97
1.97
-1.55
0.6
-3.21
1.08
-3.85
0.13
-2.13
-2.52
1.05
-3.46
-0.03
-2.57
1.8
3.17
-2.44
-3.39
-0.45
2.82
1.83
-1.08
0.11
-0.76
-1.67
3.83
1.15
3.72
2.99
-3.44
-3.67
1.94
0.04
1.88
1.35
-1.73
-2.87
3.99
2.55
0.14
-3.54
1.28
-3.59
1.48
3.58
1.15
-2.84
2.36
0.35
-1.12
-3.76
3.36
-3.78
3.89
2.58
1.11
-2.14
3.21
-1.73
-3.03
3.94
-3.57
1.15
-2.7
-2.85
3.11
0.5
2.1
0.08
-0.48
2.03
-2.43
-1.94
3.41
2.35
-3.45
-1.49
2.64
-0.34
1.18
2.66
2.79
-0.63
0.11
-3.69
-3.03
1.72
0.16
3.31
-3.76
-3.59
-2.08
1.72
1.58
0.21
-3.98
-3.87
3.11
0.32
-3.53
-3.35
-0.93
-1.72
-3.18
0.85
2.68
1.3
-3.19
-2.46
2.02
-1.4
-0.78
-0.45
1.09
-1.68
-2.85
1.07
-2.96
-3.02
-3.82
-2.61
-3.66
2.8
-0.16
-0.89
0.1
-0.14
0.49
-0.8
2.32
-3.58
-0.6
-1.68
-0.81
0.52
-0.41
0.51
-1.46
3.26
-2.36
-0.32
0.9
-1.39
-2.72
1.65
1.19
2.38
-3.38
-0.75
-0.94
-1.04
3.09
2.12
0.14
3.08
-3.7
0.27
2.44
1.72
-3.25
-1.19
-3.19
1.62
-0.78
1.6
3.2
-3.1
-3.65
-3.43
2.74
0.65
-1.48
-2.21
3.35
0.51
0.49
1.73
1.51
2.2
1.92
1.73
-0.76
-2.77
-3.87
-0.65
-2.67
1.28
2.19
0.11
0.22
3.32
2.07
0.83
2.51
2.84
-1.14
3.28
3.39
-0.32
2.45
0.29
2.02
-3.95
0.52
2.42
-3.56
1.3
2.78
3.63
-1.41
-1.43
2.76
-3.76
3.8
-0.98
3.58
3.58
1.49
3.88
0.27
-2.09
-1.28
0.24
0.35
3.43
2.58
1.69
-0.71
-3.5
-2.36
1.21
2.34
-2.17
3.75
-2.37
3.71
-0.82
0.72
-2.28
-1.09
0.03
2.51
2.56
-2.48
-2.36
-3.45
1.82
1.04
-0.52
3.26
-0.71
-2.21
3.52
3.41
0.53
-2.43
-2.22
-0.3
1.1
3.84
-1.25
-1.99
2.27
1.99
1.38
0.23
0.93
-3.51
2.16
-0.68
0.39
-1.14
-0.24
0.96
-3.77
-0.59
0.16
-1.28
-1.29
2.87
-3.24
-3.35
3.81
-2.76
2.36
-0.59
2.83
-1.58
-0.78
-3.94
1.92
3.49
3.63
-2.11
-3.84
-1.98
-3.77
-3.44
0.14
1.41
-0.38
1.33
2.88
-3.85
-1.13
-3.58
2.04
-1.44
3.18
-2.89
1.41
3.07
-3.02
2.23
3.08
-1.91
-1.8
1.02
3.64
-2.04
1.41
-1.5
1.27
2.1
1.4
0.9
-0.76
-2.14
0.8
2.22
-0.82
-0.4
2.58
1.31
-0.75
-0.57
-2.22
3.65
2.38
1.93
1.38
0.26
-0.75
-1.9
-1.35
2.86
2.51
-2.61
-1.18
2.07
3.82
-0.79
-3.07
-1.82
4
-2.89
-3.95
-3.23
-1.24
1.97
1.19
0.17
1.76
-3.04
1.94
-2.19
-3.52
-0.32
-1.02
-0.36
-3.69
-1.45
2.65
-2.29
0.59
-2.86
3.26
-0.83
-0.56
2.54
2.4
-2.16
3.05
2.74
2.4
3.98
-1.34
0.4
1.32
-1.87
-0.62
-3
0.89
-3.59
-3.27
-2.8
2.51
-1.71
0.17
-3.16
2.37
-1.17
2.42
3.19
1.75
1.27
0.57
3.22
1.59
2.85
-2.14
0.89
1.33
0.22
3.57
-0.65
1.13
3.03
-1.43
1.97
3.15
0.09
2.37
-3.15
-3.75
3.32
1.66
2.23
-3.02
-0.62
-1.36
0.97
3
-1.4
-3.84
-0.43
-0.58
3.87
-3.02
-2.88
-0.6
-0.56
2.81
2.47
-3.74
2.5
-0.33
-3.33
-3.16
1.38
0.08
3.48
3.72
2.21
-2.31
-1.72
0.46
1.57
2.93
2.44
3.61
2.34
2.24
-1.79
0.2
0.9
1.89
-1.27
0.05
-0.01
3.93
1.26
2.04
-2.56
-1.44
-0.3
1.29
3.9
-3.42
-2.24
-0.36
0.99
1.38
-0.4
3.3
-0.84
1.25
-3.21
-3.1
1.89
3.11
1.86
-3.06
-1.45
-2.48
1.07
1.21
0.59
-1.74
-0.63
-3.39
-3.06
0.62
0.86
1.46
2.83
-2.56
2.28
-0.36
2
0.99
0.57
0.98
1.16
-1.21
-1.39
-3.05
-1.36
-1.08
-2.96
3.65
1.09
-2.18
2.16
0.88
-1.94
0.32
-0.52
3.93
1.5
2.5
-3.31
1.63
1.21
-2.85
-1.31
-3.64
-3.48
2.14
-3.53
-2.28
2.98
1.15
-1.09
-3.11
-1.46
-3.13
-0.22
3.77
2.91
0.11
-1.44
-2.33
-2.78
-0.27
-0.48
3.12
2.47
3.98
-0.61
-1.5
1.97
2.36
2.15
3.51
0.3
2.94
3.77
0.01
-3.91
-1.75
-3.57
0.5
-1.55
3.32
-3.33
3.95
2.92
1.27
-1.66
-2.82
-3.46
-0.28
-2.99
-2.62
-0.07
3.02
0.41
-2.52
1.64
-0.42
-2.1
-3.45
-1.26
1.97
-0.24
-3.39
3
-0.59
0.6
-0.4
-2.89
3.77
3.67
0.66
-0.32
2.07
3.23
-2.1
-0.95
-0.43
-3.8
-2.8
1.63
-1.79
-2.04
-1.76
1.34
0.77
-0.43
1.28
-1.47
2.28
2.38
0.52
-3.66
3.88
-2.25
0.48
-0.44
-3.95
-3.06
-0.49
-3.34
2.75
-3.93
-3.22
0.05
0.36
1.71
1.86
3.8
-1.5
2.44
-1.94
-0.62
-3.3
-1.07
-3.47
0.01
-2.49
-0.73
-1.77
3.84
3.32
-2.94
-1.17
-2.62
-0.85
0.32
-0.2
0.31
-1.26
2.35
-1.01
-1.38
0.69
-3.47
2.89
-1.87
-2.83
2.19
-3.02
3.06
1.71
1.49
-3.97
3.85
0.31
-2.86
3.64
0.95
-2.78
-3.53
-1.95
0.78
2.72
-0.32
-2.65
1.68
1.25
3.4
-3.1
-3.97
-2.09
-2.45
1.05
0.15
-0.56
3.45
2.69
-3.83
0.04
2.4
-1.17
-0.68
-1.71
-0.82
-1.88
-2.18
-2.97
-1.02
1.08
-2
0.68
2.85
-0.91
-1.73
0.3
2.22
-0.09
-2.99
3.18
-2.8
0.89
-2.22
1.28
-3.06
1.14
0.16
-3.56
-0.12
0.41
0.87
-1.55
3.47
-3.1
-1.18
1.65
2.73
-1.51
-0.46
-2.44
3.54
0.65
-1.74
-1.69
2.91
-0.64
-0.94
2.47
-1.22
3.86
1.23
-0.46
1.68
-3.01
-1.17
-2.49
-2.96
2.04
-2.66
2.04
1.96
-2.63
1.15
2.58
-3.8
3.55
1.21
1.94
-3.74
0.62
1.57
-0.28
-3.64
3.45
3.65
0.56
-1.37
3.47
2.38
1.59
-1.93
1.69
1.67
0.02
3.18
-2.67
0.78
2.47
2.08
-2.69
0.6
-3.32
-2.85
1.5
-0.4
2.16
3.5
-0.32
-1.89
3.36
2.15
1.13
2.2
2.16
-1.72
-2.5
-0.83
2.23
-2.65
2.28
2.88
-2.43
3.67
-0.24
-0.04
-3.74
-0.29
-2.88
3.4
2.88
-1.23
2.75
3.87
2.96
-3.99
0.89
-1.43
-1.13
-0.15
-2.51
1.06
2.96
1.36
3.03
3.44
0.95
3.49
3.52
-2.26
1.68
2.16
2.56
1.12
3.8
-1.57
-0.97
-2.98
1.4
-2.46
-0.67
-1.56
2.38
0.28
-0.77
0.59
3.41
1.26
3.25
2.14
1.39
2.93
-3.7
-1.63
3.86
-2.79
3.93
0.21
-3.37
0.32
3.01
-3.23
0.2
3.39
-2.28
-3.29
0.21
-2.38
-3.94
0.52
0.99
-0.13
1.18
-2.68
-3.49
3.05
2.69
-1.32
-1.87
-1.56
-3.98
3.7
-3.76
-2.63
0.35
2.75
1.86
0.18
1.26
2.59
-1.49
2.82
-3.62
-2.93
-1.47
-1.45
2.25
3
-1.45
-1.48
-3.63
1.78
1.19
-1.28
-2.86
-2.48
-2.25
2.98
-2.14
-3.19
-1.48
1.25
-1.92
2.19
0.29
3.32
-3.47
-1.18
-0.97
-1.03
-1.15
-3.97
0.37
-2.53
-1.99
2.17
-0.51
0.1
2.8
1.96
-3.2
3.7
-3.88
3.62
-1.93
-1.76
-1.5
1.52
-3.78
-1.17
0.99
2.88
-1.68
0.44
0.07
1.26
0.74
-1.81
0.78
-0.78
-1.98
-0.58
-0.04
3.58
3.67
-3.67
-2.59
-0.28
-3.3
-1.03
2.03
1.65
-3.82
-0.1
-3.99
-1.18
1.13
-1.53
0.12
-1.95
0.82
-0.99
-1.41
-3.8
1.99
-0.03
1.72
3.93
1.41
0.76
-2.57
-2.71
3.33
-0.43
-0.06
1.38
-0.26
-3.46
3.96
-2.27
-3.18
2.79
0.82
1.26
0.8
3.34
2.7
2.42
0.43
-2.76
-3.87
-1.73
2.08
-1.27
2.41
3.01
-3.18
-0.25
-2.41
