-5
-1.38
-2.51
2.31
-0.05
-2.46
0.74
2.33
0.61
3.96
-1.36
3.09
0.59
-1.48
-1.61
-2.78
2.03
2.2
1.34
-0.59
2.65
1.28
3.3
-0.51
0.16
0.62
3.17
-0.78
0.6
1.17
0.94
0.55
3.99
2.95
0.26
3.11
3.34
-3.53
-3.14
-0.28
-3.94
-2.99
-1.92
2.47
-2.21
-1.85
-0.45
3.76
-0.31
-2.49
-3.63
-3.2
-0.52
-3.66
-1.05
2.41
-0.67
2
-1.85
3.34
-1.63
-2.49
-2.27
3.45
-0.98
2.09
3.1
1.64
2.26
-0.72
-2.12
1.56
1.34
-2.38
-0.65
1.63
-0.8
-3.17
-2.3
-2
-2.93
3.42
3.54
-0.91
0.8
0.13
-2.94
3.65
-0.01
1.86
-0.22
-2.67
2.32
-2.47
-2.66
2.55
3.28
-1.36
-0.56
-0.3
-0.94
1.91
-2.51
-3.6
3.63
-1.19
-0.53
-2.14
0.99
1.32
-0.79
-1.51
0.29
-3.86
2.27
-1.04
-2.03
2.65
-1.36
2.9
1.02
3.46
-2.35
-3.6
3.5
-3.45
3.24
-0.19
-3.73
0.8
2.35
-3.45
1.39
2
2.95
-0.84
1.92
3.13
-0.54
-2.01
-3.35
3.21
-1.34
2.67
-1.36
-2.71
1.04
2.18
-0.73
2.39
0.57
-3.37
4
0.55
2.69
-0.4
0.26
-2.91
-3.09
3.07
-0.43
3.67
-2.42
-3.82
2.98
-1.35
1.1
2.3
-2.81
-0.9
1.04
-1.16
-0.82
-3.35
2.25
1.81
0.79
-1.02
1.76
2.21
-0.49
-2.94
-3.47
-2.11
-3.78
1.72
-3.44
-3.16
3.32
-0.66
2.9
0.82
2.22
0.39
2.42
-3.02
1.62
-1.53
3.7
3.99
0.19
2.75
0.98
-3.84
-2.66
-2.27
1.46
3.34
2.31
-3.13
2.81
-2.72
-0.67
-1.29
-0.44
-1.5
3.13
3.7
3.97
-2.75
-1.91
0.26
2.99
1.85
0.21
-3.78
0.63
2.79
-1.76
1.26
-3.81
-1.68
-0.72
1.78
-1.98
0.77
0.08
-3.63
-3.46
2.5
-3.74
-2.77
-1.46
2.44
0.53
1.62
-2.52
-0.49
-3.17
-0.09
-2.14
1.93
-1.5
2.44
1.9
3.93
3.77
3.13
-0.04
-2.88
1.1
2.67
1.1
-2.96
-3.32
0.49
2
1.56
-3.31
2.8
2.42
2.76
3.15
-2.54
-3.01
-3.14
-2.29
-3.45
-2.69
2.59
2.74
-2.88
1.95
2.33
-0.61
-1.74
3.83
0.84
3.89
-1.91
1
0.95
0.42
3.43
-2.6
-2.41
0.14
-2.51
1.75
-3.96
3.63
-0.07
-1.19
-1.96
1.49
-0.89
2.78
-2.96
1.45
1.04
2.22
3.22
1.82
1.37
-1.62
-0.03
-3.29
2.77
1.66
2.42
0.67
-2.85
1.67
2.6
-2.21
-2.53
-1.67
3.72
-3.94
3.41
0.72
-3.79
-1.2
-2.73
2.97
-1.19
2.31
-0.09
-3.17
-3.72
-0.51
2.79
3.4
-1.15
-0.13
1.79
3.14
3.05
1.05
1.43
-3.13
1.37
-0.16
3.33
-0.62
2.47
2.26
0.22
-3.76
0.02
-3.23
3.07
-3.03
2.05
-3.69
2
0.41
0.54
2.4
3.58
1.67
0.81
1.94
1.37
-1.07
1.88
-2.25
-1.18
-1.27
0
-1.67
-0.72
-1.33
-1.36
2.53
3.36
0.38
-0.53
1.89
-3.5
0.55
-1.91
-0.34
0.81
3.52
0.43
1.81
-2.65
-1.46
1.87
-2.62
-1.41
-3.36
1.47
3.77
0.07
3.43
2.48
0.4
1.5
0.71
-0.56
-2.51
0.25
-2.31
1.49
0.39
2.34
3.52
-3.05
-2.38
-3.06
2.66
1.9
-0.97
-0.43
-2.86
-2.87
1.86
2.51
-3.93
-3.6
-3.72
0.86
-1.38
3.74
-1.36
1.21
-1.13
-1.54
3.93
1.9
3.08
-3.62
-0.21
-2.89
-3.4
3.42
-0.89
-1.98
-3.97
3.48
-2.16
-2.42
0.25
-3.56
-0.06
-1.25
-1.56
0.19
-1.08
2.3
-3.39
1.89
1.43
0.31
-0.84
0.64
-2.37
-2.04
-1.15
3.19
-0.54
1.05
-2.97
-0.28
-2.14
2.28
-1.89
-2.08
-1.03
-2.27
2.02
-0.16
2.47
-3.4
2.56
2.7
-3.4
-1.82
-0.2
3.9
-1.23
2.69
3.54
-2.38
1.29
-2.82
-1.05
3.49
1.96
-0.03
1.79
-2.85
3.17
-3.15
0.01
0.79
-3.45
-3.48
2.58
1.66
-3.37
-3.48
-2.78
-2.81
-3.72
0.78
3.43
0.83
1.75
0.46
0.03
3.46
2.17
-1.04
0.42
0.78
1.51
3.41
2.44
-3.32
-0.68
-1.37
-0.03
3.01
-0.05
0.87
0.67
1.62
0.59
-2.23
2.15
-3.92
-0.4
2.14
3.26
-1.76
1.47
2.35
-2.66
-3.5
-2.24
2.13
-2.27
-2.51
3.94
2.33
-1.02
0.21
0.44
3.24
3.28
-2.86
-1.92
1.89
-1.66
2.01
0.56
-1.79
1.25
-0.58
-3.89
-2.2
-3.77
-0.02
2.32
-0.05
-0.15
-3.98
-0.29
-1.83
3.32
3.17
2.07
1.94
2.93
1.19
-3.11
-1.53
3.07
1.62
-2.12
-3.55
-2.82
1.35
-1.51
1
2
1.72
-0.2
-2.76
1.69
-0.75
-2.91
1.93
-3.61
3.96
1.89
1.76
-0.82
-0.01
-1.52
-1.04
-3.5
-1.73
3.93
-3.89
-0.92
0.15
2.96
1.15
1.11
-1.92
-0.86
3.63
-2.47
3.66
-3.38
-1.11
-2.52
-2.69
1.95
2.13
0.23
-1.54
0.48
0.06
2.07
-3.86
1.54
2.98
3.3
-0.86
3.29
-0.92
-0.87
2.93
3.96
2.92
1.43
-1.62
-2.09
-2.15
2.76
2.65
0.13
-0.39
-3.9
-2.53
0.39
-3.27
3.34
-1
0.27
-2.13
2.05
0.35
2.73
2.05
1.79
-0.13
-1.96
-1.06
2.61
3.99
1.85
-2.03
-1.21
-3.94
0.5
-1.39
3.71
-2.3
1.47
3.11
3.4
0.1
3.38
1.59
2.33
-3.14
-0.05
0.6
-0.25
0.81
3.64
0.3
2.87
1.42
1.04
2.79
-3.81
-2.1
-2.88
-2.44
-3.66
2.98
-0.76
2.78
-3.21
-1.84
-3.19
-3.96
0.97
-2.23
-2.98
1.63
1.54
1.17
-1.53
-2.06
0.98
-2.87
3.72
0.92
3.92
1.44
3.19
-2.21
-3.65
-2.45
-0.9
1.38
-0.97
1.71
-1.59
1.8
-3.42
-0.1
2.77
-3.58
-3.15
-3.4
0.79
0.17
-3.95
-0.09
3.63
-2.02
-0.21
-2
2.76
-2.3
-1.06
-0.91
-2.2
3.07
-1.81
0.2
-2.36
-1.1
3.79
-2.56
2.42
3.25
3.06
-0.57
1.02
3.27
3.36
-0.78
1.05
-2.37
2.4
-1.95
-2.92
0.38
0.35
-0.45
0.87
0.01
1.81
1.21
2.01
2.35
-1.21
-2.61
-1.57
3.94
-0.09
-0.65
-0.39
0.39
-1.74
-0.14
-3.37
3.42
-1.82
1.55
1.11
0.62
2.89
-3.64
-1.38
-3.44
0.96
1.13
-0.7
-3.11
-2
1.43
-1.29
2.64
3.33
1.64
1.09
-1.43
-0.57
-3.93
0.46
1.66
-3
1.08
-0.65
0.01
3.62
-3.34
3.38
-1.46
-2.59
-2.33
-1.8
2.81
2.45
-3.76
1.12
1.44
-1.41
1.44
-2.62
1.67
2.1
-2.46
1.93
2.48
-3.37
0.97
1.06
0.63
2.77
2.07
-0.02
-1.9
-2.91
3.45
-0.38
-2.2
1.01
2.62
-3.05
0.3
1.75
-3.24
3.48
-3.67
-0.77
-0.09
-3.81
3.09
-3.49
3.66
3.99
2
2.69
2.79
3.57
3.46
3.15
0.87
-0.63
-1.36
-0.4
-1.25
-0.23
-0.65
1.69
-3.91
1.72
3
0.63
-0.69
-3.57
-0.03
0.49
1.08
3.92
1.33
-1.94
1.6
-0.75
0.73
0.77
1.97
0.11
3.12
2.08
1.99
-0.59
-1.7
3.88
0.16
-1.34
-3.87
-0.75
2.32
-3.31
-1
0.99
0.13
-1.36
-0.87
2.2
-2.8
-1.55
1.2
3.22
0.01
-2.49
-2.39
2.88
-1.77
1.4
-2.45
-2.39
2.64
1.87
1.63
2.64
0.66
1.27
3.71
0.68
-0.59
3.12
-3.54
-3.35
-3.71
-3.28
2.18
0.39
0.91
-3.66
1.93
-1.04
-3.88
2.53
-0.43
-0.48
2.91
3.9
-1.93
0.48
-2.2
-0.58
1.64
2.76
-2.9
2.52
0.61
-3.56
-0.94
0.37
-3.67
2.87
-1.06
2.45
-1.22
-1.92
-2.01
0.54
2.93
-0.72
-0.66
1.22
-2.04
-2.11
3.47
2.6
-2.51
-3.89
-1.7
-1.89
3.73
0.76
-0.8
-0.77
-1.12
3.99
-2.52
-2.3
3.56
-2.23
0.12
1.74
-2.68
-3.46
-3.99
3.07
-3.98
-2.33
-0.25
-2.51
-2.48
-1.63
-3.03
2.79
-2.86
0.58
-2.54
-0.25
3.3
-1.49
1.03
0.49
2.14
-3.05
0.64
-0.43
-0.34
3.71
-0.43
-1.21
-3.4
-3.72
0.99
1.16
3.16
1.6
-0.1
-2.58
-2.12
-3.6
2.58
3.82
0.37
-3.2
-3.41
1.36
-0.21
0.41
-1.91
2.3
2.53
1.73
-1.59
1.04
0.75
3.63
3.6
-3.63
-0.1
0.44
-0.6
-3.69
2.1
-3.05
-3.11
-2.76
1.38
-0.18
3.63
-0.46
-3.33
-3.97
-2.13
2.89
-0.06
1.21
-3.88
1.34
-3.65
3.29
3.79
3.25
1.62
1.28
0.26
-1.13
1.87
3.96
-3.6
3.54
2.01
-0.47
1.53
1.44
1
2.26
-2.29
-0.59
3.92
3.35
3.99
3.98
0.79
2.55
1.62
2.5
-0.14
-0.48
-2.9
3.54
3.5
-1.74
-3.99
0.61
0.66
0.15
-1.31
-3.18
0.69
2.03
-0.63
1.42
-0.59
-3.91
1.53
1.15
-1.5
0.43
-2.12
1.68
-0.51
0.72
1.42
-2.99
3.31
3.82
-1.54
3.07
3.66
1.77
3.01
-1.66
2.86
-3.13
-3.97
-0.25
-0.48
-3.09
-3.23
-3.16
-0.43
-3.11
2.72
-2.11
-0.02
-1.44
0.56
0.69
-2.98
-3.53
-0.01
3.43
-2.36
-0.58
0.04
-1.22
0.84
3.01
1.31
0.85
-2.31
-0.38
-2.84
2.93
3.02
-2.98
2.57
-1.47
-3.94
-2.23
-2.37
-2.41
-0.34
-2.97
-1.89
-1.4
2
-0.47
1.03
0.74
-0.75
1.77
2.05
3.19
-2.23
3.59
-3.3
-0.57
0.83
1.25
2.92
0.52
-0.4
-0.07
3.16
3.95
3.73
3.8
-1.13
-1.05
-0.01
-1.97
0.63
3.25
2.84
-1.6
-0.23
-3.4
-2.69
-2.56
0.79
-2.7
-2.03
-3.44
-2.4
-0.08
1.58
-2.03
1.16
3.44
-3.69
-0.87
1.71
-1.19
-1.14
1.12
1.99
3.74
-2.12
-1.84
-1.13
2.2
-3.35
-1.92
-3.25
-2.79
-2.86
2.8
-3.65
3.38
-0.19
-3.9
-1.88
-0.61
-3.54
1.61
-1.45
-0.97
-1.68
-0.76
-1.64
1.75
-1.36
-0.56
-1.36
-3.15
0.33
-2.18
0.39
-2.28
0.41
0.04
2.73
3.15
2.57
2.59
-3.36
3.9
3.82
-3.62
-1.22
2.79
-2.38
1.79
-0.38
-3.8
-2.99
-1.69
-1.66
1.25
-1.43
-1.04
1.41
2.64
3.8
1.12
-0.44
1.21
3.44
3.9
0.89
3.32
-1.6
2.63
-1.04
3.78
-2.62
-1.02
0.82
-2.12
0.97
-1.34
-0.79
-2.07
-3.54
-0.42
0.13
0.86
3.83
-1.57
3.85
-1.99
3.48
3.15
3.16
-2.55
2.63
-3.92
3.35
-2.55
-0.98
-0.57
-3.55
3.93
-0.51
-0.54
0.38
-1
-1.18
-0.16
2.83
2.03
1.5
-3.54
-3.72
3.91
3.75
-0.53
2.17
0.21
-3.01
2.71
1.39
1.01
-3.96
-1.12
3.85
-0.74
3.47
-2.5
-2.86
-2.71
-0.37
-0.63
2.86
-2.47
-1.8
-0.71
2.45
1.01
3.21
-2.88
-1.97
-0.02
-0.4
-2.18
0.51
3.02
2.86
3.25
-2.29
-0.85
-2.08
-0.87
-3.55
0.32
2.05
-0.56
3.88
-3.39
-0.39
-2.89
-0.47
-2.69
-1.31
1.53
-1.61
-1.87
-2.4
2.76
1.71
0.45
1.03
-2.84
1.01
3.88
0.67
-2.6
-2.59
2.23
2.37
-3.17
0.41
-3.78
3.8
1.99
3.38
-3.5
-1.09
-1.46
-0.52
2.77
-0.59
1.83
-2.61
2.1
1.6
-3.29
-2.71
2.08
3.43
-1.62
1.41
-3.9
-2.46
1.26
2.13
-3.25
2.13
-3.42
3.65
0.65
-1.97
-2.35
-1.76
-1.22
0.7
-0.69
-2.48
0.7
2.15
-2.11
3.22
3.07
-0.73
2.94
-2.97
3.21
3.77
2.91
-1.72
-0.05
-3.89
-0.67
2.8
-0.01
-0.58
0.31
2.68
-1.47
3.87
2.62
-1.62
-1.67
-1.11
2.84
0.74
-2.24
-0.42
2.62
-2.6
-1.72
3.2
0.59
3.93
1.54
-0.84
2.35
0.83
-1.39
0.22
2.92
-3.01
3.23
2.31
-0.31
0.53
2.7
-1.15
2.25
3.36
-3.61
0.63
2.99
0.84
3.54
3.52
0.88
0.17
0.43
-1.81
3.28
-0.38
-2.85
1.5
4
0.76
-0.47
-0.59
-2.74
-3.17
1.08
3.48
0.07
2.32
-3.06
1.63
-0.85
0.03
3.21
-1.69
2.05
2.91
1.34
3.26
-3
1.65
-3.79
3.75
-3.62
2.03
2.28
-1.82
-3.6
-3.59
0.95
-0.7
3.85
-2.28
2.31
2.94
-3
-0.72
-2.41
1.42
-1.73
-3.09
-3.44
-3.33
-0.11
-2.09
0.36
-3.15
0.97
-1.88
0.15
-3.63
2.29
-2.11
0.5
-1.66
0.55
-0.22
-0.98
-0.76
-1.45
-1.1
3.08
-0.35
-2.63
1.65
1.78
-2.57
1.72
-3.74
-2.7
-1.24
1.32
3.92
0.99
-3.92
1.09
3.54
-0.14
2.48
-2.34
1.43
1.22
2.28
0.27
0.57
1.02
1.96
1.23
-0.03
-1.62
1.23
-3.75
2.35
-1.14
3.38
-2.16
0.92
3.31
2.24
0.13
-1.08
-0.87
0.7
-3.18
-2.62
-0.95
2.37
0.9
0.41
1.26
1.01
3.92
0.54
-2.43
1.13
1.69
-3.2
3.39
0.8
-3.38
3.83
0.21
-2.25
1.88
0.08
-1.5
2.97
1.06
1.62
2.25
-3.84
-3.77
1.62
-1.65
2.75
-1.7
-3.49
1.46
-1.12
-2.48
2.66
-2.95
-3.19
2.71
1.38
1.31
-0.29
0.78
1.73
-2.32
-2.96
1.53
-1.49
1.62
0.3
2.72
-2.63
2.82
0.74
2.88
0.08
-2.69
3.29
