-9
-0.21
2.13
3.21
-0.9
-3.02
-2.28
2.2
-2.88
1.34
1.7
-3.7
-3.38
3.6
2.17
-3.84
-0.61
1.72
-0.91
-2.61
0.09
2.85
1.01
3.89
1.58
3.72
2.18
-1.32
3.87
-1.39
0.59
-2.28
2.98
0.16
-0.39
-1
-1.17
-0.3
3.24
-3.82
0.53
3.38
-2.04
3.53
1.68
-2.11
3.36
1.13
-1.33
2.86
1.02
1.25
-0.19
1.08
-1.51
-2.03
2.79
2.25
-2.37
-0.62
-1.2
3.04
2.34
2.51
-3.26
-0.02
-2.67
0.47
-0.01
-0.83
1.34
3.69
2.48
-1.1
0.87
0.72
0.89
1.48
-1.8
-0.32
-3.64
-2.96
-3.99
-2.99
1.6
3.35
1.91
-2.11
-2.34
-2.36
0.21
0.58
-1.93
-0.15
1.39
1.49
-2.96
-0.55
2.79
-2.31
-3.44
-1.12
-2.86
3.5
-2.49
1.33
2.77
-3.1
-3.79
1.78
1.08
-2.7
0.04
1.95
-0.98
-2.25
3.03
1.32
-3.1
-2.6
2.07
3.44
-1.19
-1.66
2.97
-3.24
1.62
-1.38
1.52
3.38
-0.32
-2.57
2.7
-3.49
-0.88
1.48
3.91
-3.49
3.5
-3.73
-3.43
1.01
-2.32
-0.12
0.56
-1.1
-3.47
0.13
-3.17
-0.37
2.46
-0.28
-1.45
1.38
-0.38
-2.87
-3.93
2.8
-3.47
-3.25
3.71
0.14
-0.62
-3.17
-1.9
-0.35
-1.39
-0.47
-1.18
1.55
-2.15
2.52
1.83
-3.37
-3.18
-2.94
1.75
2.94
1.79
0.06
-3.78
-2.51
-2.21
-2.11
-3.08
3.96
2.89
-2.69
0.89
-2.02
1.41
-2.9
3.98
2.75
-3.44
0.43
-2.38
-3.15
-2.23
-3.09
-3.72
1
-2.7
-0.72
-2.23
3.94
1.89
-2.08
0.56
-1.44
-0.62
-2.86
-2.99
0.48
-3.48
2.22
-1.65
-2.51
3.91
-1.86
0.76
-2.7
2.65
-3.17
-3.87
-3.25
2.55
3.08
-3.94
0.39
3.45
0.9
1.16
0.88
-0.23
-0.78
-3.81
2.51
-3.88
-3.02
-1.93
0.97
0.75
-1.67
2.61
0.27
-3.91
-0.5
2.22
-1.65
-1.92
-3.88
-3.06
3.63
0.15
2.99
2.36
-3.54
-0.85
-2.98
-2.61
2.82
-2.15
-3.84
-0.89
2.48
-0.02
0.14
-3.3
1.31
2.03
-0.16
-2.64
2.93
-3.93
3.8
0.55
0.32
-1.77
-0.13
-3.34
-0.95
-3.14
1.71
-1.69
3.32
-0.05
1.53
-3.28
0.79
0.87
3.73
-0.64
3.11
3.59
-0.75
-0.89
0.59
3.22
-3.88
-3.71
-0.05
-1.2
-3.09
0.33
2.25
2.77
-1.98
3.55
0.36
-1.57
-1.97
2.23
3.28
-3.65
2.35
1.95
0.15
1.86
-0.21
-1.47
2.45
-0.58
-0.09
-3.56
2.3
-3.53
-1.74
3.34
0.82
0.68
3.97
1.11
-1.9
-0.42
0.71
-3.75
3.95
-2.62
0.06
-3.45
-2.07
1.99
0.36
-1.64
-1.17
-2.5
0.08
2.75
-2.76
1.3
2.97
2.74
-0.58
1.6
-2.16
-3.47
2.89
-3.53
2.04
1.77
0.5
-1.32
-1.27
3.69
-1.53
0.93
0.13
-0.3
-0.35
2.09
2.01
-1.24
-2.21
-0.76
-3.41
-3.54
3.06
-2.45
1.61
0.79
0.39
-0.49
2.09
3.52
1.71
-2.77
-2.32
0.5
-2.27
0.18
-2.64
3.48
-0.66
2.29
0.06
3.25
-0.75
0.67
3.9
1.91
1.37
-3.63
-0.9
-0.85
3.3
0.2
0.94
-3.82
1.01
-2.62
-2.53
1.34
-1.14
-2.76
-2.63
-3.02
0.6
-0.79
-2.03
-2.76
-0.75
3.63
-2.03
3.47
0.73
2.53
3.43
-0.49
3.18
-2.66
1.21
-1.62
-2.35
3.71
3.42
0.02
-3.59
-1.07
-3.79
-2.49
0.29
-2.51
3.5
-3.65
-1.3
0.03
0.61
-1.9
0.91
-0.93
-1.35
-3.96
-1.3
2.65
-1.35
1.75
2.41
-0.37
2.43
-3.23
0.78
-2.57
-3
-0.34
0.17
3.09
-0.32
-0.84
-2.18
1.36
-3.43
-2.34
-1.01
-3.54
0.95
-2.24
-3.88
-2.38
0.77
-3.3
-2.09
1.33
2.6
0.11
2.69
1.16
3.69
-0.99
1.05
-2.33
1.61
0.78
0.51
3.45
0.73
-1.14
-3.52
-0.16
0.18
-0.39
-3.66
-2.55
-3.73
3.55
-1.5
-3.01
1.06
-1.77
-2.3
-3.11
1.63
0.79
2.87
1.73
2.86
3.46
-1.17
0.9
0.97
3.01
3.41
-3.33
2.11
-3.85
3.76
-0.21
1.16
-0.45
-0.27
-1.91
-2.72
0.29
1.44
-2.85
-3.65
-3.54
1.05
3.05
-2.4
1.7
-3.9
1.45
-2.7
0.16
0.05
-3.19
1.91
2.78
-3.42
1.28
-3.98
-0.42
2.87
1.17
0.21
3.68
-0.66
-3.88
3.8
2.71
-0.17
-2.49
2.51
3.61
3.62
-2.67
3.35
1.72
1.38
2.4
-1.6
-0.22
-0.71
3.27
2.91
-2.05
3.37
-2.05
0.11
2.94
1.88
2.38
-1.04
2.45
-1.94
1.7
1.43
-3.73
0.94
-3.32
1.13
0.93
3.26
-1.11
-2.13
2.6
2.95
-2.31
0.55
-1.29
-2.54
-3.81
-2.6
-1.81
-1.12
0.24
-3.72
3.6
2.27
-1.74
-3.7
-2.62
0.02
-3.15
-3.17
1.45
2.55
-3.95
1.55
-2.09
-0.09
3.08
-3.22
0.69
-2.74
1.47
0.53
-3.6
1.4
-3.7
-1
1.67
1.4
-2.61
1.48
1.69
0.98
-3.24
-0.43
1.82
1.41
1.83
-1.99
-1.32
-3.63
-0.26
-3.09
2.41
-1.94
0.42
-3.96
2.9
0.15
-1.37
2.81
-1.61
3.42
0.71
-3.07
1.41
3.72
3.89
-1.81
1.96
3.26
-1.37
-0.02
-1.38
-0.63
-0.86
-3.53
1.78
0.48
3.73
0.5
2.08
1.07
2.1
0.31
1.52
0.56
2.12
2.34
-3.02
-3.75
0.11
-2.48
-1.23
-1.42
-0.91
2.28
-3.74
3.84
2.16
2.11
1.53
-0.36
0.05
-0.58
1.75
3.76
2.29
-0.97
2.93
-0.05
-1.73
-1.59
0.43
2.14
-3.27
1.33
-2.69
-3.6
-0.59
-3.15
-2.41
-2.45
-2.79
1.7
-0.85
-2.89
-2.79
-3.97
-3.72
0.87
-3.8
1.95
2.33
-2.38
2.98
-1.56
-2.99
-1.33
2.57
1.76
2.27
-0.91
3.42
1.04
1.99
-2.31
1.1
0.64
-2.15
1.76
0.96
3.87
0.43
1.3
0.51
-0.03
-1.57
2.36
-3.73
0.63
2.55
2.25
-1.26
-1.95
-0.26
0.33
0.09
-1.2
3.16
2.29
0.31
2.64
-2.17
1.65
-1.41
2.51
-1.87
0.17
3.72
-2.55
0.02
0.58
2.19
-1.47
3.91
-3.67
-2.49
-2.98
1.11
-1
-3.99
-1.35
-1.61
-2.06
3.22
-3.99
-3.66
1.36
-2.71
-2.34
1.61
-1.71
1.48
-0.44
-2.55
2.33
2.04
2.78
-1.29
2.01
-2.17
2.26
2.64
2.83
-3.39
-2.04
-3.94
-3.79
-1.85
-0.59
-1.19
-0.93
1.7
0.15
2.28
-2.34
0.24
3.9
2.43
-1.43
2.16
0.78
-1.12
2.06
-0.16
-2.27
3.11
-1.38
-2.93
-2.42
-1.71
-1.27
2.31
3.11
-2.84
-2.24
0.02
-0.43
-2.67
1.26
3.95
-3.87
-0.79
1.88
2.85
-1.46
0.59
-2.68
1.29
3.79
-1.92
2.15
-3.66
-3.87
3.85
1.06
-0.62
-3.42
-1.02
2.88
-1.14
1.45
3.14
-3.44
-2.88
-3.93
0.76
2.59
-1.02
0.52
1.65
-3.33
2.57
-2.83
-1.37
2.03
-2.44
1
3.21
-2.7
1.14
1.78
1.33
-2.71
3.51
0.15
-1.62
2.17
3.27
0.11
2.38
-0.57
-3.42
-1.55
-1.6
-1.5
-3.01
-1.36
0.76
2.78
1.78
2
2.35
-3.23
-1.86
-2.6
3.58
3.18
1.51
-2.19
-0.5
2.38
-2.62
-2.32
-2.26
1.08
-3.89
1.85
-2.94
0.97
1.69
2.59
3.33
2.88
2.14
-1.79
-3.91
0.12
2.77
-3.87
1.03
2.92
-3.76
-3.57
-0.48
3.14
3.44
0.56
3.15
2.1
0.57
-0.79
-3.34
1.45
-3.4
-4
-1.96
2.9
-3.3
1.32
-1.62
-0.85
-2.42
3.79
-2.92
3.19
2.68
3.47
-1.37
3.93
-2.7
-0.54
-3.6
1.38
0.79
0.58
2.14
-3.05
2.16
-1.39
1.65
-0.44
2.71
-1.04
-3.61
-1.52
1.93
-2.12
2.27
2.13
-3.83
-2.81
-0.59
-2.55
1.75
-2.12
1.34
-3.55
3.35
0.33
-3.54
3.97
-2.08
3.22
0.79
-2.9
-1.2
-0.72
-3.34
0.03
-2.13
-2.92
-3.26
2.1
3.68
2.82
0.44
2.62
3.39
2.61
-2.74
0.79
-2.81
0.5
3.76
-3.9
-3.95
2.96
3.63
-1.1
3.24
1.68
-2.4
-2.18
-1.86
1.68
-2.37
3.5
2.18
3.3
3.68
-1.35
-2.78
-1.76
0.26
3.09
-3.55
1.31
-2.22
2.94
1.44
2.73
-2.94
-3.26
-0.93
-0.33
2.78
1.42
3.46
0.68
-2.95
-0.15
-0.34
1.76
0.79
0.19
3.49
2.92
-0.05
-2.01
1.19
0.95
-3.56
-3.91
2.93
2.61
-0.43
2.96
-3.76
-3.34
3.66
-1.25
1.17
-3.31
1.46
-3.49
0.62
-3.14
2.75
2.48
2.91
0.21
-3.97
-2.51
2.24
-0.18
3
-0.54
1.45
-3.94
3.61
-2.46
-2.65
3.8
-2.25
-3.52
2.29
-3.04
-2.19
0.46
-3.91
3.82
1.18
2.79
1.03
2.3
2.68
-1.04
-3.71
0.28
3.58
2.62
-3.84
1.48
-0.92
-3.03
0.92
2.95
-2.15
-0.89
3.62
-3.89
-2.49
-3.83
-2.94
2.11
-2.61
1.38
2.95
0.98
-1.77
-0.35
3.05
-1.72
2.38
3.1
3.04
-2.76
0.46
3.94
1.14
0.03
-0.84
-2.84
-3.51
-3.02
-2.62
-0.13
0.72
-3.23
-0.43
3.34
3.12
2.71
0.85
3.99
2.3
1
1.73
2.92
0.91
-2.7
0.02
-0.68
-1.95
-0.08
3.58
1.88
3.1
-0.02
-2.07
-0.33
-1.51
-2.09
1.97
-0.41
0.95
-3.65
3.68
-3.93
0.73
1.52
-3.34
2.17
-2.6
-1.11
0.54
-3.66
1.44
2.4
-3.21
-1.97
-0.49
1.54
-0.97
-0.16
-4
3.84
3.12
0.58
-2.59
-0.5
0.78
-3.27
2.85
3.9
0.85
1.2
-3.27
-2.75
-0.97
1.95
1.32
1.66
-1.81
3.39
-3.37
1.86
-2.08
3.16
3.39
3.23
-3.57
-3.3
-0.82
3.9
-3.85
0.95
2.88
-1.87
-0.41
1.12
-2.77
-0.9
2.66
-2.77
-3.26
3.94
3.32
-2.5
2.05
3.35
3.61
0.19
-0.64
-1.15
0.71
1.86
-0.65
-0.35
-0.8
-1.86
1.92
3.96
1.19
-1.82
-0.94
0.08
1.55
2.95
3.75
3.9
2.32
2.61
1.67
1.92
0.71
-1.79
3
-3.04
2.64
-3.3
2.54
-3.59
-2.9
-3.97
3.63
0.25
1.34
-3.67
-0.82
-1.7
-2.41
-0.77
2.93
-2.56
3.2
-2.72
1.91
0.48
2.17
0.66
-1.62
-3.63
-2.24
2.15
-2.97
-3
2.52
1.45
2.14
-1.51
2.87
-1.61
1.02
-1.51
-0.39
1.5
2.85
1.16
-1.44
2.82
2.75
1.22
-0.24
1.45
2.31
-0.91
3.68
0.23
2.72
-0.57
0.31
-1.48
-1.21
-2.03
2.33
2.17
2.66
-1.04
3.01
2.62
1.74
3.89
-1.8
-3.31
-0.57
3.21
2.22
0.43
1.83
-2.3
-1.57
-3.25
-2.09
3.36
1.92
1.17
0.62
0.32
3.85
1.94
-2.67
-1.72
2.73
-1.3
2.19
0.34
3.6
-0.96
0.17
1.44
2.84
-0.11
2.15
-0.06
-2.93
2.86
-0.99
-0.93
-1.99
3.1
0.88
-0.76
2.4
1.02
-3.01
-0.45
-3.4
-0.56
0.06
-2.85
-2.45
-1.66
-0.89
-2.94
1.29
-0.55
-2.84
3.5
-1.5
3.1
3.61
-0.83
-3.74
-3.61
-1.14
2.55
-1.39
1.98
2.28
3.07
-1.85
-2.46
-1.69
-3.26
-2.94
2.09
-0.11
-2.3
-2.29
-1.36
-0.27
0.15
2.99
-0.99
-0.11
0.5
-3.23
1.08
2.65
1.63
1.69
-0.48
-3.43
-1.09
3.5
-2.3
-1.02
2.01
-1.84
-1.56
-3.07
-1.37
1.17
0.99
3.01
-4
-3.97
-1.63
-4
3.21
3.56
3.46
1.78
3.86
-0.64
-0.54
0.19
1.25
0.5
2.36
1.78
1.53
3.33
-3.36
-2.63
2.64
-3.03
3.4
-2.75
3.37
-0.89
1.88
3.55
3.27
-2.3
-2.9
2.98
-2.01
0.01
-0.11
0.47
2.41
1.08
3.45
2.07
2.24
1.74
-3.29
3.55
0.03
1.51
1.73
-2.49
-0.2
0.67
-0.59
-0.7
0.53
-0.38
-3.64
3.03
-3.37
-2.89
-3.37
0.09
-2.32
3.92
2.52
2.15
-1.74
0.48
-1.8
-2.77
-3.4
-2.11
3.38
-3.55
3.89
-1.43
-0.86
-3.1
-3.74
3.85
1.22
-2.15
1.38
0.37
-0.26
-1.4
2.3
1.8
-1.55
2.37
-0.35
0.86
-0.17
1.29
0.44
-0.65
0.39
2.32
3.23
-1.44
1.29
3.56
-0.69
0.5
-3.1
-2.1
1.3
-1.05
-0.58
-2.05
-3.52
3.47
2.77
-3.21
-0.1
2.78
2.72
1.31
0.18
-0.08
3.86
0.46
-1.97
-0.17
1.59
-0.25
2.07
-1.91
0.01
0.53
2.19
0.83
-2.33
1.7
-1.44
1.67
2.54
-3.12
-0.54
-2.17
1.3
-0.66
-1.62
-3.51
1.89
0.18
2.09
-0.97
-2.62
1.66
0.64
3.08
-1.87
-0.7
-1.29
-3.18
1.52
3.49
2.91
1.15
-0.16
-0.79
2.95
2.89
-0.23
-0.34
1.79
-2.93
2.24
2.23
-3.77
1.83
-2.16
-1.65
2.62
0.51
-1.92
-2.46
1.94
-2.59
1.66
-0.96
-3.3
2.35
3.9
3.11
-1.31
2.38
-1.01
-2.27
-3.86
3.06
-2.03
2.32
1.99
-1.91
0.4
-0.5
0.72
-1.77
2.39
1.02
0.8
-0.85
1.43
2.81
1.23
3.79
0.69
2.2
2.74
-0.02
-2.46
1.5
3.5
-3.2
-1.49
-3.4
2.99
0.66
-3.04
3.42
2.09
0.5
2.08
-2.82
-0.15
-0.47
0.36
0.53
-3.89
2.59
0.82
-0.29
-0.98
-3.37
2.24
1.55
-3.08
-2.92
-2.12
