0
-1.23
-2
-2.79
-1.21
-0.17
-0.42
-3.04
-0.56
-2.2
3.34
0.31
1.35
-3.59
-0.75
-1.75
0.09
0.19
0.77
1.69
2.52
-2.53
-0.62
-0.9
2.36
2.48
-3.13
-1.28
3.62
-2.19
-1
-0.85
-3.54
-1.44
-0.95
-0.2
0.37
2.26
-3.03
-3.58
-1.59
-1.68
-0.84
2.07
2.12
1.16
-1.37
2.57
2.1
-0.66
1.15
-0.21
3.07
1.96
-1.94
3.17
-1.44
2.69
3.92
1.72
0.27
-3.63
-2.33
0.84
-0.75
-2.08
1.54
2.37
2.21
-0.84
-1.14
2.65
-2.6
3.34
-0.1
-0.23
0.14
2.44
3.45
1.68
-0.73
-0.17
-3.04
2.8
2.04
-3.57
0.47
1.49
1.38
0.87
-0.3
-3.83
1.41
3.02
-2.69
-2.98
-0.87
-0.38
3.49
1.35
-3.84
-2.01
-2.64
-1.13
-0.31
0.01
-0.79
-0.38
-0.35
0.96
2.52
-1.68
1.78
-3
0.93
-3.32
0.49
1.61
-3.15
2.05
3.34
3.76
