-2
-1.05
1.06
3.86
-1.98
-1.94
2.98
-3.1
3.79
3.08
-0.05
2.71
0.47
0.47
1.06
-0.45
1.17
-3.05
3.86
-1.54
-3.94
1.1
0.58
2.17
-3.3
0.16
-3.11
1.37
-0.42
-1.69
2.03
-2.38
-0.06
0.19
-0.96
-1.07
-2.38
3.65
3.23
2.7
-2.98
-2.97
-3.87
1.86
-0.67
0.84
-3.04
-3.02
-1.9
-1.81
0.92
-0.41
-3.06
3.72
-3.18
-1.25
0.17
-0.23
0.96
-0.96
-3.84
3.27
-0.55
-2
0.38
2.28
-3.42
0.64
-3.7
1.87
-3.57
-0.32
-1.04
-3.49
3.13
-0.98
-0.39
-3.21
-0.2
1.95
2.68
0.36
0.48
0.88
2.88
1.46
-2.04
-0.2
0.07
1.92
-2.3
-2.53
1.25
-3.08
-3.6
1.62
1.19
2.14
3.84
-0.03
3.84
1.81
3.96
-0.84
-2.04
-3.63
1.1
-0.4
0.25
3.37
-3.2
-2.34
-2.65
2.09
-3.27
-0.43
-0.24
2.57
-3.78
-2.06
1.71
-3
