-2
-1.05
1.06
3.3
0.2
1.6
2.35
-3.1
3.79
-1.6
-2.58
2.95
0.47
-2.32
1.06
-0.45
2.75
-3.05
-3.77
3.36
0.47
1.18
0.58
-0.75
0.21
0.16
-3.11
3.43
-0.35
-0.84
2.03
-0.86
-0.06
0.19
0.16
0.94
3.53
3.65
3.23
3.06
-2.98
3.43
-3.87
-1.6
-0.67
0.84
2.94
-3.02
-2.19
0.93
0.92
-0.12
-3.06
3.72
-3.18
-2.68
0.17
-2.86
0.96
-3.53
3.57
3.27
-0.55
-2.78
0.38
2.28
-3.42
0.64
-3.7
1.87
-0.24
0.08
-1.09
-3.49
-2.88
-3.42
-0.51
-3.34
-0.6
1.95
2.68
0.36
-2.68
-2.94
2.88
1.46
-2.04
0.2
3.28
-0.84
3.21
1.98
3.14
-3.08
-3.6
1.62
-0.85
2.14
3.84
-2.72
0.56
1.81
3.96
-2.41
-2.04
-2.78
1.1
-0.4
0.25
3.37
0.39
-2.34
-2.65
-0.12
3.3
-3.94
-2.15
3.21
-3.78
0.3
1.71
-2.82
