-5
-3.44
3.09
3
-0.84
-1.11
-3.76
0.95
0.97
2.43
3.22
0.88
2.22
0.48
1.68
2.14
-2.68
3.61
0.48
1.12
1.39
-3.33
-2.05
1.33
-2.42
-1.99
0.47
0.56
0.31
0.25
3.46
-3.01
1.4
2.55
3.56
2.44
0.87
-1.21
1.27
2.27
-2.58
-3.34
3.71
-0.19
-2.55
-1.03
-1.39
3.18
-3.3
-3.51
-1.76
-1.71
-0.68
-3.41
-1.93
3.38
1.58
-1.28
1.49
0.17
-0.25
-2.84
0.68
-0.72
-1.8
-1.6
-0.25
2
-2.44
2.6
0.09
-3.26
0.47
3.01
2.94
3.01
-1.37
-3.13
-0.12
-1.25
-2.89
-2.99
0.45
2.65
-1.9
2.99
0.23
-3.49
1.03
-3.82
1.43
-2.23
-3.49
-2.91
-1.48
-2
3.36
1.01
-2.12
-2.75
-0.97
-1.95
1.3
1.42
3.01
-0.82
-0.42
-2.59
-0.94
2.55
-0.47
-0.69
2.85
-3.59
-1.05
-1.08
2.87
-1.09
-3.35
2.62
3.09
1.01
