-8
1.39
-2.83
-1.21
-2.38
2.81
-0.4
-2.09
3.91
-0.02
-0.55
-3.24
3.24
-0.33
3.68
-1.95
4
-2.56
-0.72
2.2
-1.6
-1.98
-1.86
1
3.72
-3.74
0.51
-2.47
4
-3.22
-3.94
3.89
-1.01
-2.68
-2.6
-0.94
3.85
-0.96
-2.17
-1.77
-2.6
-3.03
0.6
-1.46
0.03
2.6
-1.72
3.51
0.12
-0.84
-1.67
3.41
-3.14
-2.59
-1.54
4
-3.19
-2.6
-2.92
1.23
1.56
2.76
0.49
-3.06
4
-3.97
0.01
-3.03
1.5
-0.94
3.34
-1.79
0.13
-1.88
2.53
0.92
-0.49
1.41
1.81
-3.76
2.27
-3.68
-1.62
3.02
3.17
1.76
-2.49
1.84
-0.05
3.15
3.9
-3.91
-2.05
2.52
2.11
-1.28
2.25
1.24
3.29
-3.54
2.52
-3.43
-1.97
3.74
-0.27
0.18
-0.42
-0.17
1.73
0.59
1.69
-2.35
-1.55
0.67
3.3
3.12
1.71
-1.48
0.98
0.67
-0.22
-0.36
