-2
-2.76
0.99
-1.36
-3.89
3.04
3.65
-0.62
2.58
0.23
2.64
0.43
2.38
0.27
3.62
-1.73
-3.97
3.99
1.62
-3.01
2.36
1.46
2.09
-3.33
-3.57
-3.7
1.72
1.73
-3.36
2.14
0.83
0.62
3.18
2.98
3.3
-3.65
1.18
0.35
-0.48
-2.26
-0.83
1.84
-1.66
2.55
-0.53
-0.94
-0.68
-0.51
-2.97
-3.31
3.17
-2.99
1.45
-3.38
2.29
-1.31
1.15
-1.06
0.83
0.29
-1.02
-1.28
-1.26
0.69
1.33
1
0.97
3.05
-2.48
3.39
2.54
-0.96
2.54
0.07
-0.01
-3.67
0.97
0.8
-3.01
-0.36
1.19
-2.47
-2.36
3.96
-0.68
2.59
2.15
2.75
2.49
2.46
-2.97
2.78
-1.66
3.6
3.82
3.44
0.46
2.81
1.29
0.93
-1.19
0.24
1.79
2.96
-0.98
0.02
2.36
0.84
0.73
1.99
3.94
2.56
3.24
-0.85
0.73
3.26
-3.82
-2.04
1.8
-2.5
-0.41
3.69
