-5
1.22
-0.91
2.06
0.92
1.66
-3.29
-3.68
0.97
-0.21
-3.26
3.57
0.02
-0.29
0.87
-0.22
-3.88
-3.28
0.48
1.12
-3.13
-0.56
-0.29
0.56
-2.42
-0.28
0.47
3.7
-2.58
-2.31
-0.7
2.96
-0.2
3.98
3.56
2.44
2.27
3.33
1.66
-1.2
-0.63
3.84
2.83
2.36
-3.05
-1.19
-1.39
2.08
-3.3
1.44
-2.6
-1.02
2.36
0.58
-2.36
3.38
1.98
-2.61
2.82
0.09
-2.82
-2.98
1.9
-2.45
-3.52
3.7
3.79
-2.81
-2.44
-0.42
0.78
0.18
1.33
3.97
0.97
-1.79
0.61
-3.13
1.64
2.21
-2.89
-2.59
0.45
0.98
2.7
2.99
3.79
-3.49
-0.45
-3.82
-3.55
-2.23
1.11
0.89
-3.89
0.22
-0.96
1.28
0.33
-2.75
3.6
-3.08
1.3
-3.78
3.01
1.22
3.91
1
3.61
1.07
3.75
1.1
3.09
2.26
0.91
-1.21
2.87
-3.08
-1.15
-0.4
0.58
-1.76
