-7
-1.36
3.44
-1
-0.33
-3.57
1.97
0.92
0.48
3.33
-0.74
0.43
2.92
3.7
0.11
-3.2
0.32
-0.94
-4
-1.22
3.13
-0.22
1.06
1.03
-1.09
2.85
0.65
1.13
-2.82
3.85
-1.98
-2.43
-1.84
1.36
2.53
-0.08
-1.75
1.66
0.37
2.41
2.54
-1.32
1.64
3.27
-1.65
-1.52
1.95
2.66
2.88
3.19
1.87
-2.03
1.08
-2.21
2.35
2.2
0.31
-1.6
-3.91
-1.4
0.85
3.14
-0.26
-0.73
0.91
-0.19
-0.86
-0.85
3.74
-3.97
2.56
-2.54
-2.49
-2.55
-0.25
2.23
2.57
-2.83
-1.2
-3.58
1.69
2
-2.07
-3.88
-0.66
-1.91
-0.35
1.29
1.41
0.62
3.62
3.63
-2.17
-2.24
2.75
3.91
2.95
-1.99
-1.64
0.75
3.52
2.39
2.92
0.87
-1.58
1.94
1.46
0.97
-2.81
-3.88
3.64
-2.77
3.72
3.47
-1.67
-0.25
1.21
-0.39
2.37
0.45
-3.85
-0.36
