-7
-2.76
0.99
-2.4
3.84
2.82
-2.07
1.7
-1.6
2.69
-3.44
0.43
-3.55
-2.44
2.15
0.34
-2.43
0.66
1.62
-2.06
-1.6
-3.15
2.2
-3.33
-2.86
-1.61
0.83
0.42
-1.91
-1.54
-2.56
-2.62
-2.63
0.04
-0.16
3.41
-2.59
-2.1
-2.23
0.1
3.26
-3.84
-0.16
2.55
-0.53
0.33
-3.95
0.06
-0.48
-2.94
-0.52
-2.59
-3.34
1.84
1.64
1.39
-0.65
3.44
-3.54
3.85
-2.02
0.21
-1.34
0.26
1.24
1
0.97
-4
-2.48
2.1
3.24
1.21
-3.43
-1.59
0.57
-1.76
-3.64
0.8
0.79
1.91
2.27
-0.1
3.73
-0.46
-3.56
2.81
0.39
-2.67
1.37
2.88
0.26
-2.05
2.25
3.61
3.59
-0.95
3.63
-1.43
-2.43
-0.54
-1.19
-0.79
1.55
1.43
-1
0.02
-3.16
1.92
1.19
1.99
1.47
2.56
-1.93
-0.85
1.14
3.2
0.49
-2.29
-0.46
2.65
-3.94
1.36
