-3
2.89
-3.69
1.55
0.92
1.07
-3.29
-3.68
2.1
2.13
-3.26
3.57
2.22
-0.29
0.87
-0.22
-3.88
2.49
2.03
1.12
-0.57
-1.06
-0.29
0.56
-2.42
2.99
1.93
1.75
-2.29
-2.31
2.6
-2.67
-0.2
3.98
-1.16
2.44
2.27
-2.92
1.66
3.82
-0.07
2.91
-3.43
2.36
1.77
-1.19
-1.39
3.58
-3.3
0.76
-2.6
-1.02
-0.68
0.58
-2.36
-1.17
-3.59
-2.61
2.82
0.09
-0.13
-2.98
1.9
-1.85
-1.81
-3.57
3.79
-2.81
-2.44
-3.36
-3.28
0.18
1.33
3.97
2.94
-1.79
0.61
-3.13
1.64
0.48
1.27
-2.99
-3.45
0.81
2.7
2.99
2.01
-3.49
-3.82
0.72
2.95
-2.23
1.11
-2.91
-3.89
-2.1
-0.96
1.86
2.92
-2.75
3.6
-0.82
-1.06
-3.78
-1.67
1.22
3.91
1
3.61
1.07
-3.54
1.1
-1.62
0.58
0.91
-1.08
0.73
-0.79
-1.15
1.11
0.58
-2.57
