-5
0.8
-3.86
1.26
-3.62
-3.98
1.82
1.72
-1.19
-3.74
-2.45
-1.25
2.47
0.53
0
3.81
-1.48
-3.42
-0.63
-0.01
3.71
2.75
0
-2.27
2.41
0.53
-1.74
-0.95
1.39
-2
-2
-3.01
-3.41
-1.36
-1.91
1.98
-1.52
3.81
2.74
1.05
1.7
-1.67
-2.27
-1.48
-2.15
-3.08
1.96
-1.24
-1.9
-1.17
-3.91
-3.19
2.15
-2.04
-3.62
2.95
0.54
-1.5
-3.68
2.88
0.89
2.39
3.42
2.3
0.32
0.74
1.52
1.68
-0.77
-3.29
-2.26
-3.03
-2.08
-2.06
3.28
0.56
-2.12
3.4
3.92
-3.27
-2.9
-1.3
-3.75
-1.11
-0.99
-3.17
-0.42
2.38
-2.92
-2.45
2.93
0.64
-1.67
2.07
1.14
-1.38
2.26
1.6
0.1
-3.53
-2.05
-3.58
-0.9
-1.47
-2.92
0.8
-2.78
-3.86
-1.42
-1.48
-0.97
-0.93
0.25
0.65
1.81
2.04
-0.76
1.98
1.78
-1.93
-2.84
-3.71
