-3
3.56
0.06
-1.31
-1.37
-1.57
3.76
-1.85
3.91
-3.59
2.29
2.3
3.24
-0.33
3.68
2.77
2.19
-2.56
-0.67
-1.22
3.31
2.65
0.33
1.76
3.72
-2.96
0.51
-1.15
4
1.67
2.02
-2.18
1.74
1.77
1.8
-2.76
-3.35
-2.24
-3.9
3.05
-1.48
1.87
-2.78
1.62
0.03
2.6
-2
3.51
-1.21
1.31
-2.4
-1.69
-3.14
0.45
3.46
-2.41
-3.19
3.81
0.88
3.66
-0.26
2.76
-3.79
0.04
-0.7
-3.97
2.37
-3.58
2.84
0.08
-3.29
-1.79
-2.66
0.24
3.42
2.32
-1.85
-3.2
1.81
-3.76
2.33
-2.42
2.83
3.02
3.17
3.38
-3.15
0.33
0.88
-3.52
1.81
-0.13
1.46
1.5
2.11
2.21
0.08
1.24
-0.14
-3.54
-0.9
-1.04
-2.81
0.39
-0.27
3.44
1.91
-0.17
1.73
2.13
-0.86
-0.6
3.36
-0.06
-2.68
-1.32
-1.37
-0.96
0.98
-3.32
1.22
2.17
