-8
1.71
1.99
-0.2
1.79
-2.53
-2.13
-3.57
-3.98
-2.1
-2.74
1.1
-1.08
-1.11
-2.87
-3.01
-1.72
3.64
-0.32
0.97
1.24
-0.4
0.7
1.66
-1.59
0.24
2.64
-2.91
-1.3
-0.23
0.77
-0.58
0.59
3.24
1.05
-0.32
-1.89
-1.87
0.76
2.42
3.8
-2.67
-3.81
-3.35
-3.37
-0.84
3.88
-3.09
1.09
0.9
1.9
2.86
3.44
-2.54
0.31
0.85
0.22
2.53
3.12
1.27
-1.16
-2.34
3.52
-0.05
1.37
1.32
-3.98
-3.24
3.86
2.12
1.55
0.36
-3.55
-1.18
3.64
-1.23
0.45
3.1
3.45
-1.55
0.59
1.73
-0.56
3.52
3.43
-2.55
0.44
3.98
-2.32
0.17
-2.88
-1.79
-0.2
1.54
1.62
1.61
-2.42
0.11
-3.64
0.26
2.8
-3.93
0.12
2.3
0.43
3.64
-3.79
-1.83
0.39
-1.25
-2.33
-2.54
-1.62
-1.86
0.81
-1.76
-2.5
-4
-3.49
-1.45
3.62
-0.98
