-5
-3.44
-1.76
1.8
-0.84
1.07
-3.76
-2.42
-1.95
-0.21
-2.2
0.88
1.11
-3.91
1.68
-0.96
-3.88
3.61
1.51
-0.48
-3.13
-3.33
-2.05
-2.8
-0.18
-2.98
0.47
3.7
-3.3
-2.31
2.6
1.36
0.6
2.55
2.6
2.44
0.87
-1.21
1.59
-1.2
-0.07
-3.34
2.25
2.36
-3.05
-1.03
-1.39
-0.15
-3.3
-3.51
-3.32
-3.95
2.62
-2.73
-1.93
3.38
1.58
-3.86
1.49
0.17
-1.24
-1.97
-3.99
-2.15
3.92
-1.6
1.42
-2.81
-2.44
2.6
0.78
-3.26
0.47
3.01
-0.95
3.83
-1.37
2.89
-0.12
-1.33
-3.26
-2.99
0.79
2.65
-0.43
1.08
2.01
-3.49
-0.12
-1.2
-2.09
-2.23
-3.74
-1.68
-1.48
-3.4
3.36
1.01
-2.12
-2.75
2.06
2.23
3.25
1.42
-1.68
-0.82
-0.42
2.39
-0.94
-3.67
-0.47
-0.69
-3.27
-3.59
-3.11
-1.08
-3.32
-0.79
-1.83
2.62
0.58
1.01
