-6
-1.09
0.06
-1.31
-1.37
3.93
3.76
-2.09
3.34
-3.59
3.9
2.3
2.73
-2.72
3.68
2.77
4
-0.12
-0.67
2.2
3.31
-1.98
-3.55
1
1.12
-3.74
1.67
-1.92
4
-1.7
2.02
-1.6
1.74
-2.61
1.8
-1.17
-3.35
-0.92
-1.23
3.05
-0.58
1.87
0.6
-3.95
0.16
3.37
0.54
3.51
0.12
-0.84
-2.4
3.41
0.92
2.99
-2.5
4
-1.57
3.81
-3.4
1.23
1.56
2.76
-3.79
-1.56
-0.7
-2.31
0.01
-3.03
2.67
-0.94
-0.49
0.66
3.75
1.47
-0.32
2.32
-1.85
-3.2
1.81
-3.76
1.38
-3.68
2.83
3.02
3.17
1.85
-1.68
-3.75
1.31
3.15
3.9
-3.15
2.23
0.38
-2.39
-1.28
1.15
-3.15
0.87
2.71
2.52
3.25
-2.81
1.57
-1.62
3.44
-2.31
-0.17
1.73
2.13
1.69
-0.6
1.05
2.85
1.09
-0.58
-3.18
-1.48
0.98
0.67
-0.22
2.17
