0
-1.28
0.45
-2.79
-2.37
-1.65
-0.42
1.76
-0.56
-2.2
1.22
0.31
-0.16
-3.59
-2.82
-1.75
0.09
0.92
0.77
1.69
-1.69
-2.53
0.36
-2.6
1.23
2.48
2.36
-1.28
3.62
3.07
-1
-0.85
-3.54
-2.9
-0.95
-0.2
0.37
-1.42
-3.03
-2.17
-2.12
-3.94
-0.41
3.79
-0.38
1.05
-1.37
-1.41
2.1
-0.66
1.15
2.84
3.07
1.96
-1.94
3.47
0.87
2.69
3.92
1.72
0.27
-1.47
-2.33
0.84
-0.75
-2.08
2.12
-3.39
2.59
-0.84
-1.14
2.65
1.89
3.34
-0.1
-0.23
-0.23
-2.72
3.45
-3.42
-0.73
-0.17
-3.04
2.8
2.04
-3.57
-1.19
-0.86
1.38
2.65
1.8
-3.83
1.52
-1.41
-1.39
-1.97
2.13
3.26
-2.77
1.35
3.92
-2.01
0.16
-1.13
1.15
-3.48
-3.14
-3.17
-0.35
1.04
2.52
2.44
1.78
0.48
0.93
-3.32
0.49
1.61
-3.15
2.05
3.62
3.76
