-8
0.01
1.99
-2.16
-2.3
-2.53
-1.29
-3.57
-3.98
-3.15
-2.74
1.1
-2.32
-1.11
-0.25
-1.52
-1.72
3.64
-0.32
-1.48
1.24
-0.4
0.7
1.66
-1.24
0.24
1.03
-2.91
-1.3
-0.23
0.77
-0.58
-1.11
3.24
1.05
-0.32
2.11
-3.42
0.76
2.42
3.8
-2.67
3.47
-3.35
0.16
-0.84
3.88
-3.09
-1.31
-0.51
1.9
2.86
2.99
-2.54
0.31
0.85
0.22
2.53
3.12
1.27
0.05
-0.58
3.52
-0.05
1.37
1.32
-1.01
-0.49
3.86
2.12
-3.64
0.36
0.17
-1.18
3.64
-1.23
0.45
-3.07
3.45
-1.55
0.59
1.73
-0.56
3.52
-3.36
-2.55
0.44
3.98
-2.32
0.17
-2.88
-1.79
-3.12
1.54
1.62
1.61
-2.42
0.11
-3.64
0.26
2.39
-3.93
0.12
2.3
3
3.64
2.58
-1.83
0.39
2.06
-2.33
-2.54
-1.62
-1.86
0.81
-1.76
1.86
2.07
-3.49
-1.45
3.62
-0.98
