-3
-1.23
0.45
-2.79
-2.37
-0.17
-0.42
-3.04
-1.36
-2.2
3.34
0.31
1.35
-3.59
-2.82
-2.63
0.09
0.19
2.37
1.69
2.52
-2.53
-0.62
-2.6
-2.55
2.48
-3.13
-1.28
3.62
3.07
-1
-0.85
0.42
-1.44
-0.95
-0.2
0.37
-1.42
-3.03
2.48
-1.59
-0.65
-0.1
3.79
2.12
1.16
-1.37
-3.41
1.59
-0.66
1.15
-0.21
3.56
1.96
-1.94
3.17
0.87
2.69
3.92
1.72
-1.02
-1.47
-2.33
0.84
0.54
-2.08
1.54
-3.39
-1.15
1.3
-1.14
-0.99
1.89
0.02
-0.1
-0.23
0.14
-2.72
-2.91
1.68
-0.73
-0.17
1.97
-3.44
2.04
-3.57
0.47
-0.86
1.38
0.87
3.34
-3.83
1.41
-1.41
-2.69
-1.97
-0.87
3.26
-0.76
1.35
3.92
-0.89
0.16
-3.95
1.15
0.01
-0.79
-0.38
-0.35
1.04
2.52
2.44
1.83
0.48
0.93
-3.32
0.49
1.61
-3.15
2.05
0.31
3.76
