-5
-1.79
3.29
1.26
-3.62
-2.46
-2.1
-3.04
2.68
-1.44
1.77
-1.89
2.47
0.53
0.69
1.99
-3.53
-2.85
-1.44
-1.13
3.71
2.75
2.11
1.69
-0.17
-2.57
3.22
0.46
0.07
-3.25
3.52
2.41
-1.71
-2.84
-2.34
-1.08
-1.52
2.06
3.24
-0.76
1.7
-1.67
0.1
-0.88
1.06
-3.08
-0.45
1.94
1.38
3.57
2.02
-3.19
-3.17
1.89
3.08
-1.85
-2.28
3.57
2.17
-1.98
-0.06
0.21
-2.84
-2.2
2.53
2.29
1.85
-1.9
1.68
-3.72
-1.04
-2.2
1.84
-2.5
-0.03
2.22
1.41
3.84
-1.24
0.33
1.88
-0.44
-3.77
-3.18
2.25
-3.17
3.47
-2.96
-0.79
-1.61
0.26
0.64
-3.05
2.07
0.54
2.66
2.26
1.6
2.2
-1.75
0.81
-1.86
-0.9
-1.47
-2.92
2.42
-1.98
2.82
-3.37
2.43
-0.97
-0.93
0.57
3.25
-1.47
0.28
2.12
1.98
-1.06
1.28
2.84
-2.25
