-8
-1.28
-1.16
-2.79
-2.37
-1.65
-0.42
-3.04
1.95
-2.2
1.22
0.31
-0.16
-3.59
-0.75
-1.75
0.09
0.92
-2.62
1.69
-1.69
-2.53
-2.77
1.81
2.36
2.48
2.36
-1.28
3.74
-2.19
-1
-0.85
-3.54
-0.93
-0.95
-0.2
0.37
-1.42
1.11
-3.58
-1.59
-1.3
-0.41
1.05
-0.38
1.05
-1.37
-1.41
2.1
-0.66
1.15
-0.21
1.75
1.96
-1.94
1.39
-1.44
2.69
3.92
-2.51
0.27
-1.47
-2.33
0.84
-0.75
-2.08
1.54
-3.39
-1.15
-0.84
-1.14
2.65
1.89
3.34
1.07
-0.23
-0.23
2.44
-2.91
1.68
-0.73
-0.17
-3.04
2.8
2.04
-3.57
0.47
-0.86
1.38
1.7
-0.3
-3.83
1.52
-1.28
-1.39
-1.97
-0.87
3.26
-0.76
1.35
3.92
-2.01
0.16
-1.13
1.15
0.06
-3.14
-0.38
-0.35
1.04
2.52
2.44
1.78
0.48
0.93
-3.32
0.49
-2.87
-3.15
2.05
3.62
3.76
