-10
-1.36
3.44
-1
0.02
-3.57
1.97
0.09
0.48
-2.37
-0.74
0.43
2.92
-3.84
2.08
0
-0.12
-0.94
1.91
-3.63
3.13
-0.22
1.06
3.8
-1.09
2.85
-1.67
2.58
-3.57
3.08
-1.98
-1.38
3.86
-0.68
-1.43
1.51
-2.59
1.66
0.37
1.94
2.9
-1.32
1.64
3.27
-1.65
-1.52
1.95
2.66
2.88
-1.67
3.43
-2.03
1.08
2.81
2.35
3.64
0.31
0.98
-3.91
-1.4
0.85
3.32
-3.79
-0.73
0.91
1.39
-0.86
-2.63
3.74
-3.44
-3.54
3.76
0.15
-2.55
-0.25
2.23
2.57
-2.83
-1.43
-2.94
1.69
2.51
-2.2
-1.05
1.07
-1.91
-0.35
0.04
1.41
-1.45
-3.67
-2
-2.17
-3.72
0.16
3.91
2.95
3.14
-1.32
-2.11
3.52
1.62
2.92
2.75
-2.28
2.47
-2.46
3.23
0.4
-3.88
3.25
0.22
-1.6
1.96
0.68
-0.25
1.21
0.25
1.46
0.45
-3.58
-0.36
