0
-1.28
-2
-1.71
3.41
0.68
3.28
-3.04
-0.56
-2.47
-1.02
2.58
1.35
-3.59
-0.75
3.24
2.52
0.92
2.37
1.69
3.5
2.62
0.51
1.81
0.56
-2.7
-3.13
-0.14
3.62
2.61
-1
-0.85
0.52
2.05
3.94
-2.37
0.37
2.26
-3.03
-2.39
-1.29
2.68
-2.2
3.79
0.72
1.1
-1.37
-3.41
1.59
-0.66
-1.11
0.46
1.5
3.8
-1.94
-3.74
-2.46
-3.2
-0.76
-2.51
3.02
0.84
1.05
1.03
-3.29
2.94
2.12
-3.09
2.21
-0.23
-1.14
-3.97
2.57
3.34
1.07
1.18
-1.47
0.82
-0.94
3.41
3.23
-3.72
1.41
-3.98
-1.68
-3.57
-3.53
0.63
3.15
0.87
-0.04
-0.29
1.52
3.02
-2.69
3.65
-2.95
-1.89
-0.76
-1.21
-3.84
-0.09
2.19
-1.89
-0.31
0.01
-2.25
-0.38
-1.78
0.96
-3.06
-1.68
-0.89
-2.77
-1.17
3.23
-2.07
0.49
3.43
2.05
-3.5
-2.14
