-5
0.8
-3.86
1.26
-3.62
-2.94
1.82
1.72
2.33
-3.08
3.33
-1.25
2.47
0.06
0.69
3.81
-1.48
-3.42
-1.44
-1.13
-0.14
-0.11
-3.62
-3.47
-0.17
0.53
-1.74
-0.19
-3.92
-2
-2
3.7
-3.41
-1.36
-2.34
0.4
-1.52
2.06
2.74
1.05
3.6
0.77
-2.27
2.62
1.22
-1.92
-0.45
-2.04
-1.9
1.2
-3.91
3.77
2.15
-2.14
3.08
2.95
-2.28
3.57
-2.93
-1.98
0.89
-2.91
3.4
-0.38
0.32
3.21
-1.25
1.68
-3.63
-3.72
-1.93
1.7
-0.72
-1.63
-0.03
-1.66
3.46
-2.33
-3.95
-3.27
-1.89
3.28
2.44
-1.11
-0.99
1.62
-1.15
-2.51
-1.75
-2.45
0.56
1.1
1.11
2.07
1.14
-1.38
-1.08
1.6
0.1
-1.75
0.81
-3.58
-3.68
1.33
0.56
1.48
-1.65
2.87
3.61
-1.48
-3.35
-0.14
0.25
-1.48
3.28
2.04
2.12
1.62
0.45
0.44
-2.84
1.45
