-3
-3.24
-3.69
-2.81
0.92
1.66
-3.29
-2.42
0.97
2.13
2.73
-1.98
2.22
-0.29
0.87
-3.05
-3.88
-3.28
0.48
1.12
1.39
-0.56
-0.29
-2.8
-2.42
-2.98
1.93
3.89
-2.3
1.44
2.6
2.96
3.25
2.55
3.56
2.44
2.27
-2.67
0.88
-1.2
-0.63
3.84
2.25
2.36
1.77
-1.19
-1.39
-3.82
-3.3
1.44
-3.32
-3.95
2.36
0.58
-2.36
3.38
1.98
-2.61
-2.94
0.17
-2.82
-1.97
1.9
1.97
-1.81
-1.6
1.42
3.67
-2.44
2.6
-3.28
0.18
-2.39
-1.2
2.94
3.83
-1.63
-3.13
1.64
2.21
1.27
-2.99
0.79
0.81
-0.43
2.99
3.79
2.93
-3.82
-3.82
-3.55
-2.23
-3.74
0.89
-2.57
0.22
-0.96
-1.69
2.92
-2.75
3.6
-0.82
1.3
-1.61
3.01
2.33
3.91
-3.58
2.5
-3.67
-3.54
-0.69
3.09
2.26
1.6
-3.39
-3.69
-3.08
-2.22
1.11
2.12
2.39
