-1
3.41
-3.42
-3.33
1.79
-3.8
-1.29
-2.79
-2.95
3.05
-1.43
1.1
-2.32
-0.87
3.83
1.54
-1.72
2.61
2.4
2.09
0.1
3.51
-3.68
1.66
-1.59
2.72
2.64
-2.04
-1.3
-0.67
-0.35
-1.33
0.59
-0.66
1.05
-0.83
2.11
-3.42
-1.56
1.04
1.87
-2.67
-3.81
-0.56
-3.37
-2.24
-2.64
-0.45
1.09
0.9
1.9
-3.02
3.44
-2.54
-1.81
-3.55
2.72
-1.12
3.12
1.27
-3.2
-0.58
1.89
-0.05
-2.25
0.8
-3.98
-3.24
1.84
0.66
-2.22
1.13
0.17
-1.55
3.95
-1.23
1.84
0.88
-2.5
3.26
0.59
1.73
3.37
3.52
1.91
-2.55
0.44
-0.74
-3.64
0.17
-3.21
3.16
-0.2
-3.9
1.62
-0.61
-0.76
0.68
-3.64
-2.32
2.8
3.97
-2.4
2.3
0.43
-3.23
-3.39
-0.63
0.39
-1.06
0.31
-2.54
-1.62
-1.86
0.81
-2.94
-3.11
-4
3.75
-3.71
-1.17
-0.2
