-5
0.84
-3.69
1.8
-0.84
1.07
-3.76
0.95
-1.95
2.43
3.61
0.88
1.11
0.48
1.68
2.14
-2.68
3.61
0.48
-0.48
-1.46
3.66
-0.29
1.33
-0.18
2.99
0.47
3.7
0.97
0.25
3.46
-3.01
0.6
2.55
2.6
2.44
0.87
-1.21
1.66
-1.2
-0.07
-3.34
3.71
-0.19
-2.55
3.78
-2.74
3.18
-3.59
-3.51
-1.76
-2.49
-0.68
-2.73
-1.93
3.38
1.58
-1.28
2.82
0.17
-1.24
-2.84
0.68
-2.15
3.92
-1.6
3.79
2
-2.44
3.01
-2.25
-3.26
0.47
3.01
-0.95
3.83
-1.37
-2.14
-0.12
2.21
-3.26
-2.59
0.45
-2.36
3.52
1.08
2.01
-0.68
-0.45
-1.54
1.43
-2.23
-3.49
-1.68
-1.48
-2.1
3.36
1.01
-2.38
-2.75
-1.65
-1.95
-1.06
-1.61
2.69
-0.82
-1.84
2.39
-0.94
2.55
-1.77
-0.69
2.85
-3.59
1.6
-1.01
2.87
-1.09
-2.29
2.62
-1.6
2.49
