-8
3.93
1.99
-2.16
1.79
-2.53
-1.29
-3.57
0.78
-3.15
2.42
-3.92
-2.32
-1.11
-0.55
1.54
-3.92
3.64
-2.05
2.09
1.24
-0.4
-1.71
0.48
-1.24
0.24
1.03
-2.91
-1.3
-0.67
-2.33
-0.58
-1.11
-0.12
1.05
-0.32
2.11
-1.87
-3.89
2.42
3.8
1.67
-3.81
-3.35
-1.61
-0.84
3.88
3.45
-1.31
0.9
1.9
2.86
2.99
-2.54
-1.81
-1.23
-2.86
2.53
0.78
1.31
-1.16
-0.58
3.52
-2.37
3.68
3.9
0.36
-0.49
3.86
-0.09
-3.64
1.13
0.17
2.46
3.64
-1.23
0.45
-3.07
-0.78
-1.55
-0.21
0.48
-0.56
3.52
-3.36
-2.55
0.44
3.98
2.87
-3.93
-2.88
-1.79
-3.12
-0.71
1.62
1.61
-2.42
-2.02
-3.03
0.26
2.39
0.18
0.12
2.98
3
-3.23
2.58
-1.83
0.39
-1.25
1.44
-2.54
1.19
-1.86
0.81
-2.94
1.86
-4
-3.49
3
3.62
0.24
