-6
1.39
0.06
-1.31
-2.38
3.93
-1.79
-2.09
3.91
-0.02
-0.55
2.3
3.24
-2.72
2.05
1.36
4
-0.12
-0.72
2.2
3.31
2.23
-3.55
-3.33
1.06
0.28
0.51
-2.47
-3.93
-3.22
-3.17
0.74
-1.01
0.76
2.23
-0.94
-3.35
-0.92
-1.23
-1.77
-2.6
1.87
0.6
0.47
-0.92
3.37
0.54
3.51
0.12
1.31
-1.19
3.41
0.92
1.92
-1.54
4
-1.57
-2.63
-2.92
1.23
-2.86
2.76
-2.16
3.54
4
-3.97
0.01
-3.03
-3.4
-1.02
-0.49
-1.79
3.75
1.47
2.53
0.92
-1.85
0.2
1.81
-3.76
2.33
-1.98
2.83
3.02
0.31
-0.78
-1.68
-3.75
1.74
-0.21
2.79
2.77
2.23
0.38
-2.39
-1.28
-0.9
-3.15
0.87
-2.07
2.52
-2.39
-2.81
3.35
1.1
0.18
-0.42
-0.17
-0.11
-2.67
3.44
-3.67
1.05
3.58
3.3
3.12
-3.18
-1.48
0.98
0.67
-0.22
-0.36
