-2
-1.36
-3.4
-1
2.31
-0.23
1.97
0.09
2.67
-3.66
-0.74
0.38
2.92
-3.84
2.44
2.25
-0.12
1.87
-4
-3.63
3.25
-1.02
3.97
-0.37
-3.44
-1.31
-1.67
-2.85
-2.82
-3.38
3.57
-3.71
1.7
-0.68
-2.62
1.51
-1.75
1.66
0.87
1.94
2.97
-1.82
-2.48
-3.38
-1.65
-3.81
1.95
3.43
1.91
-2.95
-2.51
2.53
-1.53
-3.28
-2.82
0.05
-0.18
-1.6
-3.91
-3.98
-1.61
3.32
-1.84
3
-0.9
-1.8
-1.06
0.96
3.74
-3.97
0.26
-2.54
-0.21
-3.2
1.41
3.61
-3.56
3.13
-1.67
-2.99
3.45
0.05
-2.2
-3.88
1.07
0.91
1.32
1.29
3.23
1.55
3.39
1.7
3.84
-0.42
3.04
-0.82
-3.86
3.14
1.3
-1.81
-0.74
-2.25
-0.95
3.27
-1.58
-3.48
2.51
-2.51
-1.43
0.25
-3.57
1.79
-1.6
-2.09
0.68
-1.76
-2.93
2.55
0.28
1.16
-2.7
-2.22
