-10
-2.76
1.71
-1.38
-3.89
3.04
3.17
0.56
-1.6
0.23
-0.92
-3.52
2.38
0.62
3.62
-1.73
-3.97
0.66
3.29
-2.06
-1.6
1.46
2.09
-3.33
-2.26
1.18
1.72
0.56
-0.34
2.62
2.37
-2.94
3.18
2.98
-3.63
-3.65
-2.59
0.35
-1.01
-2.26
-0.83
3.85
-1.66
-1.68
-0.53
0.33
-0.68
-1.92
-2.97
-2.94
-1.55
2.14
-1.59
1.84
1.64
-1.31
-2.42
2.93
1.73
0.29
-1.02
3.99
-1.26
-2.88
1.33
3.6
-0.69
-0.54
-2.48
-1.01
2.54
-0.96
2.54
-1.59
1.2
2.43
-0.89
0.17
-3.01
-0.36
1.19
-0.26
-2.36
-0.46
-0.68
3.03
2.15
1.96
1.37
2.46
-2.97
-2.05
-1.64
1.63
3.82
3.44
1.11
-1.43
1.37
0.93
-1.22
-0.79
-0.72
0.45
-0.98
2.31
1.47
0.84
0.73
1.99
3.94
3.19
-1.35
0.63
3.04
3.44
0.49
1.79
1.8
-2.5
-2.38
3.69
