-2
1.39
0.06
-0.73
-1.37
0.52
-0.4
1.43
-3.14
-1.88
3.9
-2.6
2.73
3.31
3.68
0.05
4
-0.12
-0.67
-3.62
3.31
3.95
0.09
-3.33
-2.48
-3.74
-1.64
-0.88
-1.35
-3.05
-3.24
-3.2
-3.62
0.81
1.8
-0.94
-1.29
-3.41
-0.22
1.87
-2.6
3.92
0.6
0.47
-0.92
2.6
0.54
1.3
0.02
3.42
-2.4
3.81
0.92
1.92
-2.73
4
-1.57
-1.92
3.46
-2.92
-2.86
-0.56
-3.79
-1.56
-0.7
-3.97
0.01
1.34
2.67
-1.02
-0.49
-2.53
1.34
-1.88
2.53
2.32
-1.38
-3.2
1.81
1.57
2.23
-2.42
0.63
3.02
-1.29
-0.78
-1.68
3.36
-0.05
-1.51
-2.41
-2.9
4
-0.23
-3.27
-1.31
-2.22
3.9
0.87
-3.54
1.04
-1.17
-2.81
3.35
-3.29
1.91
-0.42
-0.17
-0.11
-1.3
2.53
-3.17
-2.19
3.87
-2.47
-3.59
-3.18
-3.03
-4
0.67
-1.47
-3.44
