-1
-3.22
0.45
-2.79
-2.39
-1.65
-0.42
1.33
-0.56
-2.2
1.22
0.31
-3.04
-3.59
3.37
-1.75
0.09
0.92
-2.62
1.69
-1.69
-1.17
0.36
3.2
2.36
2.48
2.36
3.28
3.58
2.55
-1
2.13
-0.24
-2.69
-0.95
2.51
2.74
-1.78
-1.99
0.49
-2.12
-2.87
-0.41
1.05
-0.38
1.05
-0.48
-1.41
2.1
1.37
-1.83
-2
2.01
-1.32
-0.58
2.66
0.87
2.69
2.97
-2.88
-2.08
-1.47
-1.43
3.79
-0.75
-2.08
0.71
-3.39
-1.6
1.3
0.29
-0.75
1.89
3.34
1.95
-0.23
-0.23
1.2
-2.91
-1.24
-1.07
-0.17
-3.04
2.8
0.78
-3.57
0.2
-0.86
3.45
-1.95
2.93
-3.83
1.52
-3.08
1.76
-1.66
-3.89
3.26
3.29
1.35
0.5
1.28
0.16
-1.13
1.15
-3.48
-1.22
-1.73
-0.62
0.64
3.94
-0.91
1.78
1.82
0.93
-3.03
0.49
1.61
-3.15
3.93
1.92
-3.89
