-5
1.96
3.98
-2.1
-3.77
3.76
3.99
-2.27
-1.37
-2.47
2.74
2.2
-3.1
-0.88
2.1
-2.27
0.72
3.7
3.64
-2.27
3.67
0.4
-2.17
-1.09
-2.61
1.63
-0.49
1.46
-2.66
0.86
3.87
1.54
-1.17
0.4
3.68
0.07
0.84
-1.05
-1.3
1.27
2.51
-2.23
-3.81
-1.1
-0.21
3.08
-2.72
-2.09
-1.72
0.21
-3.7
-1.84
-2.7
2.11
-1.36
3.28
0.13
1.06
-3.49
-1.39
0.25
-1.48
-3.62
1.78
-2.33
-2.81
-0.63
0.51
-0.56
-1.98
0.9
-2.23
1
-1.64
-0.77
1.89
0.2
2.93
3.13
-1.69
0.35
-2.41
-0.82
1.14
0.56
1.71
0.24
0.72
-2.25
-3.6
3.95
3.78
-1.56
-3.91
-2.98
-0.02
-2.62
-1.58
-2.77
-1.41
-0.29
0.78
2.47
-3.75
3.31
2.53
1.17
2.94
-1.12
0.76
-0.93
1.21
1.94
2.2
2.27
-1.35
3.35
-0.75
-2.79
-0.04
0.96
2.65
-1.25
-0.96
-1.93
1.13
3.33
0.91
-2.66
3.26
0.51
-2.22
1.69
0.53
2.6
3.58
-0.88
-1.08
1.83
2.03
-3.47
1.3
-2.16
1
1.33
-1.26
-2.16
0.24
-2.17
2.37
0.64
2.13
-2.8
1.27
1.63
1.07
-1.98
-0.57
2.19
-1.82
3.21
-3.75
1.6
-0.38
-3.75
-2.71
3.52
-2.6
3.61
2.7
3.53
0.42
1.43
-0.81
-0.58
3.66
0.8
1.76
1.71
3.34
-0.71
-0.91
-0.92
-1.03
-1.38
2.38
-3.43
-3.59
2.9
-2.47
1.55
3.7
0.74
-0.36
2.83
-3.72
3.71
2.22
0.75
0.04
-0.77
-3.57
0.64
-0.87
2.85
-3.79
-3.3
2.02
-2.16
1.98
-3.74
0.26
1.72
2.86
2.9
0.11
1.18
-1.38
-3
-2.13
-3.29
3.1
-1.49
2.07
-2.86
3.84
3.69
-2.22
0.36
-0.86
3.96
2.58
-2.99
-2.33
0.1
-1.15
2.46
3.95
0.13
-1.6
1.68
-1.44
2.58
-3.08
-2.74
-2.71
-2.03
1.89
0.75
-1.29
-0.9
1.08
1.22
-1.13
-0.67
0.14
1.92
2.57
-2.01
3.01
-3.47
2.92
-2.35
2.71
2.02
-2.32
-0.75
0.05
-1.25
0.04
1.66
1.23
2.5
2.6
0.2
2.15
-3.48
-2.42
0.81
3.86
1.86
-2.21
1.04
-2.36
-3.97
-1.13
-2.64
2.15
2.35
3.97
0.94
3.89
1.95
1.12
-2.13
2.76
-3.1
3.87
-1.1
3.58
2.05
1.93
-0.86
-3.3
1.06
1.87
2.58
2.62
2.67
1.18
-0.39
0.33
-2.25
-1.86
-2.85
2.74
-2.13
-3.99
2.67
-0.85
-3.68
1.1
1.7
-1.22
3.11
1.77
3.29
-2.62
0.73
1.45
1.25
-3.35
2.69
1.24
-2.19
3.93
2.66
0.34
0.58
-1.84
0.3
-1.25
3.48
-2.83
0.35
-3.4
2.14
-0.19
-0.03
-0.87
0.89
-3.11
-2.8
3.76
3.26
-3.06
-3.77
-3.65
-2.4
3.3
2.59
1.2
-2.12
-2.78
3.93
-1.04
1.65
0.52
-3.67
-2.78
-3.92
1.53
-0.57
0.5
2.86
1.57
1.63
0.53
2.43
2.51
3.64
-0.53
1.41
-2.41
-3.45
0.36
3.45
2.93
1.99
-3.14
3.7
2.3
-1.26
1.29
-0.42
3.1
-3.14
2.26
-2.76
-2.61
-1.05
-2.39
-0.53
-1.25
-0.95
3.36
1.46
0.7
-3.1
-2.32
-0.69
-0.29
-2.08
-0.91
3.67
-0.89
3.79
-3.72
-3.34
-0.43
-0.49
2.72
2.54
3.47
-2.48
-2.22
-1.21
2.14
-3.08
3.76
0.71
3.38
-0.72
1.04
-0.45
2.02
-4
-1.34
2.55
-2.8
2.9
-1.25
2.03
0.3
1.55
-0.01
0.37
3.65
1.63
-3.54
3.31
-3.43
1.59
1.68
1.88
0.23
-0.92
0.01
-2.78
-2.73
0.56
3.33
-0.22
-2.86
0.98
-0.06
-3.57
0.89
3.55
-2.36
-0.89
1.12
-2.26
3.47
0.67
-3.24
-3.31
-1.77
-2.09
1.54
1.41
-0.86
-3.49
-3.55
-3.56
0.13
-2.22
1.6
3.17
3.32
-1.07
-0.01
-2.56
1.28
0.64
3.57
2.97
0.88
3.33
-2.39
-0.44
3.49
-3.9
-0.02
1.36
-1.81
2.84
2.13
-3
1.11
-0.46
-3.15
-1.91
-0.31
-0.14
-2.59
2.82
-0.67
-3.3
-3.15
-1.84
-1.17
1.73
-3.78
2.72
3.12
-0.32
0.47
-1.18
1.1
-2.2
-0.19
-1.1
-3.7
-2.02
1.92
-0.96
0.53
-0.9
2.26
1.29
-0.34
0.59
-1.95
-0.22
-1.92
-2.11
1.76
-2.59
-0.78
-3.25
-0.37
0.18
2.48
3.45
-3.28
-2.24
3.88
1.27
2.24
2.51
-1.63
-0.7
-0.09
-0.69
3.73
1.95
-2.21
-2.3
1.94
2.38
-1.72
-3.77
-1.56
-0.44
2.5
2.25
-0.33
0.44
0.63
1.23
1.92
-0.95
3.6
0.34
2.17
3.64
0.43
-3.15
-2.75
0.16
-0.83
3.27
0.87
3.75
-1.08
-3.64
-3.32
2.75
0.06
0.13
-3.91
0.05
-0.53
0.85
2.48
-0.6
-2.27
-1.08
-3.05
-1.52
2.09
-0.57
-3.37
-3
-3.42
3.32
-0.3
3.57
1.14
-3.92
-2.48
-3.06
-3.55
-2.22
-0.8
-0.99
-0.63
-1.31
-3.37
2.14
1.56
0.93
-3.62
-3.51
1.13
-2.13
3.59
-1.25
1.87
-1.23
1.9
-2.49
3.91
2.78
2.07
3.74
2.63
-0.14
3.17
-0.39
0.66
-2.88
-2.4
-0.03
-1.39
3.16
-0.4
-2.31
-2.35
-0.53
-3.97
3.05
-1.72
-1.19
0.92
-2.84
-0.96
-3.87
-0.12
2.72
3.74
-3.05
-2.3
-1.64
-1.81
-4
-2.96
-2.33
-0.29
-0.53
0.38
3.52
-0.47
1.02
-2.53
0.44
-0.68
0.41
1.89
1.97
2.28
1.89
-2.9
-1.6
-1.26
2.86
3.23
1.09
-2.14
0.91
0.69
2.49
3.98
-3.56
-0.12
-0.29
3.43
3.25
-2.22
-1.4
2.12
-2.08
1.99
2.18
3.09
-3.49
-0.48
1.27
-2.67
-3.53
1.84
2.63
-1.75
1.91
-3.56
-2.16
3.85
3.3
3.63
-0.67
-3.22
-0.05
3.82
2.8
2.78
1.9
3.54
-0.91
-2.86
1.77
1.02
0.08
-1.37
-0.72
3.86
0.35
3.91
-1.08
-0.69
-1.78
-0.67
-2.04
-0.25
-2.61
3.07
2.06
0.24
-1.94
4
-1.97
-0.14
-3.88
3.62
2.45
-2.18
-1.84
-1.89
3.19
3.41
-2.81
-3.02
-3.58
0.12
-0.43
-0.55
-2.24
0
2.98
2.06
0.09
-2.06
0.93
-0.01
1.4
-4
2.83
-3.81
2.42
3.73
-3.29
-2.35
1.48
-0.91
3.11
-2.09
0.9
0.46
0.18
-2.54
1.69
-1.76
-3.28
-0.49
-1.88
-2.76
-1.1
1.84
-3.82
1.94
1.31
-1.94
1.26
0
-0.1
-3.91
2.93
0.14
-1.79
2.45
-1.01
-2.03
-0.31
3.46
2.7
3.54
-0.5
1.34
1.01
-2.35
2.56
1.3
3.83
1.51
-3.63
-2.15
-2.78
-2.58
-2.14
0.16
1.1
-3.01
-4
-3.52
-1.58
2.66
0.39
-2.53
3.19
3.02
-1.02
-3.24
-1.75
1.73
2.47
-0.28
2.56
-2.74
0.82
-1.41
1.74
1.57
-3.18
2.53
3.39
-3.99
-1.77
3.76
-0.37
-1.95
2.88
1.51
-1.73
2.06
-2.65
-2
-2.04
-0.8
1.04
-3.97
-0.86
-1.97
2.16
2
2.68
1.8
-0.95
-1.91
3.05
0.66
-0.71
3.96
0.6
3.27
2.42
3.53
-3.84
-2.53
-2.9
-1.59
0.42
0.64
1.85
1.13
-3.86
1.47
2.49
0.19
0.38
0.47
-2.24
-0.65
0.23
0.78
3.46
-0.29
3.42
-1.17
3.86
-2.42
0.97
-3.86
-3.29
2.98
2.77
2.92
-3.1
-0.99
3.64
-2.18
-2.17
-3.52
-1.9
-1.38
-0.38
2.5
0.19
-2.98
1.85
-2.8
3.31
2.86
1.71
-1.43
-1.1
3.94
-0.28
3.83
3.82
-1.29
-3.89
1.34
-2.38
3.52
1.45
0.27
-0.07
2.87
2.37
-2.78
0.57
-0.52
0.56
-1.45
-1.37
-2.73
-2.75
-2.4
-2.84
-3.05
3.53
2.39
0.98
2.65
-1.72
2.11
-1.57
2.14
0.08
2.83
-0.81
-2.92
-0.81
0.93
-2.29
0.5
2.86
-1.41
1.18
3.35
-1.44
1.32
-1.34
0.63
0.64
-0.17
-1.7
-0.84
3.95
-2.38
2.68
-1.89
2.67
2.87
-0.82
-2.27
-3.64
-1.03
1.24
3.34
-2.17
1.8
-1.21
3.54
2.03
-0.51
-3.72
3.63
-3.17
2.13
-1.59
2.67
0.43
-2.19
2.39
-1.79
-0.28
-3.65
-1.99
2.45
-0.19
3.28
2.19
-1.55
-3.86
-2.92
-1.59
0.33
-2.26
3.99
0.14
-0.11
1.35
1.85
1.52
0.77
-1.48
-0.87
2.6
-2.85
-0.46
-1.33
-1.68
-2.19
3.21
-3.99
1.69
0.86
-3.53
-3.03
2.01
-4
-3.04
2.79
-0.47
-1.44
3.61
-3.67
3.39
0.95
-2.93
-0.04
1.88
-3.15
-2.01
2.53
-2.69
2.58
0.29
-2.39
3.69
-3.41
-2.25
-3.15
-1.1
-2.87
0.95
0.38
-0.76
-3.87
-0.61
1.56
-0.15
-3.23
-2.03
0.13
-1.08
2.57
-1.68
-1.04
1.17
-1.82
-0.26
-2.36
-3.92
3.59
0.8
-2.53
3.83
-3.32
2.7
3.12
-3.44
2.86
-2.72
1.42
2.26
-3.89
-0.12
-1.61
1.61
-0.77
1.09
3.26
-2.44
-0.49
-3.9
1.11
2.88
1.86
-0.4
-1.25
0.26
-2.67
0.45
1.5
0.85
-3.89
-3.23
-0.69
0.34
-0.52
0.55
-1.44
-2.57
0.27
1
1
3.49
0.56
1.88
-1.19
-1.32
3.93
1.35
-2.07
1.1
0.49
-3.93
0.57
3.49
3.7
-1.41
-2.03
1.08
-0.05
-1.15
3.23
-1.6
-0.21
-3.44
2.14
3.34
-3.44
2.06
-1.88
2.68
-1.47
1.82
1.29
2.51
-0.89
1.62
-1.68
3.98
-3.21
-3.94
0.34
-0.01
-1.48
-3.6
-3.65
-3.97
0.2
-0.17
0.64
-3.11
-1.42
1.48
1.49
-2.58
1.78
-1.41
-0.3
0
3.74
-0.53
-1.89
-2.14
-0.78
-0.75
-1.44
2.68
-1.21
2.06
0.38
-1.93
-3.73
-2.01
0.28
-0.12
2.52
-0.76
3.89
-0.62
-3.8
2.11
-0.86
0.74
-2.59
-2.77
0.1
1.05
-3.68
-0.13
-3.27
-3.49
-2.09
2.33
-3.77
1.32
1.96
-1.53
-3.24
3.27
1.84
-2.32
1.25
2.14
3.46
-1.43
-3.38
-3.42
-2.81
-2.4
-1.1
-1.46
-1.3
-3.68
-0.21
-2.37
-3.67
1.38
-3.55
-2.01
3.16
1.52
2.35
2.92
1.33
-0.14
-3.84
-2.05
-2.24
2.97
1.93
0.04
-1.53
-3.38
1.54
2.53
-3.14
1
1.29
2.85
-3.39
-0.48
-0.15
2.72
-3.04
2.2
1.82
-2.41
-1.47
2.61
0.99
-3.42
-1.98
2.77
-3.9
-3.68
-0.67
2.33
-3.19
-0.41
-1.6
2.68
2.83
-1.77
-0.32
2.86
-3.94
-1.93
-1.22
1.26
-3.23
-0.66
-3.92
-2.4
-2.62
-0.36
-2.34
3.63
1.95
3.14
2.05
2.57
3.42
-0.85
-2.03
1.35
-1.98
-0.3
-3.49
1.22
-0.81
-1.47
0.18
-2.31
0.44
-2.06
0.69
-2.39
-0.96
-1.9
2.13
-0.26
2.82
1.27
1.84
-2.36
-3.51
-3.59
1.39
0.47
2.66
-0.29
-3.63
-2.32
1.55
-0.16
3.26
-0.33
-3.74
2.34
0.84
0.36
-2.45
1.56
-1.93
2.24
3.16
2.4
1.16
3.44
2.95
-3.95
0.59
-0.16
-3
-1.7
3.76
-1.86
1.32
-3.67
0.85
-2.39
2.32
0.05
2.57
3.49
-1.84
-1.5
0.14
-3.4
-1.32
-2.98
-2.65
0.7
1.27
-2.24
-1.82
-2.74
-0.8
3.6
-1.52
-1.9
-0.75
1.95
1.52
2.61
3.12
0.53
-3.33
-0.75
0.09
1.12
2.35
3.93
-2.51
-0.78
2.05
1.51
3
-1.42
0.08
0.66
-1.75
0.56
0.76
1.93
2.7
3.89
2.58
3.24
-3.89
2.5
2.94
1.72
1.85
-1.25
2.36
-3.64
2.54
3.96
-3.64
1.63
-2.18
-3.11
0.52
1.56
-1.33
-2.58
-0.79
-1.96
-0.28
0.68
-1.74
-3.38
-0.48
1.83
3.85
2.7
-2.81
3.59
3.91
3.23
1.96
-2.57
-0.87
1.6
2.19
-3.38
-1.92
2.74
0.87
1.69
2.97
3.04
-1.79
2.45
-1.17
-2.64
-3.96
3.2
-0.74
1.28
0.68
0.53
-0.48
-0.56
0.23
2.32
-1.81
-3.99
-1.09
3.67
3.18
2.95
-3.95
-2.87
3.67
-3.62
1.76
2.93
3.38
-1.96
3.35
0.47
1.18
2.03
1.71
-0.77
2.41
1.08
-1
2.48
2.65
-2.01
0.33
-1.37
-1.45
-2.57
1.92
3.7
-2.64
3.87
2.43
-1.93
-0.17
1.21
2.52
-3.98
2.98
-2.92
2.79
-1.56
-0.4
-2.88
3.83
-2.78
1.93
-3.8
3.36
1.49
1.73
-3
3.91
1.12
1.02
0.43
-2.99
1.19
-1.38
1.43
2.59
2.24
-1.53
2.07
1.56
3.51
-0.39
1.28
-3.36
3.98
3.52
1.69
0.25
1.33
2.29
-3.45
-1.12
1.53
-1.84
-0.89
0.7
-1.65
-1.92
-3.58
-2.04
-3.64
3.97
-2.69
1.05
3.4
0.19
-2.68
1.4
-2.45
-1.51
-3.45
3.98
1.54
-0.44
-3.69
1.61
-3.35
3.56
3.38
1.98
-3.96
0.76
-1.42
2.84
0.47
-2.45
-0.52
-0.98
3.52
-3.27
0.24
0.15
-1.96
0.1
1.19
3.55
-1.7
-3.78
-2.75
-0.22
2.19
-3.72
-1.31
-1.17
1.74
-3.43
1.34
-2.04
-2.15
1.5
0.04
-1.21
-1.3
-1.55
-2.08
-0.39
1.38
-1.52
-3.42
1.85
-3.29
2.31
1.89
-3.18
2.26
0.4
1.93
-2.56
2.38
-3.23
-0.69
-3.57
2.31
-0.4
3.79
3.76
-1.94
3.76
-2.91
-0.11
0.21
-2.49
-2.84
-1.99
0.69
-2.56
-2.55
3.6
-1.83
-2.42
-1.84
3.83
3.64
-0.6
-0.93
3.89
-1.61
-2.13
0.57
-2.66
-1.35
-0.1
