-1
-1
-1.41
-3.81
-1.68
2.45
1.91
-1.36
-0.53
2.61
-0.28
0.06
-0.32
2.53
3.9
-1.16
0.75
1.89
-3.94
-1.06
-2.15
-1.36
-2.94
3.66
-1.49
-0.62
1.02
-1.94
3.59
-2.42
-0.56
-1.28
-3.81
-0.51
0.03
-3.34
-0.33
0.13
-3.46
-0.41
-0.21
-2.12
1.52
2.51
-3.18
-2.67
-0.38
-0.63
2.27
2.81
-2.6
3.63
3.32
-0.24
-0.87
0.3
-2.07
-1.06
1.69
2.95
-2.58
-0.16
-0.95
-2.11
-0.84
-3.01
-0.13
-3.82
-1.5
3.23
3.17
-3.39
1.35
0.47
3.15
3.98
1.12
-1.45
2.83
-2.82
3.76
-2.35
-0.2
-3.22
-3.82
-0.18
-0.59
0.43
-3.65
3.73
2.74
-3.27
2.45
-2.4
-1.84
3.95
2.84
-0.37
-0.66
3.84
1.46
-0.56
-3.14
3.05
3.64
-3.22
-1.73
-1.16
0.62
-0.84
3.18
3.38
0.11
0.5
3.19
3.78
-3.96
-1.74
-2.3
3.35
1.58
3.45
3.84
-1.23
-3.52
2.43
-1.83
-0.25
-1.7
3.2
-2.87
-2.51
3.21
3
-0.28
0.32
-3.22
0.76
-2.85
3.4
-2.45
-3.43
3.82
1.19
-3.46
3.37
0.62
-2.06
-1.59
-1.61
3.91
0.57
-2.08
0
-1.75
2.02
-0.4
2.09
2.56
-2.8
2.61
2.53
-3.46
1.42
-1.97
1.69
-3.84
1.12
-3.22
-1.13
2.99
-0.72
-2.89
-1.7
1.8
1.01
3.64
-1.35
-1.77
-2.88
-2.2
-3.78
-2.66
3.92
3.29
0.56
3.57
-0.79
0.74
1.7
-3.28
-1.31
2.21
3.95
-3.22
-0.97
-3.97
-1.61
-0.84
-1.15
3.2
3.51
-2.84
3.54
-0.6
0.62
-0.54
3.62
2.21
1.25
2.39
-3.05
-0.14
1.43
3.4
2.39
1.18
-3.38
2.13
1.47
2.13
0.96
-3.63
-0.92
-1.85
0.3
1.08
-2.84
-2.48
-1.23
0.97
1.24
3.5
3.38
-2.08
-1.71
3.07
-2.2
0.51
-1.33
-2.91
3.95
1
3.5
3.32
3.78
2.84
-3.23
-3.46
-1.6
1.85
3.41
0.27
1.69
0.73
-1.76
3.14
2.09
1.39
3.11
3.55
-1.7
2.1
-0.56
-3.73
-2.85
-2.55
0.49
-0.5
1.1
3.32
-0.62
0.12
-0.54
0.37
2.19
3.96
-3.12
-0.23
-1.62
1.47
0.31
-3.38
3.12
0.92
1.57
-3.03
-2.2
-1.35
3.69
-0.84
-3.02
0.41
1.4
-0.88
2.8
-2.16
-2.45
3.22
2.16
2.32
-1.66
1.27
-0.56
-0.91
-1.53
-0.72
-3.2
-2.69
2.54
-1.72
2.26
-1.69
-0.99
-2.36
-0.77
-2.33
2.99
2.53
-1.29
-3.83
3.66
-2.17
-0.18
-2.06
2.34
2.97
2.72
-3.67
1.58
0.34
2.4
-2.34
1.61
0.06
-0.88
3.04
1.18
0.02
-1.55
-1.72
-3.84
-3.51
0.11
1.4
0.9
2.67
-2.61
-0.24
3.9
1.12
-1.15
-0.97
0.5
1.98
2.66
-3.5
-2.55
-2.51
0.76
-0.5
0.57
-3.53
-0.26
-1.81
-0.11
0.59
0.71
2.95
2.53
0.2
0.5
-1.04
0.07
-3.58
-3.99
3.17
1.73
2.42
1.05
3.67
1.57
-1.04
-3.56
-3.55
-2.51
-0.64
1.16
3.63
1.41
-1.39
1.58
-0.32
3.27
2.95
1.72
3.7
0.75
-2.09
-2.49
-3.7
-2.04
-1.55
1.24
-0.31
-3.38
3.9
2.97
0.07
1.97
3.5
-1.22
-0.96
0.45
1.09
1.94
-2.4
-3.98
-0.72
-3.3
-3.48
3.43
1.09
-2.46
-0.09
2.62
-3.19
-0.31
1.13
-1.29
-3.69
-1.59
-0.19
0.91
0.74
1.71
-0.88
1.73
0.75
3.83
-2.41
0.4
-2.92
-2.35
1.91
3.83
-1.46
3.24
-1.82
-2.99
0.11
3.68
-2.53
-2.79
-3.01
-3.13
0.88
-3.1
-2.68
1.07
3.81
0.2
-2.16
-2.64
1.66
1.09
2.98
2.13
3.71
3.39
-1.19
-0.12
-0.73
-0.55
3.11
0.12
2.34
-0.57
-0.36
0.09
0.08
-2.42
-2.49
0.11
2.6
-3.36
-3.06
-1.41
-0.08
-0.13
-3.17
-1.78
0.4
3.69
-3.98
1.4
-1.44
3.73
-0.01
-3.19
-3.16
0.41
3.53
-1.21
2.21
-3.78
0.4
2.02
-1.9
0.87
-1.47
-2.56
1.26
1.23
-3.01
2.22
-1.32
1.73
-1.24
1.02
0.15
0.38
-1.79
-0.16
2.56
-3.41
3.48
-0.41
-0.57
-2.3
-2.45
2.62
3.44
-1.18
-0.76
3.67
-1.94
2.72
1.91
2.38
0.24
-1.08
-3.51
3.05
-2.67
3.39
0.96
3.17
2.69
-2.2
-1.28
0.83
0.96
2.98
0.66
0.47
-1.8
-0.31
0.24
1.62
-3.26
-3.2
-1.42
-3.61
-0.69
-0.08
-2
-1.56
-2.01
-2.67
0.16
-0.04
3.83
0.39
-3.23
-2.78
-0.11
-0.83
-1.5
3.17
-0.37
-3.69
0.91
-2.38
2.99
0.73
-2.35
-3.54
2.16
2.78
1.47
2.37
-1.53
-3.72
1.63
-0.56
-3.66
-3.91
-0.26
1.42
1.39
-1.48
1.18
1.36
1.65
2.76
1.01
-3.43
2.2
-0.56
-3.42
3.04
-2.82
1.08
-2.02
-3.57
-0.1
-3.05
-2.59
2.59
-1.74
-2.47
0.28
-0.78
-0.14
1.79
-2.52
3.54
2.76
1.34
-3.12
-0.21
3.44
1.09
-2.23
-2.89
-0.87
3.55
-0.02
-3.78
3.72
-2.92
-1.73
-1.28
2.19
2.44
1.19
1.4
2.31
1.19
3.54
3.39
2.69
1.15
-0.84
-0.15
2.25
-2.05
-2.51
3.86
1.27
1.47
-2.19
-3.15
-1.45
0.79
3.61
0.1
-0.69
-3.13
1.3
0.35
0.98
-2.82
2.87
-2.82
3.27
-2.45
1.03
1.43
-3.4
0.09
-2.77
-2.43
1.81
-2.51
1.1
-1.72
-2.08
1.92
-1.13
-2.83
2.06
0.13
-1.04
-1.75
3.27
-2.59
-3.83
-2.6
2.84
-2.92
-1.91
1.43
3.89
-0.82
-1.59
1.51
2.28
-2.03
0.59
0.69
0.93
0.06
3.26
-2.82
0.23
-3.76
-0.95
-2.95
3.69
1.32
-1.83
1.39
2.01
0.13
2.3
-3.16
2.22
0.62
-2.09
1.86
-2.62
-0.37
2.6
3.52
-2
-0.19
-2.32
-1.38
3.09
3.6
0
3.96
-2.67
2.18
0.25
-2.01
0.87
-2.23
2.03
3.03
2.36
3.12
-2.29
-2.49
2.92
0.7
3.43
-0.24
0.89
-2.44
3.29
-2.34
-3.95
2.73
-0.69
-2.7
1.46
3.75
3.19
-3.58
2.56
-3.57
-2.03
-3.91
-2.69
-1.78
0.05
3.84
3.88
0.3
-0.03
0.45
2.6
-1.11
3.5
-1.74
-2.09
1.09
-3.41
1.3
0.38
1.92
1.73
1.52
-3.7
-1.67
3.9
-1.4
-1.14
-1.05
0.53
1.13
-1.41
1.6
-3.54
1.93
1.15
-2.38
-3.81
0.69
-3.35
3.6
-0.11
-3.42
1.59
-1.16
-0.93
1.16
3.24
-2.95
3.39
-3.63
3.15
-2.12
0.04
-3.36
-1.3
0.45
3.8
2.99
-1.68
-2.56
0.97
0.92
3.77
2.84
-2.14
-3.01
-1.57
-2.43
1.12
-3.71
0.9
-0.09
0.64
0.79
-1.97
1.14
3.94
1.47
3.26
-1.27
-0.63
-2.19
-0.43
0.16
1.99
-3.3
-2.45
3.83
-0.78
-3.31
-2.17
-2.79
-1.64
3.21
-1.37
2.97
-3.19
2.75
-3.02
-1.92
-1.27
1.67
-0.07
3.1
-0.52
-0.76
1.25
3.26
2.61
1.57
0.52
-1.68
3.73
3.6
2.08
-0.85
-2.65
-0.39
-3.16
-2.85
3.44
-1.39
2.36
0.42
2.47
-0.32
-2.46
1.43
-1.84
-0.94
0.33
-2.82
0.48
1.18
-4
1.71
1.89
0.48
-3.33
-1.25
-0.54
-1.7
-2.79
1.66
0.18
3.51
-2.52
-1.23
-2.87
3.48
1.62
1.21
1.9
3.83
-1.36
-3.89
3.31
3.51
-3.38
3.8
-2.31
3.82
1.1
-0.46
-2.77
-0.66
1.84
-1.46
3.59
-3.63
1.27
0.88
-1.07
2.1
1.7
1.14
-2.61
-3.3
-3.76
2.97
-1.8
2.77
0.3
-1.31
1.45
3.13
-0.72
0.66
-1.47
3.89
2.4
2.38
-0.15
-3.12
-2.95
-0.35
1.21
1.68
0.42
-3.16
-2.34
2.95
-0.82
-3.24
-1.8
-3.27
-1.73
3.81
-1.87
1.51
2.73
2.61
3.27
-2.34
1.6
-1.07
-0.49
-1.59
2.09
-1.89
-3.94
-2.82
-4
3.71
-2.03
2.9
-2.98
-1.95
1.04
-1.95
3.94
-0.28
0.28
3.41
1.31
-0.75
-0.42
-0.46
-3.52
0.71
0.85
-0.53
-1.47
1.03
-2.84
3.79
3.11
-1.81
-0.72
2.13
-3.87
-1.21
3.59
-1.7
-3.22
-3.53
2.94
-0.52
2.79
-0.7
3.71
-3.78
-1.23
-3.92
1.57
-1
-1.68
3.87
0.36
-1.66
3.35
3.98
-2.08
-2.63
1.27
0.59
2.66
-1.03
2.55
-1.81
3.8
2.84
2.77
2.91
-2.09
1.14
0.14
-2.02
2.63
0.83
0.32
-3.9
0.76
1.18
1
0.63
-3.31
-1.56
3.47
2.16
1.47
3.25
1.84
-3.06
2.78
-3.84
-3.13
2.21
1.04
0.19
-2.18
-0.04
0.93
0.6
-0.49
-3.13
-2.54
-0.14
2.17
-3.57
2.86
-3.66
-2.77
3.53
2.02
3.25
-0.78
0.75
0.38
-3.36
-0.11
0.21
-0.49
-3.62
0.73
-3.46
-3
1.82
-3.87
-2.25
0.27
1.94
0.95
-1.57
-0.99
-3.64
-0.83
-3.84
-2.34
0.13
-0.84
0.84
0.28
3.04
3.31
1.12
2.01
2.31
-1.08
3.54
0.94
0.13
-2.17
0.39
-3.71
1.61
-3.56
0.55
3.87
-1.04
3.87
-0.36
-0.27
0.42
0.16
-3.08
-0.61
2.81
0.51
1.66
0.07
-0.94
-0.92
-3.76
1.48
3.06
3.94
0.48
-2.92
3.61
-1.46
-1.31
-1.1
-3.4
0.81
-3.86
0.11
-3.45
-1.86
1.41
3.92
2.62
-3.71
2.7
0.26
3.53
-2.89
3.86
-1.13
2.38
-2.27
3.21
-2.21
1.27
-0.53
-2.12
-2.96
-2.42
2.92
-2.76
1.68
-0.04
-0.53
-3.74
-3.58
1.18
-3.27
-0.87
3.61
0.02
0.81
-1.17
0.67
3.11
1.74
1.45
-1.23
0.38
-0.02
1.95
1.94
-3.93
-2.39
-1.3
1.88
-0.66
-3.11
1.64
1.13
-1.07
3.1
-1.48
-2.36
-3.11
3.73
-0.04
-0.85
-3.98
2.28
3.09
2.79
1.99
-3.75
2.85
-2.43
2.9
-1.46
-1.31
3.53
2.02
3.12
0.66
1.6
-3.04
-0.7
1.6
-1.65
-3.23
-1.61
1.08
0.28
-0.9
2
0.68
0.92
-1.72
-2.81
-0.23
3.38
-2.22
-1.7
-1.26
2.11
0.9
3.17
3.96
3.83
-1.24
-2.87
2.98
-3.2
2.21
2.11
3.12
-0.19
-1.56
0.93
-3.32
1.59
-1.87
-2.4
-1.63
1.64
-2.81
-1.2
-0.32
4
-0.43
-2.08
3.29
1.71
2.77
-0.69
1.75
-0.28
0.37
2.56
-3.3
-2.21
-0.66
1.77
3.59
3.65
-0.59
0.28
2.07
1
2.88
-3.13
-1.52
1.36
-3.5
2.19
1.25
-3.83
3.93
1.1
0.91
-1.91
-0.52
3.97
0.26
-3.16
-2.15
-2.73
-1.96
-1.1
-3.65
-0.61
3.44
-0.12
0.23
2.89
-1.76
0.36
-1.99
-1.27
-1.77
0.92
0.73
2.69
-2.89
-1.3
3.44
-2.08
1.2
-3.42
2.06
1.57
-0.2
3.28
-2.35
2.61
2.32
-0.62
-2.49
2.75
1.8
-1.87
-1.76
-0.83
0.65
-0.52
-2.57
2.6
-2.87
-2.38
-0.06
-3.12
2.16
1.19
-1.13
3.99
1.36
0.8
2.86
-2.44
-2.6
3.93
0.08
-2.55
0.84
-1.22
3.6
-3.84
-1.77
1.62
-3.44
2.87
-1.15
-0.73
0.94
-3.9
-1.32
-2.44
-1.97
1.63
-2.74
-3.17
-3.22
-0.43
0.65
1.17
3.42
2.61
0.4
-2.34
-2.76
-2.48
0.52
3.96
1.34
1.87
2.05
-3.22
2.33
-2.14
-0.11
-2.74
0.37
-0.48
-2.95
1.07
2.04
-1.11
-3.75
-1.23
1.3
-0.2
-1.24
-2.77
-3.71
-3.44
3.15
-3.5
0.81
3.67
-0.63
-3.01
-0.24
-3.44
0.37
3.05
-1.65
-1.11
1.94
3.07
-1.95
-2.1
-0.77
-3.83
-2.26
4
0.47
1.27
-1.48
3.58
3.14
0.52
2.36
-2.37
0.36
1.45
2.76
-0.71
3.66
0.78
2.73
1.54
-0.03
2.66
2.5
-1.1
1.5
-0.2
3.15
-2
-1.28
-0.86
0.96
-2.82
-3.29
-0.6
-3.44
-1.41
3.49
-3.71
0.09
-2.13
1.99
1.24
-3.47
2.85
-1.36
-1.87
0.21
2.93
-3.71
3.06
-0.76
-2.85
-3.66
0.51
1.93
0.58
-2.33
2.85
-1.51
-3.33
2.13
-3.49
0.86
-0.01
3.57
1.17
-3.09
-3.05
0.89
0.17
-0.2
3.37
-3.32
0.85
3.56
2.74
2.12
3.65
-3.74
-0.63
3.6
-3.79
-2.29
-0.34
3.91
-0.2
-3.17
0.2
1.48
-0.01
-3.09
-3.36
1.8
-0.58
-0.25
1.47
-3.62
0.55
3.28
1.47
-2.78
-0.75
-1.96
0.13
-0.74
-0.13
-3.53
-0.5
0.96
3.19
2.46
-1.97
2.59
3.13
-2.93
1.91
2.81
-2.81
0.08
-0.23
0.33
0.71
-0.52
-3.11
-0.74
-0.85
-2.44
1.26
-2.9
-1.92
2.36
-2.43
-3.63
-1.21
-1.86
0.35
2.17
1.59
-3.61
0.03
-0.68
1.34
3.24
2.29
1.54
2.89
-1.94
2.67
-1.66
1.84
2.66
3.19
-3.53
-0.5
-2.87
0.52
3.77
-2.86
-3.13
-3.89
-1.69
-0.78
-1.6
-1.12
-3.17
0.88
-2.34
-0.21
0.98
0.73
3.74
-2.78
-3.21
-3.96
-3.55
3
1.47
1.19
-0.64
0.37
-2.92
-1.11
-1.09
-0.74
-0.58
3.17
-2.91
0.87
-2.34
1.63
0.58
1.03
0.72
-3.72
-2.28
-3.9
-1.06
0.36
1.46
-3.35
1.23
2.28
-2.32
1.62
2.1
1.43
2.39
-3.57
-0.95
-1.87
3.05
-1.42
1.79
0.5
3.03
3.42
-3.7
3.14
3.46
-2.34
-0.21
0.79
-1.88
3.36
-3.85
-1.29
0.51
-3.49
2.32
