-6
-1.34
3.2
-3.22
-3.37
2.89
-0.48
-1.55
0.22
1.28
1.33
2.98
-1.16
0.87
-2.44
-2.57
2.62
-3.47
3.69
0.97
1.41
0.92
3.5
-2.35
-3.44
3.12
-1.96
1.43
3.87
0.22
1.99
-0.9
-0.89
1.12
1.38
-2.41
1.83
2.68
1.62
3.25
-2.57
3.89
-1.33
-1.24
-2.6
-0.81
1.37
-0.54
1.48
3.06
-0.47
0.13
0.57
0.62
1.94
2.38
-0.83
1.54
-3.79
-2.48
0.85
2.09
-1.42
4
3.29
-1.78
-0.14
1.72
3.5
3.98
-0.39
3.95
-1.08
-3.56
-0.46
1.53
-1.75
0.73
-3.75
1.38
-2.25
2.58
3.96
-3.2
-3.31
-2.14
2.54
2.49
3.18
3
2.43
-3.72
2.46
0.1
-1.6
-0.66
1.3
-1.33
-0.52
3.18
3.33
3.65
-0.04
1.51
-0.55
-0.41
-2.79
0.13
-2.92
-3.59
0.12
2.44
1.29
-1.16
3.77
2.27
2.14
-2.22
3.31
1.42
-0.31
1.38
2.54
-3.5
-2.46
-0.68
-2.52
2.82
2.04
-3.81
-3.77
3.59
-2.75
-2.93
2.05
-1.89
-1.38
-1.55
1.36
1.1
-3.36
-1.59
1.4
2.77
-1.13
3.99
-1
-0.38
0.33
0.13
1.21
-0.48
-0.64
2.06
-0.51
-2.05
-2.9
-0.54
-0.04
-3.87
-1.89
-1.61
2.09
-3.11
-3.83
0.54
1.19
0.21
0.79
1.65
-0.36
-0.32
0.43
-1.8
0.78
-2.72
3.99
3.77
1.63
-2.44
-3.68
1.86
-1.51
-2.1
-1.01
0.71
0.23
-0.81
1.59
0.1
-2.99
3.17
2.5
1.23
-1.01
2.26
0.32
0.51
2.6
2.34
-1.21
2.79
2.84
2.68
-3.51
-2.47
3.1
-2.85
-2.72
-1.79
-2.04
-2.67
1.83
-1.61
3.82
0.25
3.91
0.18
1.91
-0.54
-3.69
-2.01
2.63
-3.32
0.64
0.47
1.18
3.21
3.22
2.53
0.96
-0.53
-2.83
3.29
2.77
-2.47
3.03
-0.19
-2.59
-2.55
1.62
-0.93
-2.09
-0.63
-1.86
3.69
-2.67
0.1
1.41
2.74
2.35
-3.86
2.6
-0.87
2.03
-3.21
-3.84
2.15
-1.96
0.02
0.35
3.9
-2.07
-1.24
1.25
2.49
-3.85
2.55
-0.37
2.28
1.23
0.09
-1.23
0.45
1.85
1.24
-3.92
-0.75
2.55
0.96
-0.86
-2.92
-2.21
-3.52
-3.83
0.82
0.88
2.05
-2.75
1.97
-2.63
-3.12
-2.23
1.39
1.11
1.73
-2.87
3.16
2.12
-0.35
3.53
-1.21
-3.54
3.14
-2.49
-1.75
1.38
-1.85
1.28
-3.21
-3.29
0.91
3.61
1.08
-3.12
-0.74
2.11
-2.55
-1.42
-3.57
-2.39
-1.9
1.29
1.67
0.9
0.35
-1.68
1.38
3.34
-3.89
0.11
-3.07
1.13
-1.1
1.43
-3.66
-3.39
-1.35
2.97
1.92
3.45
-1.28
-3.24
-3.54
1.26
0.47
-2.73
0.69
0.51
-2.16
3.63
3.68
0.57
1.69
-1.97
1.43
1.5
-1.2
-1.77
1.17
3.93
4
-1.19
1.17
0.68
3.78
3.78
0.7
3.66
-3.47
-1.35
-0.55
-1.51
0.66
-3.01
2.9
-2.67
0.83
-3.59
-3.57
-0.93
1.64
-3.14
1.49
-3.52
0.43
0.36
3.45
-3.13
-4
-1.15
1.82
-3.59
-2.2
1.99
3.45
3.91
-0.4
-0.22
1.48
0.69
0.58
1.04
-0.03
3.2
0.18
1.19
3.91
0.69
-0.87
0.09
-3.33
-1.61
-2.21
-1.91
-1.71
3.13
1.33
0.68
-3.76
-0.59
-3.67
-0.17
3.65
1.69
0.84
-0.97
-3.32
2.67
-2.45
2.99
1.74
-2.96
-1.07
-0.25
2.49
-3.4
0.9
2.3
0.31
3.25
0.46
-1.24
1.74
-0.08
-1.82
-0.58
2.63
3.71
-0.3
-3.69
-1.42
2.92
-0.47
-1.94
0.36
-3.26
1.39
2.29
-1.64
-2.86
0.5
-2.77
-0.87
0.14
2.36
3.63
3.46
2.05
-0.4
-2.31
-1.77
3.04
-3.63
-3
2.96
1.57
2.1
-0.27
-0.5
-2.59
0.41
-3.02
-1.03
-2.76
0.41
2.82
1.51
-3.14
3.4
1.75
-0.79
2.61
-0.07
-0.83
-1.25
-0.78
3.63
-2.41
1.56
-1.44
-0.04
-3.42
0.1
-1.99
2.08
-0.45
2.55
-1.47
-0.89
2.79
-1.35
-2.34
-1.22
-3.05
0.74
-0.48
2.27
-2.11
3.74
3.54
-1.89
2.59
2.65
1.86
2.48
-0.38
-0.9
1.2
2.26
-0.26
1.95
0.5
2.17
-3.06
1.45
-0.17
0.88
-3.04
-0.84
-3.14
-3.74
-1.02
1.76
-3.4
-0.9
-2.46
-0.17
-1.02
2.44
3.23
0.96
1.74
-2.15
2.03
-3.56
1.37
-2.07
2.24
-0.47
-1.55
-3.56
-2.66
0.28
3.38
-3.16
2.15
-0.5
-2.16
-0.5
-3.1
2.64
1.3
2.73
2.88
3.27
3.13
-3.17
2.04
-1.24
0.94
3.8
-3.88
2.77
3.03
2.78
-3.79
-1.36
-3.86
-3.51
-3.92
-2.1
2.64
1.44
-3.29
-3.59
2.93
2.71
2.39
3.77
0.95
2.05
-2.02
3.48
1.53
-3.41
3.66
3.01
-1.02
2.76
-2.68
0.54
-0.11
-0.52
2.6
-1.35
-3.69
-1.42
1.25
-3.41
-3.38
-0.5
-0.65
-2.66
-0.58
3.01
4
3.87
2.02
2.46
-3.66
-3.58
-1.56
2.27
1.82
2.89
1.81
-3.35
-2.76
2.43
3.13
-2.8
3.67
-2.61
3.18
-0.46
2.01
-0.84
2.85
2.06
-3.91
0.34
-2.54
1.8
3.14
-2.55
-1.31
-3.36
0.06
2.52
-3.41
3.79
-3.02
0.52
2.41
-3.1
-1.91
1.62
1.67
3.71
0.84
3.67
-2.67
2.82
-2.54
3.43
-0.16
-2.04
-1.84
3.88
-3
0.84
-2.98
3.97
2.37
0
2.96
0.65
3.13
0.36
0.19
1.17
0.59
-1.28
1.84
3.34
-3.78
-0.86
-1.02
2.28
-2.56
-3.62
1.5
3.14
-2.79
-3.57
-0.99
-1.36
0.33
3.72
1.61
-3.27
2.49
0.19
1.52
-0.24
2.77
-2.98
2.16
-1.6
-2.06
1.45
2.49
-2.7
-0.48
3.68
-0.92
2.61
-3.02
-1.87
3.21
-3.31
2.98
-0.12
2.43
-3.39
3.35
-2.12
2.76
1.94
-3.01
0.32
-3.69
3.42
2.76
-0.54
2.68
-3.6
1.21
-1.93
-3.43
3.21
0.99
-3.42
0.34
-0.01
-2.1
0.19
-0.38
-2.47
1.35
0.4
-2.34
-1.8
-3.49
0.92
-2.25
-1.39
1.76
0.91
0.42
0.88
-1.74
-3.78
-2.6
1.62
1.14
3.08
-1.45
-3.95
-3
-1.33
-2.6
2.91
-2.44
4
-0.3
2.4
3.54
-1.57
2.71
-0.85
2.27
1.23
-3.42
0.59
-1.34
2.12
2.9
-2.17
-2.3
0.07
-1.35
-3.71
1.66
-0.31
0.94
0.77
3.18
2.73
2.86
-1.18
-2.36
-0.44
-3.48
-1.32
-1.01
-1.25
-3.36
-3.49
-2.79
-0.64
-0.93
-0.68
2.2
-2.73
2.62
1.04
3.64
0.81
-1.04
3.03
-3.82
-3.29
2.36
0.94
-3.98
-2.9
-2.75
1.87
-0.94
2.94
3.22
-3.19
-0.43
-0.11
-2.5
-1.3
0.7
1.9
-2.4
3.91
1.47
2.38
-3.39
2.34
-3.01
3.33
-1.9
0.39
1.07
3.9
1.13
-1.63
-0.23
3.84
-1.36
-3.08
1.21
-0.41
-1.34
-2.11
-2.5
-1.23
1.46
-1.72
0.15
-1.75
3.75
-1.69
3.77
-0.09
-3.66
-2.26
-0.79
-0.95
-2.45
-2.19
-3.9
-3.99
-0.06
-3.3
3.01
0.87
-3.21
-0.84
-2.19
0.84
1.05
-0.26
-2.76
-3.42
1.5
-2.9
-0.76
3.71
2.41
-1.3
-3.08
2.34
-1.81
2.75
3.58
3.79
0.62
-2.85
3.56
-0.61
3.16
-3.29
2.29
-3.17
-3.18
1.19
3.66
-2.04
-1.12
0.64
-2.03
-1.71
-3.53
3.31
1.21
0.01
-2.94
3.19
2.42
3.24
2.5
-0.5
0.64
2.86
-3.11
-2.23
1.82
1.19
-2.88
3.22
-3.76
3.64
-0.4
2.43
1.69
0.33
1.45
-3.59
3.77
-3.7
-2.55
-2.72
0.83
-2.23
-3.28
2.63
1.87
-1.12
-2.46
-0.44
2.73
1.43
-1.26
-3.68
0.89
-0.35
0.08
3.44
3.95
3.05
3.37
-1.54
-3.17
-0.34
0.39
-1.66
2.69
-1.96
-2.38
-3.13
2.56
-3.36
3.43
2.11
1.78
1.22
2.68
-1.13
2.14
-1.74
-0.09
-1.06
-0.35
1.56
-3.51
-1.19
0.9
-0.72
-2.47
-1.97
-3.75
2.02
-3.53
-3.29
-3.06
3
-3.55
-2.84
1.38
2.39
3.95
-0.18
-2.74
-3.34
1.01
2.08
2.01
0.64
-1.45
3.68
0.97
-2.8
-2.7
1.68
-0.86
0.43
2.81
-0.73
-0.83
-2.43
1.44
-0.59
-3.49
3.59
-3.39
-3.47
-3.84
2.72
1.17
2.79
0.77
1.52
1.49
3.75
-1.68
-3.91
-2.33
-1.02
-3.45
-1.59
0.81
-3.74
-3.28
-2.14
1.06
3.06
0.72
-1.2
1.58
0.51
-3.82
1.18
1.99
-0.2
-3.06
0.53
-0.7
-2.33
-3.95
0.47
1.91
3.3
3.47
-0.24
-1.09
3.46
-0.29
-2.45
-0.64
-0.95
-1.25
-0.18
-1.29
-3.25
0.77
1.18
-1.32
2.66
-1.48
-2.44
-0.18
1.37
-2.87
-3.35
2.6
3.59
3.53
-2.31
2.81
1.79
0.79
4
-1.07
0.09
0.5
1.52
-3.21
0.97
2.95
1.61
-0.66
-0.83
3.44
-1.47
-2.25
0.36
-1.54
1.23
3.04
-0.24
-2.15
0.65
3.16
2.5
-3.35
-3.46
2.16
2.82
1.17
-0.68
3.94
-1.98
-1.26
1.57
2.26
-1.24
-3.11
2.63
0.26
3.26
0.39
1.72
3.71
0.92
2.23
-3.36
1.93
2.61
2.9
-1.76
1.12
-1.71
-1.35
-0.96
-0.06
-3.86
-3.16
0.44
-0.56
-0.04
3.36
-2.03
3.8
-0.38
1.67
-2.69
-3.57
-2.13
0.27
3
-0.54
-0.16
-3.03
3.79
3.38
0.13
0.94
-1.77
-3.73
-4
-1.39
3.55
3.92
-1.08
2.2
1.64
3.38
3.7
-2.37
2.12
-2.09
0.46
-0.81
-3.71
3.9
-1.59
1.92
0.09
3.25
0.91
-3.79
0.06
-1.66
3.91
2.78
-2.72
-2.68
-1.13
-0.33
3.81
-0.8
2.62
0.16
-0.57
-2.65
3.82
-1.94
0.88
1.42
-3.97
-2.06
-3.27
-3.76
2.15
1.08
3.01
-3.35
-3.32
3.89
0.96
2.22
-3.15
-1.02
-0.64
3.8
2.55
1.21
-4
0.15
0.92
0.32
0.5
0.02
-2.18
-1.08
-0.7
-3.71
3.76
2.94
-3.92
-3.66
-2.96
2.67
3.22
-1.03
3.48
-0.18
0.19
-1.18
3.77
-3.37
-3.37
-1.02
2.71
-2.42
-1.65
-0.37
-3.2
-0.37
-1.2
-1.4
-1.95
-3.28
-3.5
-0.28
1.44
0.71
2.42
-0.77
-2.22
2.71
-3.11
-2.26
3.81
0.61
1.18
-1.81
-0.23
-3.62
-3.68
-1.27
-2.99
1.19
0.38
0.29
-0.32
-2.48
1.31
-3.77
-3.43
3.67
3.49
0.13
0.14
1.48
2.3
-3.69
2.16
-0.5
1.54
-1.24
1.4
-3.04
-2.96
-2.95
3.74
2.9
-0.83
-1.9
0.41
-3.84
3.87
-3.59
-0.69
-3.94
-2.42
0.87
0.35
0.22
-3.97
-0.09
3.4
2.18
-1.34
-1.89
3.22
0.77
1.6
-1.68
2.32
0.86
0.03
-3.74
-1.15
1.56
1.34
-3.95
0.14
-0.68
0.55
0.78
2.35
-0.79
-0.17
-3.6
3.8
3.08
-3.19
0.07
-0.11
-2.58
-0.03
-2.06
-0.54
-2.38
-0.64
3.22
2.3
2.93
-2.16
-1.03
-2.71
-3.16
-0.22
3.55
0.13
3.61
1.57
1.76
-1.27
-2.48
-3.28
-2.98
3.68
-0.74
1.57
0.19
-1.65
-1.75
-1.68
-3.86
-0.05
-2.47
2.44
0.89
-3.11
-1.92
0.81
-2.78
-1.81
2.12
-2.24
1.22
-2.52
-2.43
-0.52
1.5
3.43
0.28
0.28
-3.81
-2.49
-0.94
-2.67
-1.63
-3.31
-1.06
-1.73
-3.8
0.06
3.18
0.87
0.04
0.61
-2.31
3.02
3.77
-1.59
2.89
2.65
-1.95
-1.2
0.34
-0.44
0.62
3.77
-0.49
3.55
2.1
3.78
-3.94
0.76
2.07
1.98
-1.88
2.64
-3.11
-3.8
0.07
0.2
1.96
3.82
0.6
1.17
-0.98
-2.76
1.72
-3.4
3.8
-1.44
-0.28
-0.92
-3.46
1.64
-1.78
1.4
1.18
3.51
0.72
-1.4
1.19
-0.6
0.17
-3.58
0
-1.58
2.81
2.07
-1.51
-0.95
2.13
3.57
2.35
-1.31
-3.31
-1.77
2.2
3.17
-3.47
-0.63
-1.96
-1.1
3.76
-0.46
0.06
0.98
0.22
-3.57
-0.25
0.72
-2.54
-2.62
-0.52
-2.54
3.01
-1.45
-0.36
0.17
-2.83
-3.4
-1.56
3.66
2.12
0.74
0.43
0.15
0.74
1.85
0.94
4
3.21
2.01
2.97
-2.66
-3.45
-1.72
-0.35
-3.37
0.37
3.02
2.2
2.38
-1.69
1.77
-2.41
0.74
0.08
0.89
-0.32
2.14
2.59
-1.98
2
3.94
-3.08
-1.61
0.78
-0.99
3.11
3.91
-3.76
2.37
-0.51
-0.24
1.52
-0.54
-1.58
-1.87
-3.1
0.73
2.91
-0.99
3.81
-1.85
-1.6
0.07
1.34
-3.65
-0.86
3.7
-3.93
3.85
-1.84
2.8
-2.6
1.18
-4
3.03
-3.59
2.16
1.5
-3.37
-2.48
0.47
2.78
3.84
-1.12
2.56
-3.76
2.14
-1.68
-2.06
-0.02
2.96
3.24
-0.42
-1.78
-0.15
1.54
0.86
1.06
0.43
3.88
3.42
3.83
-3.61
0.2
0.69
-1.64
-3.66
-0.55
-0.61
-2.28
-1.25
3.23
2.28
-2.52
-0.67
-0.63
-1.43
-2.81
2.79
-3.9
1.01
1.38
2.13
-0.13
-0.79
3.57
1.82
-1.05
0.15
-2.51
-0.44
-2.9
-2.93
-3.24
-1.89
0.64
2.38
-0.37
2.19
0.19
3.91
-1.32
2.93
-3.78
-2.77
3.74
-3.05
-1.9
2.89
-3.53
-1.04
-0.33
2.27
0.33
-1.13
-1.96
-2.3
0.53
-3.01
1.12
0.54
1.39
3.3
-2.1
2.16
-2.36
2.15
1.52
3.38
2.7
0.99
