-9
3.79
0.99
-1.38
-3.89
3.04
3.65
0.56
2.2
-3.54
3.98
0.43
2.38
0.27
3.62
-1.73
-3.97
0.66
1.62
-2.06
-1.6
1.46
2.2
-3.33
-2.26
-3.7
1.72
-3
-3.36
2.14
0.83
0.62
3.18
-0.57
3.3
-3.65
-2.93
0.35
-0.48
0.1
-0.83
3.85
-1.66
2.55
-0.53
-0.94
-0.68
-0.51
-2.97
-3.31
-0.52
-0.13
-1.59
1.84
2.29
-1.31
1.15
-1.06
0.83
0.29
-1.02
-1.28
-1.26
0.69
1.33
3.6
0.97
3.05
-2.48
-0.28
2.63
-2.75
2.54
-1.59
1.2
2.43
-0.89
2.79
-3.01
-3.69
1.19
-0.26
-3.38
3.96
2.98
2.59
0.39
2.75
2.49
2.46
-2.97
2.78
-1.64
3.6
3.82
1.65
0.46
2.81
1.29
3.4
-1.19
0.24
1.79
2.96
-0.98
0.02
3.03
-3.51
0.73
1.99
3.94
2.56
-1.35
0.63
0.73
3.2
-3.82
-2.04
1.8
-2.5
-0.41
3.69
