-3
-1.05
-3.62
3.86
0.2
-1.94
0.9
-3.1
1.17
-1.6
-3.07
0.34
-3.15
-2.32
2.35
-0.45
-3.31
-3.05
3.86
-1.54
-3.94
1.1
0.58
-0.75
-3.3
1.61
1.33
3.08
2.29
-0.84
0.77
-3.64
0.36
2.52
-0.96
-1.09
-2.38
-2.12
3.23
3.06
-2.98
-2.97
-3.87
-3.38
-0.67
0.84
-3.04
-1.61
-1.9
-1.05
0.92
-3.95
0.83
3.72
1.28
-2.68
-3.7
-1.18
0.96
-0.96
3.57
3.27
-0.55
-2
0.38
-1.53
-3.42
-2.75
-3.7
1.87
-3.57
0.08
0.32
-3.49
3.13
-0.25
-0.51
-3.34
-1.73
1.95
3.45
2.82
-2.68
-3.13
2.88
1.46
-2.04
2.57
3.28
-0.84
-2.3
-2.53
3.14
-0.72
2.69
-0.45
-0.85
2.14
3.84
-0.03
3.32
-2.65
0.36
-0.84
-2.04
-2.78
-3.83
-2.42
0.25
1.92
-3.2
-2.34
2
2.69
-3.27
-0.43
3.98
3.21
-3.78
-2.06
1.71
-3
