-10
3.79
-2.08
-1.38
-3.89
3.04
3.65
0.56
-1.6
0.23
-0.92
-2.67
2.38
0.27
2.15
-1.73
-3.97
3.99
1.62
-3.63
-1.6
1.46
2.09
3.33
-2.26
-3.7
1.72
0.56
-0.34
2.62
-2.56
-0.08
3.18
0.04
3.3
-3.65
-2.59
0.35
-0.93
-2.26
-0.83
3.85
2.83
2.55
-0.53
3.79
-3.95
-0.51
-0.48
-3.31
2.43
-2.99
-1.59
1.84
3.34
1.39
1.15
0.2
0.83
0.36
-1.02
3.99
-1.26
-2.88
1.33
3.6
0.97
1.45
-0.66
-0.28
-3.72
-0.96
2.54
-1.59
1.2
2.43
0.97
2.79
-3.06
-3.69
2.27
-0.26
-2.36
3.96
-0.68
3.03
0.39
-1.2
2.49
2.46
0.26
2.78
-1.64
1.63
3.82
1.65
3.63
-1.43
1.29
2.45
-1.22
0.24
-0.72
2.96
2.94
0.02
2.36
-3.51
-2.52
1.99
-2.55
-1.13
-1.35
0.63
0.73
3.2
-3.82
1.79
-1.85
-1.78
-0.41
3.69
