-8
-1.36
-3.4
-1
2.31
-2.6
-0.5
0.09
0.48
-3.66
-0.74
0.38
0.69
3.7
0.97
2.25
-0.91
-0.82
-4
-3.63
-3.81
3.87
3.97
-0.37
-3.44
-1.31
-1.81
2.58
-2.82
-1.45
-2.98
1.94
-2.87
0.95
2.53
1.51
2.5
1.66
0.87
1.46
2.97
-1.09
-2.34
-0.11
-0.93
-1.52
1.95
-3.28
2.88
3.19
3.08
-2.03
-1.53
-3.28
2.3
-0.74
-0.05
-3.22
0.69
2.99
0.67
3.32
-0.26
3
-0.9
3.68
1.06
0.96
3.74
-0.68
0.26
3.76
0.15
-3.2
2.62
1.34
2.19
-1.01
-1.32
2.48
3.45
3.33
-2.2
-3.88
-1.28
0.91
1.32
0.98
1.41
-1.06
-3.67
2.95
-3.2
-1.91
3.04
-0.82
2.95
3.14
1.3
3.31
2.77
0.61
2.92
3.27
-1.58
2.47
1.46
3.23
-1.43
-3.88
-3.57
1.79
-1.46
-2.09
0.68
-0.25
-2.93
2.55
1.46
-2.96
3.76
-0.36
