-10
-2.76
0.99
-1.36
-3.89
3.04
3.65
-0.62
-1.6
-3.54
2.64
0.43
2.38
1.86
-3.66
-1.52
-3.97
3.99
-2.84
-3.01
2.36
-0.58
2.2
-3.33
-2.26
-3.7
1.72
-3
-3.36
2.14
0.83
0.62
0.09
2.98
3.3
3.96
1.18
0.35
0.57
0.1
-0.83
1.84
-1.66
2.55
-0.53
-0.94
-0.68
-3.58
-2.97
-2.94
3.17
-2.99
-1.59
-3.38
2.29
-1.31
1.15
3.51
0.83
0.29
-1.02
-1.28
-1.26
0.69
1.33
1
0.97
3.05
-2.48
3.39
2.54
-2.75
2.54
3.97
1.2
-3.67
0.97
2.79
-3.01
-0.36
1.19
-0.26
3.28
3.96
-0.68
2.59
0.39
3.22
2.49
2.46
-2.97
2.78
-1.66
3.6
3.82
3.44
0.46
2.81
1.37
0.93
-1.19
0.24
1.79
2.96
-0.98
0.02
0.42
0.84
0.73
1.99
3.94
-1.13
0.34
0.63
0.73
3.2
-3.82
-2.04
1.8
2.65
-0.41
3.69
