-3
-1.05
1.06
3.86
-1.98
0.9
2.98
0.15
1.17
3.08
-0.05
2.8
-3.15
-2.32
1.06
-0.45
-3.72
1.02
-3.45
-1.54
1.71
-1.74
0.58
2.17
0.21
3.97
1.33
3.94
1.46
3.9
2.03
-3.64
-0.06
0.61
0.16
0.94
2.87
-2.12
3.23
-3.73
-3.86
1.66
-3.87
3.76
-0.47
0.84
2.65
-3.02
-2.19
-1.05
0.29
-3.95
-3.06
-2.24
1.28
-2.63
-0.24
-0.23
0.96
-3.57
-4
3.22
-0.55
-2
0.38
2.28
1.22
-2.75
-3.7
1.87
-3.57
-2.43
-1.09
-3.49
3.13
-0.25
-0.51
-3.34
-0.2
1.95
3.45
-3.21
2.25
3.17
-3.22
1.46
-2.04
0.2
3.28
-0.84
-2.83
-2.53
1.25
-3.08
-3.6
1.62
-1.37
1.22
0.12
-0.03
3.84
-2.65
3.96
-3.16
-2.04
-3.63
-3.83
-2.42
0.25
3.37
-3.2
-2.34
-2.65
-2.6
-3.27
-0.43
-0.24
2.57
-3.78
-2.06
-1.36
-3
