-5
0.84
-3.69
3
-0.84
1.07
-3.53
0.95
0.97
2.13
3.22
0.88
1.11
0.48
0.87
2.14
-2.68
3.61
0.48
-0.48
-1.46
3.66
-0.29
1.33
-2.42
2.99
0.47
1.12
0.97
0.25
3.46
-2.67
0.6
-1.17
3.56
2.44
0.87
-1.21
1.66
2.27
-2.58
3.37
2.25
-0.19
-2.55
-1.19
-2.74
3.18
-3.3
-1.58
-3.32
-1.71
-0.68
-3.41
-1.93
3.38
1.58
-1.28
1.49
0.17
-1.24
-2.84
0.68
-2.15
-1.8
-1.6
3.79
2
-2.44
2.6
0.09
-3.26
1.33
-1.2
2.94
3.01
-1.37
-2.14
-0.12
-1.25
-3.26
-2.99
0.45
-2.36
-1.19
1.17
-2.68
-3.49
-0.45
-3.82
1.43
-1.05
-3.49
-1.68
-2.57
-2
-3.6
1.01
-2.38
-2.75
-1.65
-1.95
1.3
1.42
3.01
-0.82
-1.84
0.96
-0.94
2.55
-1.77
-0.69
2.85
-3.59
1.6
-1.08
2.87
-1.09
-3.35
2.62
3.09
1.01
