-10
3.79
1.71
-1.36
3.55
3.04
3.17
0.56
-1.6
0.23
2.64
0.43
-3.78
0.62
-2.4
-1.73
-3.97
0.66
-2.04
-3.63
-1.6
-0.2
2.48
-3.33
-2.26
0.2
1.72
1.73
-2.32
2.62
-2.56
-2.94
3.18
0.04
-2.49
-3.65
2.54
0.35
-1.01
0.1
-1.47
1.84
-2.7
2.55
-0.53
-0.94
-3.95
-0.51
-2.97
-2.94
0.95
2.14
-1.59
-2.38
1.64
1.39
-2.42
2.93
1.73
0.29
0.06
2.82
-1.34
-2.88
1.33
3.6
-0.69
-4
-2.48
2.1
2.54
-0.96
2.54
-3.84
-0.01
-3.67
-0.89
0.8
0.79
1.48
3.53
0.99
-2.36
3.96
-0.68
2.81
2.15
1.96
1.37
2.46
-2.97
-2.05
-1.64
1.63
3.82
1.65
1.11
-1.43
-2.43
0.93
-1.22
-0.79
-0.72
0.45
2.94
2.31
2.36
-3.51
0.73
1.99
3.94
3.19
-1.93
-0.85
0.73
3.44
0.49
-4
-0.46
-2.5
-3.94
3.69
