-8
-1.23
0.45
-2.79
-2.37
-0.17
-0.42
-3.04
1.95
-2.2
3.34
0.31
-0.16
-3.59
-0.75
-1.75
0.09
0.92
0.77
-2.09
-1.69
-2.53
-2.77
1.81
2.36
2.48
2.36
-1.28
3.74
-2.19
-1
-0.85
-3.54
-0.93
-0.95
-0.2
0.37
-1.42
1.11
2.48
-1.29
-1.3
-0.41
3.79
2.12
1.05
-1.37
-1.41
2.1
-0.66
1.15
-2.36
3.07
1.96
-1.94
1.39
-1.44
2.69
3.92
1.72
0.27
-1.47
-2.33
0.84
-0.75
-2.08
2.12
-3.09
-1.15
-0.84
-1.14
2.65
-2.6
3.34
-0.1
2.42
0.14
-2.72
-2.91
1.68
-0.73
-0.17
-3.04
2.8
2.04
-3.57
0.47
1.49
1.38
1.7
-0.3
-3.83
1.52
-1.28
-2.69
-2.98
-0.87
-3.75
-0.76
1.35
3.92
-2.01
0.16
-1.13
1.15
0.06
-0.79
-0.38
-0.35
1.04
2.52
2.44
1.83
0.48
0.93
-3.32
-2.04
1.61
-3.15
2.05
0.31
-0.25
