-8
3.93
1.99
-2.16
-2.3
-2.53
-1.29
-3.57
2.23
-2.1
-1.43
-3.92
-3.84
-1.11
-0.55
-3.01
-3.92
1.3
-0.32
2.09
1.24
1.09
0.7
1.66
-1.24
1.9
1.03
2.34
-1.3
-0.23
-0.35
-1.33
-1.11
-0.12
1.05
-0.83
2.11
-1.87
-3.44
2.42
3.8
1.67
3.47
-3.35
0.16
-0.84
3.88
-1.41
1.09
0.9
1.9
2.86
2.99
2.78
-1.81
0.85
0.22
0.39
3.12
1.27
-1.16
-2.71
-3.49
-0.05
-2.2
3.9
0.36
-3.24
3.86
2.12
-2.22
-0.06
3.94
1.14
2.12
-1.23
0.45
1.68
3.45
3.26
-0.21
0.48
-0.56
-1.44
-1.96
-2.55
2.95
3.98
-2.32
0.17
-2.88
-1.79
-3.12
-0.71
1.62
1.61
-2.95
-2.02
2.95
0.26
2.8
0.18
1.96
2.98
0.43
2.56
2.58
-1.83
-3.28
2.06
-1.63
-3.71
-1.62
-0.29
0.81
-2.94
-2.5
-4
1.57
3
3.62
-0.98
