-9
-2.76
3.77
-1.38
-3.89
3.04
3.17
0.56
-1.6
0.23
2.64
-1.84
2.38
0.62
3.62
1.17
-3.97
0.66
3.29
-3.63
-1.45
-0.2
2.48
-3.33
-2.26
1.18
1.72
1.73
-0.34
2.62
-2.56
-2.94
-2.63
2.98
-2.49
-3.65
-2.59
0.35
-1.01
-2.26
-1.47
3.85
-1.66
-0.72
-0.53
-0.94
-3.95
-0.51
-2.97
-3.31
-0.52
2.14
-1.59
1.84
-2.79
-1.31
-0.65
2.93
0.83
0.29
0.06
2.82
-1.26
-2.88
1.24
3.6
-1.2
-0.54
-0.66
-0.28
-0.62
-0.96
1.58
-1.59
1.2
0.89
0.97
0.17
-3.01
-0.36
3.53
-0.26
-2.36
-0.46
-0.68
2.59
2.15
1.96
1.37
2.46
0.26
-2.05
-1.64
1.63
3.82
-0.95
0.46
-1.43
1.37
0.93
-1.19
-0.79
-0.72
2.96
-0.98
0.02
2.36
0.84
0.73
1.99
3.94
-1.73
-1.35
-0.85
3.04
3.44
0.49
-4
-0.46
2.65
-3.94
3.69
