-12
2.89
-3.69
1.8
-0.84
1.07
-3.76
1.38
0.97
2.43
3.61
0.88
1.11
-2.66
1.68
-0.36
-2.68
3.61
0.06
1.12
-3.13
-0.56
-2.05
0.56
-2.42
2.99
0.47
0.56
-2.3
-2.31
3.46
-3.01
1.4
-1.17
2.6
2.44
0.87
-1.21
1.66
2.27
-0.07
3.37
2.25
0.55
-3.05
3.78
1.85
0.53
-3.3
-3.51
3.58
-3.95
-0.68
-2.73
-1.93
3.38
1.58
-3.86
2.82
0.17
-0.25
-2.98
0.68
-0.72
-1.8
-1.6
-0.25
3.67
-2.44
2.6
-2.25
-3.26
1.33
3.01
-0.95
3.83
-1.37
2.89
-0.12
-1.25
-2.89
-2.99
0.45
-2.23
3.52
1.17
0.23
-0.68
-0.45
-1.54
1.43
-1.05
-3.49
-2.91
-1.48
0.22
3.36
-1.6
-2.38
-2.75
2.06
-1.95
-1.06
-1.61
3.01
-0.82
-0.42
2.39
-0.74
1.07
-1.77
-0.69
2.85
2.26
1.6
-1.08
-3.32
-1.09
-1.83
2.62
3.09
2.49
