0
1.43
2.78
-1
2.31
-1.01
3.7
0.09
0.48
-3.66
-0.74
0.38
0.69
-3.84
0.97
2.25
-0.12
1.87
1.91
-1.22
-3.81
-1.02
1.06
-1.98
-3.44
-1.31
-1.67
-2.85
-2.82
-1.45
-2.98
1.94
3.86
-0.68
-2.62
1.51
2.5
1.66
0.37
1.94
2.9
2.97
-2.48
-2.11
-1.65
-3.81
1.95
3.68
2.88
3.41
3.08
2.53
-1.53
-3.28
-2.53
0.05
0.31
0.98
-3.91
-3.98
-1.61
2.54
-1.84
-1.47
-0.9
3.68
-0.86
-0.85
-0.8
-3.97
2.56
1.75
-0.21
-2.55
2.62
1.34
2.19
3.13
-1.32
-2.99
3.45
2.51
-1.22
-3.88
-1.28
0.91
-0.35
0.98
1.41
-0.73
0.38
-2
3.84
-1.91
2.75
-0.18
2.95
-1.99
1.3
-2.11
2.77
-1.69
2.92
-3.9
-1.58
2.47
1.46
-2.51
-1.43
0.25
-3.57
1.79
-1.6
1.87
-1.67
1.95
-2.93
2.55
0.28
-1.54
-2.7
-2.22
