-3
-1.28
-2
1.2
-2.37
-1.65
3.28
-2.95
-1.36
-2.2
1.22
-2.24
-0.16
2.83
-0.75
-2.63
2.52
0.19
0.77
3.76
3.5
-2.53
0.36
-2.6
2.36
-3.53
2.36
-1.28
3.62
3.07
-1
-0.46
-1.62
-0.93
-0.95
-0.2
0.37
2.36
1.11
-3.58
-1.59
-3.94
-1.52
2.07
-0.38
1.05
-1.37
2.57
2.1
-1.64
1.15
-0.21
3.07
1.96
-1.94
3.17
-2.46
-2.29
3.65
-2.51
-0.99
-3.63
3.62
0.84
2.8
-2.08
2.12
-3.09
-1.15
0.88
-1.14
2.65
1.89
-3.34
-0.1
1.18
-0.23
2.44
-2.91
1.68
3.23
-0.17
1.97
2.8
-2.99
-3.78
-1.77
0.63
1.38
2.65
-0.04
-0.29
1.52
-3.21
-1.39
-2.98
0.78
2.87
3.49
1.35
2.62
-0.89
-3.69
-1.13
1.78
-3.48
-1.54
1.08
-0.35
0.55
0.12
2.44
1.83
0.48
0.93
-3.32
0.49
1.61
3.83
3.11
3.34
3.97
