-2
-2.76
1.71
-1.36
-3.89
0.99
3.17
-0.62
2.2
0.23
-0.43
0.43
-3.66
-1.82
2.15
1.17
-3.97
3.99
-2.04
2.52
-1.6
-0.2
2.2
3.33
-2.26
-3.7
1.72
0.42
-3.36
2.62
2.37
-0.08
3.18
0.04
3.3
0.13
-2.93
0.35
-0.93
-2.26
-0.83
3.85
-1.66
2.55
0.84
-0.94
-3.95
3.07
0.9
-3.31
-1.55
2.14
-1.59
1.48
1.64
-1.31
-0.65
0.2
0.83
0.29
2.67
2.82
-1.34
0.26
-1.47
3.6
0.97
3.12
1.08
-0.28
2.54
3.68
0.5
-1.59
-3.72
-3.67
-0.89
0.8
-3.01
1.48
1.19
0.99
-2.45
3.96
-3.56
2.59
0.87
1.96
2.49
-2.41
0.26
2.78
-1.66
-0.32
3.82
1.21
3.63
-1.43
1.29
-0.87
-1.19
-0.79
-0.72
1.43
-0.98
0.35
1.47
-3.51
-2.52
-2.61
3.76
2.56
-0.11
0.63
-2.42
3.2
0.88
-0.84
1.8
2.65
-0.41
3.69
