-4
2.89
-1.76
3
-0.84
-1.11
-3.53
0.95
-1.95
3.71
-0.26
0.88
1.11
-0.29
1.68
-3.05
-1.93
2.33
-3.8
-0.48
-3.13
-3.33
-2.05
-2.8
0.73
2.99
0.47
3.7
-2.29
0.25
-0.7
1.36
0.6
-0.46
2.6
2.14
0.87
3.33
1.59
2.27
-0.07
3.84
2.25
-2.74
0.01
-3.76
-2.74
0.53
-3.3
-3.51
3.58
-3.95
-0.68
-2.73
2.36
3.38
3.88
-1.28
1.49
0.17
-0.65
-2.84
-3.99
-0.72
3.92
-1.6
1.42
3.67
-2.44
3.01
-2.25
-1.07
0.47
3.01
2.94
-1.79
-1.37
2.89
-0.36
-1.25
-2.89
-2.59
0.45
0.81
-1.19
1.08
3.87
2.93
1.03
-3.82
1.43
-1.05
-3.49
-1.68
-1.48
-2
3.43
1.86
-2.12
2.33
-1.65
-1.95
3.25
1.42
-1.68
-0.82
-1.84
1
3.61
-3.67
-1.77
-0.69
-3.27
-3.59
-3.11
-1.21
-3.32
-0.79
-1.83
0.28
3.09
-2.57
