-8
1.71
1.99
-2.16
-2.3
-1.26
-2.13
-3.57
-3.98
-3.15
-1.43
1.1
-3.84
1.18
-0.55
1.07
-1.72
1.3
-0.32
-1.48
1.24
-0.4
0.7
1.66
-3.01
0.24
1.03
-2.91
-2.87
-0.23
0.77
-0.58
-1.11
-2.3
1.05
-0.32
-1.89
-1.87
3.73
2.42
3.8
1.67
-3.81
-0.78
0.16
-2.24
-2.64
3.45
-3.65
-0.51
1.9
0.22
2.76
-2.54
0.31
0.85
0.22
2.53
1.21
1.08
-1.16
-2.34
-3.49
0.39
1.37
3.9
0.36
-0.49
3.86
2.12
-3.64
1.13
0.17
-1.18
3.64
-1.23
0.16
-3.07
-1.27
-1.55
-0.21
1.73
-1.05
-1.44
3.43
-1.18
0.44
3.98
-2.32
0.17
3.14
3.16
-0.2
1.54
-1.81
1.61
-2.95
-2.02
-3.03
0.26
-3.89
3.52
-3.73
2.3
3
1.06
2.58
1.4
-3.28
2.06
0.31
-3.71
-1.62
-0.29
-0.12
-0.46
-2.5
-4
-1.65
-1.91
1.89
-0.2
