-9
0.06
-2.67
1.41
3.5
-3.51
-2.48
-1.3
2.93
3.53
-1.72
0.22
-2.89
2.28
-2.17
-2.29
3.39
-3.56
1.21
-3.71
-1.53
1.41
-2.09
-1.86
-3.65
-0.96
2.32
3.44
2.57
-1.06
-0.46
-3.9
3.52
2.42
1.35
1.66
-0.8
0.77
1.22
-0.97
-0.84
-2.88
1.34
-2.63
0.48
-3.31
-1.71
-2.67
-2.13
1.91
-0.25
-0.83
3.69
-3.22
-3.43
-0.46
-1.86
3.2
1.05
0.45
-1.83
-1.91
0.13
-0.01
-0.02
-1.82
0.71
-1.31
-3.08
0.17
2.52
-1.39
-0.77
-1.83
1.13
-2.65
-3.94
-3.47
1.67
3.67
-3.26
0.99
1.56
-3.35
3.19
-3.64
-3.58
2.74
1.85
-2.19
-0.48
0.01
3.72
-3.24
-3.15
-2.93
0.99
-2.66
1.39
-1.71
-0.02
3.61
-3.6
1.71
3.4
-2.86
3.95
1.52
-0.35
3.23
-0.53
-2.39
-2.48
1.38
-0.3
1.19
0.53
-0.52
0.8
-0.38
-2.24
1.98
