-2
2.96
1.5
-1.15
-0.59
1.54
0.93
1.81
2.42
-0.2
-0.76
-3.14
1.08
-2.39
3.2
-3.01
1.55
0.66
2.67
0.91
0.3
-2.59
1.99
-0.49
-1.39
0.68
0.01
0.7
-3.64
-0.91
-1.26
3.46
-1.4
-3.2
-3.34
2.48
-0.71
-3.01
3.9
3.1
2.07
2.52
-2.23
3.41
2.52
-0.89
-0.51
-1.59
-3.51
2.17
-1.8
1.34
-1.14
-0.06
2.52
0.69
-3.04
-2.02
-3.76
2.73
-2.48
-3.77
1.44
-0.67
-2.95
-0.22
2.27
0.27
-3.06
-3.29
1.71
0.56
0.77
3.58
2.84
1.78
3.64
2.58
0.99
3.51
-2.82
-2.4
0.2
-1.8
-3.12
1.41
0.59
2.67
-1.71
-0.03
1.51
-2.69
-3.26
-2.84
1.57
1.83
-2.92
2.45
2.35
-1.27
0.84
3.22
-2.53
3.79
-3.55
1.64
-3.43
-0.71
1.1
-3.26
1.06
-1.61
0.99
-3.26
1.55
3.93
0.04
-0.76
-1.56
-0.35
3.2
3.61
