-6
-3.98
-3.19
-2.96
-0.77
2.53
2.3
3.8
1.87
-1.66
1
1.75
-1.26
1.09
2.01
-3.7
3.19
-2
-1.97
1.82
1.22
3.24
-1.96
-3.48
3.77
2.84
-1.8
1.34
2.66
-0.09
1.51
0.24
-1.7
-0.96
0.94
-0.75
2.88
2.53
0.43
-3.29
-3.52
-0.03
2.7
1.82
0.21
3.07
2.47
1.58
-0.45
1.28
-0.04
-1.8
0.32
-2.33
-2.56
-0.25
1.98
-3.72
-2.73
0.4
0.32
-3.05
-2.87
-2.05
0.83
-3.25
-0.56
3.7
-3.86
-1.24
-2.57
-3.35
1.58
-2.68
1.34
-2.75
-3.46
0.23
0.32
-3.3
-3.63
0.63
-2.21
-2.62
3.96
-0.7
3.92
-3.37
-2.4
-2.81
1.27
2.59
1.25
-3.97
0.39
3.53
-1.17
0.74
-3.02
-0.55
-0.38
2.77
1.43
-3.21
-0.16
-0.7
0.63
-1
0.33
-3.81
-0.79
-2.25
-0.03
-3.43
0.02
3.7
3.17
3.75
-2
-2.47
-3.16
-1.19
