-5
-1.9
3.29
3.75
-1.29
-2.46
-0.1
-1.45
2.68
-1.44
1.77
-1.89
1.86
-1.81
0.69
1.99
3.37
-0.69
-0.63
2.38
3.71
3.09
2.11
-3.71
-0.17
1.84
0.36
-0.95
2.31
-3.25
3.52
2.41
-3.76
1.51
-2.12
3.75
-3
-2.46
3.24
-2.58
-0.41
-3.88
0.1
-0.88
-2.58
-1.07
-1.39
1.94
-0.76
3.57
2.02
-3.19
-3.17
1.89
3.06
-1.85
-0.4
1.74
1.68
1.43
-0.06
0.21
-2.84
-0.38
-2.49
2.29
1.85
-1.9
1.68
-3.72
-1.04
-2.2
-1.29
-2.5
2.29
1.46
0.67
3.84
-1.24
2.79
2.47
-0.44
-1.16
2.48
2.69
1.53
-0.42
-2.96
1.95
1.08
0.26
1.15
-3.05
-1.82
0.54
2.66
-1.08
-0.33
-3.69
-0.91
-0.88
1.57
-3.68
-1.47
2.8
0.8
-1.98
2.82
3.28
2.43
-2.05
1.14
0.57
3.25
1.78
0.28
0.05
1.98
-1.06
-0.51
2.84
-3.96
