0
0.01
1.99
-2.16
-2.3
-1.8
-2.13
-3.57
0.78
-3.15
-2.56
-3.92
-3.84
1.18
-0.55
-3.01
-3.92
3.64
-2.05
-1.48
1.24
-0.4
0.7
0.48
-1.24
0.24
1.03
-2.91
-2.87
0.57
0.77
-0.58
-1.11
1.29
1.05
-0.83
-1.89
-1.87
-3.89
2.42
1.87
1.67
3.47
-3.35
-1.61
-0.84
3.88
3.45
-1.31
3.36
-3.45
2.86
-0.66
2.78
0.31
-1.82
-2.86
0.39
0.78
1.31
1.59
-2.34
-3.49
-2.37
1.37
3.9
-1.01
-0.49
3.86
-0.09
-3.64
1.13
-3.72
-1.18
2.12
-1.23
0.45
-3.07
3.45
-1.55
-0.85
0.48
-3.99
3.52
-3.36
-1.18
0.11
3.98
2.87
-3.93
-2.88
1.72
-3.12
-0.71
1.62
1.61
-2.42
-2.02
-3.03
1.01
2.39
3.52
-3.73
2.3
3
-3.23
2.58
2.58
-0.85
2.06
1.44
3.43
1.19
-0.29
3.3
-2.94
1.86
2.07
-3.01
3
3.62
-0.98
