0
-0.51
-1.16
-2.79
-2.37
-1.65
-0.42
-1.06
-1.36
1.05
3.34
0.31
1.18
2.83
-2.82
-2.63
0.09
0.19
0.77
-2.09
-1.69
-2.53
0.36
-2.6
2.36
2.48
-3.13
-1.28
3.74
3.07
-1
-0.46
-3.54
-0.93
-0.95
-0.2
0.37
-1.42
2.55
-3.58
-1.59
1.03
-0.84
1.05
2.12
1.1
-1.37
-3.41
2.1
-1.64
-1.52
-0.21
3.07
1.96
-1.94
3.17
-1.44
2.69
-3.8
1.72
0.27
-1.47
3.62
3.07
-0.75
-0.83
1.54
3.31
-1.15
1.3
-1.14
2.65
-2.6
0.02
-0.1
-0.23
0.14
2.44
-2.91
0.6
-0.73
-0.17
-3.04
2.8
-2.99
-1.76
0.47
0.63
1.38
2.65
3.34
-3.83
1.52
-1.41
-1.39
-1.97
-0.87
-0.38
3.49
1.35
1.07
-2.01
-3.69
-3.95
1.15
2.5
-1.54
1.08
-0.35
0.55
0.12
2.44
1.83
-3
0.93
-3.32
-2.04
2.87
-0.04
-3.75
3.62
-0.25
