-2
-0.22
-3.13
1.15
2.31
-2.6
0.96
0.09
2.67
-2.4
1.22
0.38
2.92
-3.84
0.97
2.25
-0.91
-0.82
-4
0.81
3.25
-1.02
3.97
1.03
-3.44
-1.31
0.13
-2.85
3.6
-1.45
-2.98
1.83
1.21
-1.56
-2.62
1.17
2.5
0.56
0.87
1.94
2.9
2.97
-2.48
-3.38
-1.65
-3.81
0.1
-3.28
1.91
-2.95
3.08
2.53
-1.53
-3.28
-2.53
3.64
-0.18
0.98
1.21
-3.98
-2.16
2.54
-1.84
3
-0.9
-1.85
-1.83
0.96
-2.45
-3.44
0.26
1.75
-0.21
-3.2
1.41
0.93
-3.56
3.34
-1.67
-1.66
3.45
0.05
-1.22
-3.88
-1.28
-1.83
3.59
0.98
3.23
-0.73
3.39
1.7
3.32
1.23
2.75
-0.82
2.95
2.36
3.02
-2.11
-0.74
2.04
-1.73
-3.9
-1.58
-3.48
-3.79
-2.51
-1.43
0.25
-3.57
1.79
3.1
-2.09
0.68
-1.76
-2.93
-2.46
2.37
-1.54
3.76
-1.75
