-2
1.39
0.05
0.22
-2.38
2.81
-0.4
-2.09
3.91
-1.88
3.9
2.3
3.24
-2.72
2.05
2.77
1.26
-0.12
-0.72
2.2
3.31
-1.98
-1.86
-3.33
1.12
-3.13
1.67
-1.92
-3.93
-3.22
-3.17
3.89
-2.8
-2.61
-2.6
-0.94
-1.69
-0.92
-1.23
-1.77
-2.6
1.87
0.6
0.47
-0.92
2.6
-1.72
3.51
0.12
-0.84
-2.4
3.41
0.92
1.92
-2.5
4
-1.57
-2.63
-2.92
0.42
-2.86
2.76
-3.79
-1.56
-0.7
-3.97
0.38
1.34
2.67
-0.94
-0.49
-1.79
3.75
1.47
2.53
2.32
-1.85
-3.2
1.81
-3.76
2.33
-3.68
2.83
3.02
0.31
-0.78
-1.68
0.33
1.31
-0.21
3.9
-2.9
2.23
0.38
-2.39
-1.28
2.25
0.2
0.87
-3.54
2.52
3.69
-2.81
1.57
-0.73
0.18
-0.42
-0.17
-0.11
-2.67
3.44
-0.6
2.08
0.67
-2.68
3.12
1.71
-1.48
0.98
2.3
0.73
-0.36
