-8
3.93
1.99
-2.16
-2.3
-1.8
-2.13
-3.57
2.23
-3.15
2.42
-3.92
-2.32
-1.11
-0.25
-3.01
-1.72
3.64
-0.32
-1.48
2.21
1.09
0.7
1.66
-1.24
0.24
-3.17
2.34
-1.3
-0.67
-2.33
-0.58
0.59
-0.12
1.05
-0.32
-1.89
-1.87
0.76
2.42
2.51
1.67
3.47
-3.35
0.16
-0.84
3.88
3.45
-1.31
0.9
1.9
2.86
2.76
-2.54
0.31
-1.23
0.22
2.53
3.12
0.18
-1.16
-2.34
3.52
-2.38
3.68
3.9
-1.01
-0.49
3.86
2.12
1.55
1.13
0.17
2.46
2.12
-1.23
0.45
3.1
-1.27
-1.55
-0.21
3.75
-0.56
3.52
-3.36
-2.55
2.95
3.98
2.87
-3.93
3.14
-1.79
-3.12
1.54
1.62
1.61
-2.42
-2.02
-3.03
0.26
2.39
3.52
0.12
2.3
0.43
3.64
2.58
-1.83
-2.64
2.06
-2.33
-3.71
-1.62
-0.29
0.81
-2.94
1.86
2.07
-3.49
3
3.62
0.24
