-2
-3.19
-3.62
3.86
0.2
-1.94
2.98
0.15
1.17
3.08
-2.58
2.71
-3.15
-2.32
-3.6
-0.45
-3.31
1.02
-3.45
-1.54
-3.94
1.1
-2.35
-0.75
-3.3
0.16
-3.11
1.37
-0.42
-0.84
0.77
-3.64
-0.06
0.19
0.16
-1.09
-2.38
3.65
3.23
2.7
-2.98
-2.97
-3.87
3.76
-0.47
0.84
-3.04
-3.02
-3.75
-3.43
0.92
-0.41
0.83
3.72
1.28
-1.25
2.18
-2.86
3.06
-0.96
3.57
3.27
-0.55
1.47
0.06
2.28
1.22
-2.75
-3.7
1.87
-3.57
0.08
0.32
-3.49
3.13
-0.25
-0.51
-3.21
-0.2
1.95
3.45
0.36
-2.68
3.17
-3.22
-1.36
-2.04
-0.16
3.28
-0.84
-2.83
-2.53
1.25
-3.08
-3.6
1.62
-1.37
2.14
3.14
-2.72
3.32
1.81
3.96
-2.41
-2.04
-3.63
-3.83
-0.4
0.25
3.37
-3.2
-2.34
-2.65
2.09
1.87
-0.43
3.98
3.21
-3.78
0.3
-2.54
2.05
