-2
1.39
0.05
-1.31
-2.38
2.81
3.76
2.36
0.41
-0.02
-0.55
2.3
2.73
-2.72
2.05
2.77
4
-0.74
-0.67
2.2
-1.6
-1.98
0.33
1
3.72
-2.96
1.67
-1.15
4
-3.22
-1.82
0.74
-2.8
-2.61
1.8
-0.94
2.53
-0.92
2.86
1.72
-2.6
1.87
0.6
-3.95
-0.92
3.37
0.54
3.51
-1.21
-0.84
-2.42
3.41
0.92
-2.59
-1.54
4
-1.57
-1.92
-2.92
1.23
1.56
2.76
-3.79
-3.06
-0.72
-3.97
0.01
-3.03
2.67
-0.94
-0.49
-1.79
3.75
0.24
2.53
0.92
-0.49
1.41
1.81
-1.22
1.38
-3.68
1.93
3.12
0.31
3.38
3.82
-3.75
-0.05
3.15
3.9
-2.9
2.68
0.61
-2.39
-1.28
2.25
2.99
0.87
2.71
2.52
-2.39
-1.97
1.7
-0.27
0.18
-0.42
-0.17
-0.11
2.13
1.69
-2.35
1.05
0.67
1.09
-0.58
1.71
-1.48
0.3
0.67
-0.22
-0.36
