-5
0.84
-3.69
3
-0.84
1.07
-3.53
-2.42
0.97
2.13
3.22
0.88
1.11
-0.29
1.68
2.14
-3.88
3.61
0.06
-0.48
-1.46
3.66
-0.29
-2.8
-2.42
2.99
0.47
1.12
0.97
0.25
3.46
-2.67
0.6
-1.17
2.6
2.44
0.87
-1.21
1.59
2.27
-0.07
3.37
-3.71
2.36
-2.55
-1.03
-2.74
2.86
-3.3
-1.58
3.58
3.34
-0.68
-3.41
-1.93
3.38
1.58
-1.28
1.49
0.17
-1.24
2.51
0.68
-1.85
-1.8
-1.6
3.79
3.67
-2.44
2.6
0.09
-3.26
0.47
-1.2
3.83
3.01
0.25
-2.14
-0.12
-1.25
-3.26
-2.99
0.45
-2.23
-1.19
1.17
-2.68
-3.49
-3.82
-3.82
1.43
-1.05
-3.49
-1.68
-2.57
0.22
-3.6
1.01
-2.12
-2.75
-0.97
-1.95
3.25
-3.49
3.01
-0.82
-0.42
2.39
2.74
1.07
-0.47
-0.69
3.09
2.26
-1.05
-1.08
-3.32
-1.09
-2.29
0.28
3.09
1.01
