-2
1.43
-3.4
-1
2.31
-2.6
3.7
0.09
0.48
-0.2
-0.74
0.38
2.92
3.7
0.97
2.25
-0.91
-0.82
-4
-3.63
3.25
0.27
3.97
-0.37
-3.44
-3.49
-1.81
-2.85
-3.57
-3.38
3.57
-3.71
3.86
1.36
-2.62
1.51
-1.75
1.66
0.87
1.46
2.9
2.97
-2.48
-0.11
-2.95
-1.52
1.95
3.43
2.88
3.19
3.43
-2.03
-1.53
-3.28
-2.53
0.05
-0.05
0.98
-3.91
1.97
-2.16
3.11
-1.84
-3.6
0.91
0.42
-0.86
0.96
-2.45
-0.68
0.26
1.75
0.15
-3.2
2.62
1.34
-3.56
3.13
-1.32
-1.66
3.45
2.51
-2.2
-3.88
-1.28
0.91
-0.35
1.29
3.23
-1.45
3.39
0.82
0.65
-0.42
2.75
-0.18
2.95
3.14
1.89
-1.81
3.52
2.04
-0.95
3.27
-1.58
2.47
2.51
-2.51
-0.68
0.25
-3.57
1.79
-1.6
3.43
0.68
-1.76
0.84
0.25
1.46
1.16
-3.58
-2.22
