-10
3.79
0.99
-1.36
2.76
3.04
3.17
0.56
-1.6
-3.74
-0.39
0.43
2.38
0.27
-2.4
-1.73
-3.97
0.66
-2.04
-3.63
-1.45
1.46
2.2
-3.33
-2.26
-3.27
1.72
0.56
-2.32
2.62
2.37
-2.94
3.18
2.98
-2.49
-0.03
-2.59
0.35
-1.01
0.1
-1.47
1.84
-2.7
2.55
-0.53
-0.94
-3.95
-0.51
-2.97
-2.94
-0.52
2.14
0.56
-2.38
1.64
1.39
1.15
3.44
1.73
0.29
0.06
2.82
-1.34
-2.88
1.33
3.6
0.97
-4
-2.48
-0.28
2.54
-0.96
2.54
-3.84
-0.01
-3.67
0.97
0.8
-3.01
-0.36
2.27
-0.26
-2.36
3.96
-0.68
2.59
0.72
1.96
2.49
2.46
0.26
-2.05
-1.64
1.63
3.82
-0.95
2.93
-1.43
-2.43
-0.54
-1.22
-0.79
-0.72
2.96
2.94
2.31
2.36
-3.51
0.73
1.99
3.94
3.19
-1.93
0.63
0.73
3.2
-3.82
-4
1.8
-2.5
-3.94
3.69
