0
-1.28
0.45
-2.79
-1.21
-1.65
-2.81
-3.04
1.95
-2.47
-1.16
2.58
1.35
2.83
-0.75
-1.75
0.09
-3.59
2.37
1.69
2.52
0.07
0.36
-2.6
2.36
2.48
-3.13
-0.14
3.62
3.07
-1
-0.46
0.42
-0.93
-0.95
-0.2
0.37
-1.42
-3.03
-3.58
-1.59
-0.65
-1.31
3.79
0.72
1.16
0.11
2.57
1.59
-0.66
1.15
-0.21
1.75
1.96
-1.94
3.17
0.87
2.69
3.92
1.72
3.83
0.84
1.05
1.03
-0.75
-2.08
2.12
2.37
0.31
-0.84
-1.14
2.65
-2.6
3.34
1.07
0.94
0.14
-2.72
-2.91
0.6
-0.73
3.79
1.97
2.8
2.04
-3.78
-3.53
0.63
1.38
2.65
-0.3
-3.83
1.52
-1.41
-2.69
-2.98
-2.95
3.26
-0.76
1.35
3.92
-2.01
0.16
-3.95
-0.31
2.5
-1.54
-1.73
-3.39
0.96
0.12
3.35
1.78
-3
0.93
-3.32
0.49
0.49
-3.15
3.92
-3.5
3.76
