-8
0.01
1.99
3.98
-2.3
-2.53
-1.29
-0.54
0.78
-3.15
-1.43
-3.92
-2.32
-1.11
-0.55
-3.01
-1.72
3.64
-2.05
2.09
3.48
1.09
-1.71
-0.77
-1.59
1.9
1.03
-2.91
-1.3
1.66
-0.35
-1.33
-1.11
1.29
1.05
-0.83
-1.89
-3.42
0.76
2.42
2.51
-2.67
-3.81
-0.56
0.16
-0.84
3.88
-0.45
-0.81
0.9
1.9
2.86
2.76
-2.54
0.31
0.85
-2.86
2.53
0.78
1.31
-1.16
-0.58
-3.49
-0.05
-2.2
3.9
-1.01
-0.49
3.86
2.12
-3.64
1.13
2.15
-1.18
2.12
-1.23
0.45
3.1
3.45
-1.55
-0.85
0.48
-0.56
-1.44
-3.36
-2.55
0.44
3.98
1.09
-3.93
-2.88
-1.79
-3.12
-0.71
1.62
1.61
-2.95
-2.02
2.95
0.26
2.8
-3.93
0.12
2.3
0.43
2.56
3.64
0.77
0.39
2.06
-1.63
-2.54
1.19
-0.29
0.81
-2.94
1.86
-4
-3.01
-1.91
3.62
-0.98
