-9
-2.76
0.99
-1.38
-3.89
3.04
3.17
0.56
2.2
0.23
2.64
0.43
2.38
0.27
3.62
-1.73
-3.97
0.66
1.62
-2.06
-1.6
1.46
2.09
-3.33
-2.26
-3.7
1.72
-3
-3.36
2.14
0.83
0.62
3.18
-0.57
3.3
-3.65
-2.93
0.35
-0.48
0.1
-0.83
1.84
-1.66
2.55
-0.53
-0.94
-0.68
-0.51
-2.97
-3.31
-0.52
2.14
-3.78
1.84
2.29
-1.31
1.15
2.93
0.83
0.29
-1.02
-1.28
-1.26
-3.07
1.33
3.6
0.97
3.05
-2.48
-1.11
2.63
-2.75
2.54
-1.59
1.2
2.43
-0.89
2.79
-3.01
-3.69
1.19
-0.26
3.28
3.96
2.98
2.59
0.39
3.22
2.49
2.46
-2.97
-2.19
-1.64
3.6
3.82
1.65
0.46
2.81
1.29
0.93
-1.19
0.24
-0.72
2.96
-0.98
0.02
2.36
-3.51
0.73
1.99
1.72
2.56
-1.35
0.63
0.73
3.2
-3.82
-2.04
-0.46
-2.5
-0.41
3.69
