-3
-1.23
-1.16
-2.79
-2.37
-1.65
-0.42
-3.04
1.95
-2.2
1.22
0.31
-0.16
2.83
-0.75
-1.75
2.52
0.92
-2.62
1.69
-1.69
-2.53
0.36
1.81
2.36
2.48
2.36
-1.28
3.74
-2.19
-1
-0.85
-3.54
-0.93
-0.95
-0.2
0.37
-1.42
-1.22
2.48
-1.59
-3.94
-0.41
3.79
-0.38
1.05
-1.37
-1.41
2.1
-0.66
1.15
-0.21
3.07
1.96
-1.94
1.39
-1.44
2.69
3.92
1.72
0.27
-1.47
1.05
0.84
-0.75
-2.08
1.54
-3.39
-1.15
-0.84
-1.14
2.65
-2.6
3.34
1.07
-0.23
-0.23
-2.72
3.45
1.68
-0.73
-0.17
-3.04
2.8
2.04
-3.57
0.47
-0.86
1.38
0.87
-0.3
-3.83
1.52
-1.28
0.1
-1.97
-0.87
3.26
3.49
1.14
3.92
-2.01
0.16
-1.13
1.15
0.06
-3.14
-0.38
-0.35
1.04
2.52
2.44
1.83
0.48
0.93
-3.32
0.49
1.61
-3.15
2.05
3.62
-0.25
