-5
-1.9
3.29
1.26
0.72
1.44
-2.1
-3.04
2.68
-1.44
1.77
-1.25
2.47
0.53
0.69
3.93
3.37
-0.69
-0.63
-1.13
0.92
3.09
-3.62
1.69
-0.17
-3.94
3.22
-0.95
0.07
-3.25
-3.41
-3.64
-1.71
-2.37
-2.12
-1.08
-1.52
2.65
3.24
-0.76
1.7
-1.67
0.1
-0.88
1.06
-1.92
-0.45
1.94
2.35
-0.68
3.53
-3.19
-3.17
1.89
3.08
2.95
-2.28
1.74
-2.93
-1.98
-0.38
0.21
-2.84
-2.2
0.32
-1.79
-2.55
-1.9
1.68
-3.49
-1.04
-2.2
-0.72
-2.5
-2.86
2.07
1.41
3.84
-1.24
-3.27
-0.4
-0.44
-3.77
-3.18
2.69
2.9
3.47
-2.96
-0.79
-1.61
0.56
0.64
-3.05
2.07
0.54
2.66
-1.08
-3.35
-2.4
-1.75
0.81
1.57
-2.64
-1.47
-2.92
0.8
-1.98
2.82
-3.37
2.43
2.04
-2.3
0.25
-2.75
-1.47
0.28
2.12
1.98
-1.06
0.44
-2.84
-2.25
