-8
3.56
0.05
-1.21
-1.37
3.93
3.76
-2.09
3.91
-1.82
0.69
-3.24
3.24
-0.33
3.68
1.36
4
-0.74
-0.67
2.2
3.31
-1.98
-3.55
1.76
1.12
-2.96
0.33
-1.15
1.72
-3.22
2.02
2.47
-1.01
0.76
-2.6
-1.17
-3.35
-0.92
2.86
1.72
-2.6
1.87
0.6
-3.95
0.16
2.6
0.54
3.51
-1.21
1.31
0.49
3.41
0.92
2.99
-1.54
4
-1.57
-2.63
-3.4
-1.53
1.56
2.76
-0.44
-1.56
-0.7
-3.97
0.01
-3.03
2.67
-0.94
3.34
-1.79
0.13
0.24
1.54
3.58
-0.49
1.41
-3.07
1.09
2.27
-2.42
-1.62
3.02
3.17
-0.78
3.82
1.84
-0.05
3.15
3.9
-0.72
2.68
0.38
-2.39
-1.28
2.25
1.24
0.87
-2.07
2.56
-3.43
-2.81
1.57
-0.73
-1.73
-0.42
-2.5
1.11
-2.55
1.69
-2.35
-1.55
2.85
1.09
-1.32
-3.18
-3.72
0.42
0.67
-0.22
2.17
