-4
-1.23
-2
1.2
-2.37
-1.65
-2.81
-2.95
-0.56
-2.47
1.22
2.58
1.6
-3.59
-0.75
-2.63
2.52
2.67
2.37
3.76
3.5
0.07
0.36
-3.49
2.36
-3.53
2.36
-0.14
3.62
3.07
-1
-0.46
0.42
-0.93
3.94
-2.37
0.37
-1.42
1.11
-3.58
-1.29
-0.65
-0.1
3.79
0.72
1.1
-1.37
2.57
1.59
-0.66
1.15
-0.21
1.5
1.96
-1.94
3.17
-2.46
-2.29
-0.76
-2.51
0.27
0.84
3.62
0.84
2.8
-2.08
2.12
-3.09
2.21
2.52
-1.14
3.04
1.89
-3.34
-0.1
1.18
-1.47
-2.72
-2.91
3.41
2.1
3.79
-3.04
2.8
-2.99
-3.78
-1.77
0.63
-0.39
2.65
-0.3
-3.83
1.52
3.02
-2.69
-2.98
-2.95
2.87
-0.76
1.35
2.62
-2.01
-3.69
-1.13
1.78
0.01
-2.25
1.08
-1.78
0.96
0.12
-1.68
1.83
0.48
-1.17
-3.32
0.49
0.49
3.83
1.39
-3.5
-2.14
