-10
1.43
-3.13
-1
0.02
-3.57
-2.54
-0.13
0.48
-0.2
-0.74
0.38
2.92
3.7
-0.68
-1.6
-0.12
-0.82
0.01
-1.22
-3.81
3.87
0.3
3.8
-3.44
-3.55
-1.81
2.58
-2.82
-1.45
-1.98
2.5
-2.87
1.36
-2.62
1.51
1.43
0.56
0.87
1.94
-1.78
2.71
-2.48
3.27
-1.65
-3.81
1.95
-1.95
1.91
3.19
3.08
-2.03
-2.68
-3.28
2.35
3.64
-0.05
0.98
1.21
2.99
-2.16
3.32
-0.26
-3.6
0.91
1.74
-0.86
1.32
-3.54
-3.97
3.51
1.75
-0.21
-3.01
-0.25
3.61
2.19
-2.83
-1.43
-3.07
1.69
2.51
-2.2
-1.05
-1.28
-2.64
-0.35
0.04
1.41
-1.45
3.39
1.7
3.84
-0.42
2.75
3.91
1.32
3.14
3.57
-1.81
2.77
1.62
2.92
2.75
-1.58
-3.48
-3.79
-2.33
-0.68
3.18
-2.56
-2.77
3.1
1.87
-1.67
-0.94
0.84
2.55
-1.01
1.16
3.76
-2.22
