-8
3.41
-1.02
-2.16
1.79
-2.53
-1.29
-1.38
-3.98
-3.15
-1.5
-3.92
-2.32
-2.92
-0.55
1.54
-1.72
2.27
-0.32
0.97
2.21
3.51
0.7
1.66
2.55
2.72
2.64
-2.91
-1.3
-0.23
0.77
-0.58
-1.11
-2.3
1.05
-0.32
-1.89
-1.87
3.73
2.42
2.29
1.67
-3.81
-0.78
0.16
-2.24
-2.33
-0.66
-3.65
-0.51
1.9
2.86
3.44
-2.54
-1.86
-3.55
0.22
2.53
1.21
1.31
-1.16
-2.34
-3.49
-0.05
1.37
3.9
0.36
-0.49
0.11
2.12
-3.64
0.36
0.17
1.14
3.95
-1.23
0.45
-3.07
-1.27
3.26
-0.21
1.73
-1.05
-1.44
3.43
-2.55
0.44
3.98
-2.32
0.17
3.14
3.16
-3.12
1.54
1.62
1.61
-2.95
0.68
2.95
0.26
-0.61
3.97
-3.73
2.3
3
2.56
1.87
-1.83
-3.28
-1.06
0.31
-3.71
-1.62
-0.29
0.81
-0.46
-2.5
-4
-1.65
-1.91
3.62
-0.98
