-2
-1.05
1.06
3.86
1.33
-1.94
2.98
0.15
2.94
3.08
-3.07
2.95
-3.15
0.47
-3.6
-0.45
2.75
-3.05
-3.45
-1.54
-3.94
3.58
0.58
-0.75
-3.3
3.5
-3.11
3.43
2.57
-0.84
2.03
-3.64
-3.62
0.19
0.16
0.94
-2.38
0.42
3.23
3.84
-3.86
-0.46
-3.87
-1.6
-0.47
0.84
2.94
2.82
-2.19
-1.81
0.29
-0.12
2.88
3.72
1.28
-2.63
-0.24
-0.23
0.96
-3.53
3.57
3.27
-0.55
-2.78
0.38
-1.53
-3.42
1.87
-3.7
1.87
-3.57
-2.66
0.32
-3.49
-2.88
-0.25
-3.48
-3.34
3.72
2.38
3.89
-3.37
-2.68
-2.94
-0.72
-1.36
-0.24
2.57
3.28
0.15
-2.3
-0.77
-1.65
-0.72
2.69
-2.53
-0.85
1.22
1.68
-0.03
3.32
1.81
3.61
-0.84
-2.04
3.82
-3.83
0.03
-0.72
1.92
-3.2
-0.37
2
-0.12
-3.27
-0.43
1.89
2.57
-3.78
-2.06
1.71
1.67
