-9
-1.79
3.64
1.26
-1.29
-2.94
1.82
1.72
2.68
-1.44
0.44
1.11
2.47
0.53
2.97
1.99
-3.95
-0.69
-0.63
-1.13
3.71
3.09
-3.62
-0.59
-0.17
1.84
-1.74
-0.19
2.31
-3.25
-3.41
2.41
-3.76
-2.37
-2.34
-0.53
-3
2.06
2.74
-2.58
-0.41
-1.67
-2.27
2.62
-2.58
-3.08
-0.45
-2.04
-0.76
2.63
-3.91
-3.19
-3.17
1.89
3.08
2.95
-2.28
3.57
-2.93
-1.98
-0.38
0.93
-2.84
-0.38
0.32
2.29
-1.25
-2.1
-0.77
-3.72
-1.04
-3.03
-0.72
-2.5
-0.03
-1.66
3.46
-2.33
-1.24
-3.27
-1.89
3.28
-3.75
-1.11
-2.52
-3.17
-0.42
1.75
1.95
-1.61
0.56
0.64
1.11
-1.82
3.63
-3.3
2.26
-2.26
-3.69
-1.75
0.81
-2.83
-3.68
-1.47
-2.92
1.48
-1.65
-3.86
3.71
-0.76
-2.05
-0.14
0.25
0.65
3.28
0.28
2.12
1.98
1.15
-0.51
-2.84
-3.96
