-2
-1.05
1.06
2.58
0.2
-1.94
2.98
2.21
3.79
-1.6
-2.58
0.34
0.47
-2.32
-3.6
-0.45
-3.31
1.02
3.86
-1.54
-3.94
-3.94
-0.94
-0.75
-3.06
0.16
1.33
1.37
2.57
-1.69
-2.66
-3.64
-1.39
0.19
0.16
3.19
3.83
-2.12
3.23
2.7
-3.86
-2.97
-3.87
-1.6
-0.47
0.84
-3.04
2.82
-2.19
-1.05
0.29
-0.41
0.52
3.72
-3.18
-2.63
-0.24
-2.86
0.96
-0.96
-4
3.27
-0.55
1.47
0.38
-0.69
-3.38
-2.75
-3.7
1.87
-3.57
0.08
-1.09
-3.49
3.13
-0.98
-0.51
2.87
-1.73
2.38
2.68
0.36
-2.68
3.17
2.88
-1.36
-2.04
0.2
-3.96
1.92
-2.3
3.71
1.25
-0.72
-3.6
1.62
-0.85
2.14
3.84
-0.03
3.84
-2.65
3.96
-2.41
-2.04
-2.78
1.69
-2.42
0.25
3.37
0.39
-2.34
2
-0.12
3.3
-0.43
-1.92
2.57
-3.78
0.3
-2.54
-3
