-10
3.79
1.71
-1.36
2.76
3.04
3.17
-0.62
2.2
-3.74
2.64
0.43
-3.66
0.27
3.62
-1.73
-3.97
0.66
-2.04
-3.63
-1.45
1.46
2.09
3.33
-2.26
1.18
3.14
0.56
-3.36
-1.26
0.83
-2.94
3.18
2.98
-2.49
0.13
-2.93
0.35
-0.48
-2.26
-0.83
3.85
-2.7
2.55
0.84
-0.94
-0.68
-1.92
-0.48
-2.45
-0.52
-2.99
0.56
-3.38
1.64
1.39
1.15
3.44
0.83
0.29
0.06
2.82
-1.26
-2.88
1.24
3.6
0.97
-0.54
-0.66
-0.28
2.54
3.68
2.54
-1.59
1.2
-3.67
0.97
0.8
-3.01
-0.36
3.53
-0.26
-2.36
3.96
-0.68
2.59
0.72
3.22
1.37
2.46
0.26
-2.05
-1.64
1.63
3.82
-0.95
2.93
-1.43
1.29
-0.54
-1.22
-0.79
-0.72
0.45
-2.92
0.35
1.47
-3.51
1.19
1.99
1.72
2.56
-1.93
0.63
0.73
3.2
-3.82
-4
1.8
-1.78
-0.41
3.69
