-3
-1.28
-1.16
0.54
-1.21
-1.65
-2.81
-2.95
1.95
-2.2
-1.16
0.81
-0.16
2.83
-0.75
-1.75
0.09
0.19
0.77
1.69
-1.69
0.07
-0.62
-2.6
0.56
2.48
2.36
3.42
3.62
3.07
-1
-0.46
0.42
-0.93
-0.95
-0.2
0.37
-1.42
1.11
-3.58
-1.59
-3.94
-0.1
1.05
0.72
1.05
-1.37
2.57
2.1
-1.64
1.15
-2.38
1.75
2.93
-1.94
3.17
0.87
2.69
3.87
1.72
0.27
-3.63
-2.33
0.84
-0.75
-2.08
1.54
2.37
2.41
-0.84
-1.14
2.65
-2.6
2.22
-0.1
-0.37
0.14
2.44
-2.91
3.41
-0.73
3.79
1.97
2.8
-3.72
-3.78
-3.53
1.49
1.38
2.65
-0.3
-3.83
1.52
4
-2.69
-2.98
-0.87
3.26
3.49
1.35
3.92
-0.89
0.16
-3.95
1.15
2.5
-1.54
-1.73
-3.39
0.96
-3.06
2.44
1.78
0.48
-1.17
-3.32
0.49
1.61
-3.15
-3.3
3.34
3.76
