-2
-1.05
1.06
3.86
-1.98
-1.94
2.98
-3.1
1.17
3.08
-0.05
2.95
-3.15
-2.32
-2.93
-0.45
-3.31
1.02
3.86
-1.54
0.47
1.1
-2.35
2.17
0.21
0.16
1.33
1.37
1.46
-0.84
2.03
-0.86
-1.39
0.19
0.16
-1.09
-2.38
-2.12
3.23
-3.73
-3.86
-2.97
-3.87
3.76
-0.47
0.84
2.94
2.82
-2.19
-3.43
0.29
-3.95
-3.06
3.72
1.28
-2.63
-3.7
-0.23
0.96
-1.79
-4
3.22
-0.55
1.47
0.38
2.28
1.22
-2.75
-3.7
1.87
-3.57
0.95
0.32
-3.49
3.13
3.8
-0.51
-3.21
-0.2
1.95
3.77
0.36
1.29
3.17
-3.22
-1.36
0.42
-0.2
3.28
-0.84
-2.83
-2.53
1.25
-3.08
-3.6
1.62
-1.37
2.14
3.84
-2.72
-2.11
-2.65
3.96
-0.84
-2.04
-2.78
2.71
-0.4
0.25
3.37
-3.2
-2.34
-2.65
2.09
1.87
-0.43
-2.15
3.21
3.4
-2.06
1.71
-3
