-8
-1.28
0.45
-2.79
-2.37
-0.17
-0.42
-2.95
-0.56
-2.47
3.34
0.31
-0.16
-3.59
-0.75
-1.75
0.09
0.92
-2.62
1.69
-3.19
-2.53
0.36
-2.6
2.36
2.48
2.36
-1.28
3.74
-2.19
-1
1.28
-3.54
-1.44
-0.95
-0.2
0.37
-1.42
1.11
-3.58
-1.59
-1.3
-0.1
1.05
-0.38
-3.88
-1.37
-3.41
2.1
0.11
-1.46
-0.21
1.75
1.96
-1.94
3.17
2.73
2.69
3.92
-2.51
0.27
-1.47
-2.33
0.84
-0.75
-2.08
1.54
-3.39
2.41
-0.84
-1.14
2.65
1.89
3.34
1.07
2.42
-0.23
2.44
-2.91
1.68
-0.73
-0.17
-3.04
-3.44
2.04
-3.57
0.47
-0.86
1.38
1.7
-0.3
-3.83
1.41
-1.28
-2.69
-1.97
-0.87
3.26
-2.77
1.35
3.92
-2.01
0.16
-1.13
1.15
0.01
-3.14
-1.73
-0.35
1.04
2.52
-1.68
1.78
0.48
0.93
-3.32
0.49
1.61
-3.15
2.05
0.31
3.76
