-7
-1.9
3.29
1.26
0.72
-2.47
-2.1
-3.04
2.68
-1.44
1.77
-1.25
2.47
-1.12
0.69
1.99
3.37
-0.69
-0.63
-1.13
0.92
2.75
-3.62
1.69
-0.17
-2.57
3.22
0.46
0.07
-3.25
-3.41
-3.64
-1.71
-2.37
-2.34
-1.08
-1.52
2.65
3.24
-2.58
1.7
-1.67
0.1
-0.88
1.06
-3.08
1.96
1.94
-0.76
2.63
2.02
-3.19
-3.17
1.89
3.08
2.95
-2.28
-0.46
-2.93
-1.98
-0.06
0.21
-2.84
-0.38
0.32
2.29
-2.55
-1.9
1.68
-3.72
-1.93
-2.2
1.84
-1.63
-0.03
2.22
0.67
3.84
-1.24
-3.27
-0.4
-0.44
-3.77
-3.18
2.25
-3.17
-0.42
-2.96
-0.79
-1.61
0.56
0.64
-3.05
3.87
0.54
2.66
2.26
1.6
0.1
-1.75
-0.88
-3.58
-0.9
-1.47
-2.92
3.56
-1.98
2.87
3.61
2.43
-2.05
1.14
0.25
0.65
2.96
0.28
2.12
-2.81
1.15
-0.51
-2.84
-2.25
