-10
-1.36
-3.4
1.15
2.31
-2.6
3.7
0.09
2.67
-0.2
-0.74
0.38
-2.35
-3.84
0.97
2.25
-0.91
-0.82
-4
-3.63
3.25
3.87
1.06
-0.37
-3.44
-3.49
-1.81
-2.85
-2.82
3.08
2.51
-3.71
3.86
1.36
2.53
1.51
-1.75
1.66
0.87
1.46
2.9
-1.09
-2.48
-2.22
-2.95
-1.52
0.1
3.43
1.91
-2.95
3.43
-2.03
-1.53
-2.21
-2.53
0.05
0.31
0.98
-3.91
2.99
-2.16
3.11
-3.79
-3.6
0.91
0.42
-0.86
0.96
-2.45
-3.97
0.26
1.75
0.15
-3.2
2.62
2.23
-3.56
3.13
-1.43
-2.99
3.45
2.51
-1.22
-3.88
1.07
0.91
-0.35
1.29
3.23
-1.45
3.62
0.82
3.84
-0.42
2.75
-0.18
2.95
2.36
1.89
-2.11
-0.74
2.04
-0.95
3.27
-1.58
-3.48
2.51
-2.51
-0.68
0.25
-3.57
1.79
-1.6
3.43
0.68
-1.76
0.84
2.55
1.46
2.33
3.76
-2.22
