-6
3.56
0.05
-0.73
-2.38
3.93
1.7
-2.09
0.41
-0.02
-0.55
-3.24
2.73
-2.72
-3.29
1.36
4
-2.56
-0.67
2.2
-2.03
-1.98
-1.86
1
3.72
-3.74
0.33
-1.15
4
0.8
3.38
0.74
-2.8
-2.68
1.8
-1.17
-3.35
-0.96
-1.23
1.72
-2.6
1.87
0.6
-3.95
-0.92
2.6
2.75
3.51
0.12
1.31
-1.67
2.53
0.92
2.99
-1.54
4
-1.57
-1.92
-2.92
1.23
1.56
-0.8
-3.79
-3.06
-0.7
-3.97
0.01
-3.03
2.67
-0.94
-0.49
-1.79
3.75
-1.88
2.53
0.92
-1.85
0.2
1.81
-1.22
1.38
-2.42
1.93
3.12
1.49
1.76
3.82
1.84
-0.05
3.15
3.9
-2.9
2.68
0.61
-2.39
2.21
2.25
1.24
0.87
-3.54
2.52
-2.39
-2.81
-2.67
-0.73
0.18
-2.31
-0.17
-0.11
2.13
1.69
-0.6
-1.55
0.67
1.09
3.12
-3.18
-1.48
0.3
0.67
-0.22
-0.36
