-10
3.79
0.99
-1.36
3.55
3.04
3.65
0.56
-1.6
-3.74
2.64
0.43
-3.78
0.62
3.62
-1.73
-3.97
0.66
-2.04
-3.63
-1.45
1.46
2.2
-3.33
-2.26
-3.27
1.72
0.56
-3.36
-1.26
2.37
-2.94
3.18
0.04
-2.49
-0.03
-2.59
0.35
3.77
0.1
-0.83
3.85
-2.7
2.55
-0.53
-0.94
-3.95
-0.51
-0.48
-2.94
-0.52
2.14
0.56
-3.38
1.64
1.39
-2.42
3.44
0.83
0.29
0.74
2.82
-1.34
0.69
1.24
1
0.97
-4
-2.48
-0.28
2.54
-0.96
2.54
-1.59
-0.01
-3.67
0.97
0.8
-3.01
1.48
2.27
0.99
-2.36
3.96
-0.68
2.81
2.15
3.22
2.49
2.46
-2.97
-2.05
-1.64
1.63
3.82
1.65
1.11
-1.43
1.29
0.93
-1.22
-0.79
1.79
0.45
2.94
2.31
1.47
-3.51
1.19
1.99
3.94
3.19
2.44
-0.85
0.73
3.44
-3.82
-4
1.8
-2.5
-0.41
3.69
