-4
3.41
-1.02
3.98
1.79
-2.53
-1.29
3.87
-3.98
-3.15
-1.43
-3.92
-2.32
-1.11
-0.55
-3.01
-3.92
3.64
-2.05
0.97
2.21
1.09
-2.51
-0.77
-1.59
1.9
2.64
-2.91
-1.3
-0.67
-0.35
-1.33
-1.11
1.29
1.05
-0.83
2.11
-3.42
0.76
2.42
3.8
-2.67
-3.81
-3.35
0.16
0.55
3.88
3.45
-1.31
0.9
1.9
2.86
2.99
-2.54
0.31
0.85
-2.86
2.53
3.12
1.31
-1.16
-0.58
-3.49
-0.05
-2.2
3.9
-1.01
-0.49
3.86
-0.09
-2.22
1.13
0.17
-1.18
2.12
-1.23
2.74
3.1
-2.5
-1.55
-0.85
3.75
-3.99
3.52
-3.36
-2.55
0.44
3.98
-2.32
-3.93
-2.88
-1.79
-3.12
-0.71
1.62
1.61
-2.95
-2.02
2.95
0.26
2.39
3.97
0.12
2.3
0.43
2.56
1.87
0.77
0.39
2.06
-1.63
-2.54
1.19
-0.29
0.81
-2.94
1.86
-4
-3.01
-1.91
1.89
-0.98
