-2
-1.05
1.06
2.58
0.2
-1.94
2.98
-3.1
3.79
3.08
-2.58
2.95
0.47
-2.32
-3.6
-0.45
2.75
-3.05
-3.45
-1.54
0.47
-3.94
0.58
-0.75
0.21
0.16
1.33
1.37
2.57
-0.84
2.03
-0.86
-1.39
0.19
-3.64
0.94
-2.38
-2.12
3.23
-1.35
-2.98
3.1
2.44
-1.6
-0.47
0.84
2.94
-3.02
-2.19
-1.05
0.92
-0.41
-3.06
3.72
-3.18
-2.63
-0.24
-2.86
0.96
-3.36
-4
3.27
-0.55
-2.78
0.38
-0.69
-2.46
0.64
-3.7
1.87
-3.57
0.08
0.32
-3.49
3.13
-0.98
-0.51
-3.21
-1.73
2.38
3.77
0.36
0.48
3.17
2.88
-1.36
0.42
0.2
-3.96
0.15
-2.83
3.71
1.25
-3.08
-3.6
1.62
-0.85
2.14
3.84
-0.03
0.56
-2.65
3.96
-2.41
3.32
-2.78
1.69
-2.42
0.25
3.37
-3.2
-1.88
2
-0.12
3.3
-3.94
1.89
3.21
-3.78
0.3
-2.54
-3
