-5
0.8
3.64
3.75
-1.29
-2.94
-2.69
-1.45
2.68
-1.44
1.77
1.11
2.47
0.53
0.69
1.99
-3.95
-0.69
-0.63
-1.13
-0.14
2.92
-3.62
-0.59
-0.17
-3.94
-1.74
-0.95
2.31
-3.25
-3.41
-3.64
-1.71
-1.02
-2.12
-1.08
-3
1.36
3.24
-2.58
1.7
-1.67
0.1
-0.88
1.06
-3.08
-0.45
1.94
0.55
3.57
-3.91
3.77
-3.17
1.89
3.08
-1.85
-2.28
1.74
-2.93
-1.98
-0.38
0.21
-2.84
-2.2
0.32
2.29
-1.25
-1.9
-3.63
-3.72
-1.04
1.7
1.84
-1.63
2.29
1.34
3.46
-2.33
3.29
2.79
2.47
0.46
-3.77
-1.11
-2.52
2.9
-0.42
-2.51
1.95
-2.45
0.56
0.64
-3.05
2.07
0.54
2.66
-1.08
1.6
0.1
2.7
0.81
1.57
-0.9
-1.47
-2.92
1.48
-1.98
2.87
3.71
2.43
-2.05
-0.93
0.57
0.65
1.78
0.28
0.05
1.98
-1.06
-0.51
-2.84
-3.96
