-5
2.89
-3.69
3
-0.84
0.18
-3.53
-2.42
0.97
2.13
3.22
0.88
1.11
-0.29
1.68
2.14
-3.88
3.61
0.48
-0.48
-3.13
-3.56
-0.29
1.33
-2.42
2.99
0.47
-0.36
0.97
0.25
3.46
-2.67
0.6
-1.17
3.56
2.44
0.87
-1.21
1.59
3.9
-0.07
3.37
2.25
-0.19
-2.55
-1.19
-2.74
2.86
-3.3
-1.58
3.58
-1.71
-0.68
-2.73
-0.93
3.38
3.88
-1.28
1.49
0.17
-1.24
2.51
0.68
-1.85
-2.99
-1.6
3.79
2
-2.44
2.6
0.09
-2.56
0.47
-1.2
2.94
3.01
-1.37
-2.14
-0.12
-1.25
-3.26
-2.99
0.45
-2.36
-1.19
1.17
-2.68
-3.49
-3.82
-3.82
-3.55
-1.05
-3.49
-1.68
-2.57
0.22
3.43
1.01
-2.12
-2.75
-0.97
-1.95
1.3
1.42
3.01
-0.82
-0.42
2.39
2.74
1.07
-0.47
-0.69
2.85
-3.59
-1.05
-1.01
-3.32
-1.09
-3.35
2.62
3.09
1.01
