-7
1.39
0.06
0.22
-1.37
2.81
-0.4
-1.14
3.91
-3.59
-0.55
2.3
3.24
-2.72
2.05
2.77
4
-0.12
-0.67
2.2
3.31
-1.98
-1.86
-3.33
1.12
-3.74
-1.64
-1.92
-3.93
-3.22
-3.17
3.89
-2.8
-2.61
-2.6
-1.17
-3.35
-0.92
-1.23
1.87
-2.6
1.87
0.6
0.47
-0.92
2.6
-1.72
3.51
0.12
0.54
-2.4
3.41
0.92
0.55
-2.5
4
-1.57
-1.92
1.09
1.23
-2.86
2.76
-3.79
-1.56
-0.7
-3.97
-3.71
1.34
2.67
-1.02
-0.49
-1.79
3.75
-1.88
2.53
2.32
-0.49
1.41
1.81
-3.76
1.38
-2.42
2.83
3.02
1.49
-0.78
-1.68
0.33
1.31
-0.21
3.9
-3.91
-2.05
0.38
-2.39
-1.28
1.15
-3.15
0.87
-3.54
2.52
-2.39
-2.81
-2.67
1.1
3.44
-0.42
-0.17
-0.11
-3.95
3.44
-0.6
-2.19
3.58
1.09
3.12
-3.18
-1.48
0.98
-3.25
-0.22
2.17
