-10
-0.22
-3.4
-1
2.31
-0.23
0.96
0.09
2.67
-0.2
-0.74
0.38
1.87
-3.84
-0.68
2.25
-0.12
1.87
-4
-3.63
3.25
3.87
3.97
-0.37
-3.44
-3.49
-3.05
2.58
-2.82
-1.45
-2.98
-3.71
-2.87
-0.68
2.53
1.51
-1.75
2.86
0.87
1.94
2.9
-0.23
-2.48
-3.38
-0.93
-3.81
0.1
-3.97
2.88
-2.95
3.08
2.53
1.62
-3.28
2.3
3.64
-0.18
-1.6
0.69
2.99
-1.61
3.11
-1.84
-3.6
-0.9
-1.85
1.06
3.11
-2.45
-3.79
0.26
-3.62
0.15
-3.2
1.41
1.34
-3.56
3.34
-1.67
2.53
3.45
2.51
-1.22
-3.88
-1.28
-0.09
2.52
0.98
3.23
-0.73
2.28
1.7
3.84
-1.91
2.75
-0.18
2.95
3.14
1.3
-1.81
2.77
0.61
-0.95
-3.9
-1.58
2.47
2.51
-2.51
-1.18
0.25
-3.57
1.79
-1.46
-2.09
0.68
-1.76
-2.93
0.25
1.46
0.45
3.76
-2.22
