-2
-3.03
3.07
3.89
2.68
3.2
-0.26
0.76
2.67
-3.66
1.22
0.38
2.92
-2.28
-0.68
2.25
2.13
1.87
-4
-3.63
-3.81
3.87
3.45
-1.98
-3.44
-1.31
3.24
-2.85
-1.75
-3.38
-2.98
1.94
-2.87
-2.31
2.87
1.51
-2.44
2.85
0.87
1.31
2.9
-1.82
-2.48
-0.11
-0.93
-3.81
2.23
-3.28
1.91
-0.82
3.08
2.53
-1.53
-3.28
0.76
3.64
-0.67
0.98
1.21
-3.67
-2.74
1.64
-1.84
3
-0.9
0.42
-1.06
-1.97
3.74
-3.97
0.26
-3.62
1.72
-3.2
1.41
1.34
2.19
3.34
-0.47
-1.66
3.45
0.05
-1.22
-3.88
0.31
-0.18
1.32
0.98
3.23
-1.06
-3.67
1.51
-3.04
-2.45
-0.35
-0.82
2.95
3.14
-1.52
-1.81
2.77
-1.63
-0.95
3.27
-1.58
-1.81
2.51
-2.51
3.67
-3.88
1.59
-2.77
-1.6
-2.09
0.68
-0.25
-2.93
0.19
0.76
0.45
-2.58
-2.22
