-5
2.89
-1.76
3
-0.84
1.07
-3.29
0.95
-1.95
2.13
-2.2
0.88
1.11
-2.66
1.68
2.14
-2.68
2.33
0.48
-0.48
1.39
-0.56
-2.05
1.33
-2.42
-0.28
0.47
1.1
0.97
1.14
3.46
1.36
1.4
-1.17
3.56
2.44
2.27
-1.21
1.66
3.9
1.29
3.84
-3.71
2.36
-3.05
-1.19
-2.74
2.86
-2.76
-1.58
-3.32
3.34
2.62
-2.73
-1.93
3.38
3.2
-3.86
1.49
0.17
-0.65
2.51
0.68
-0.72
-2.78
-1.6
1.42
3.67
3.39
2.6
0.09
-3.26
1.33
3.97
2.94
3.83
0.25
2.89
-0.12
-1.25
-3.26
-2.99
0.45
-2.23
3.52
1.08
-3.31
2.52
-0.45
-1.54
-3.97
-1.05
-3.74
-2.91
-2.57
0.22
-3.6
1.28
-2.38
-0.77
2.06
-1.95
3.9
-1.61
3.01
1.22
-0.42
-2.59
2.74
1.07
-1.77
2.02
2.85
-3.59
-1.05
-1.01
2.87
-1.09
-1.83
0.41
-0.49
1.01
