-6
0.58
0.06
-1.31
-2.38
1.34
-0.4
-2.09
3.91
-2.7
1.62
-1.06
3.24
-0.33
3.68
2.77
4
-0.12
-1.22
2.2
3.31
-3.67
-3.55
-1.35
1.65
-3.74
0.51
3.96
-3.93
1.91
3.38
3.89
-1.01
1.77
-2.6
-1.17
-3.35
-0.96
-1.23
3.05
-2.6
3.36
0.6
-1.46
-0.92
3.37
-1.72
3.51
-1.21
-0.84
-1.19
3.41
-3.14
1.92
-1.31
4
-1.54
-1.92
-2.92
1.23
1.56
2.76
-2.16
0.17
4
-2.83
0.01
-3.03
2.84
-1.02
-0.49
-1.79
0.13
-1.88
-0.32
3.58
-0.49
0.2
1.81
-3.76
1.38
-2.42
1.93
0.46
3.5
-0.78
-1.68
3.36
1.31
-3.88
3.9
-3.91
2.68
0.38
-2.39
-1.28
2.25
3.57
0.87
-2.07
-0.9
1.77
-2.81
1.7
-0.27
-1.73
-0.42
-0.17
1.73
2.13
3.44
-0.6
2.08
1.2
1.09
-0.58
-3.18
-1.48
0.98
0.67
-0.22
-0.36
