-5
0.8
1.25
-1.94
-1.29
1.44
-2.69
-3.04
2.68
-1.44
0.44
-1.89
2.47
-0.3
-0.64
-3.64
-3.53
-3.42
-0.63
2.38
-0.14
2.75
2.11
-3.71
-0.17
0.66
-1.74
-0.95
-0.18
-3.13
3.52
-3.64
-1.71
-1.02
-2.12
1.98
-3
-2.46
3.24
-0.76
-0.41
-1.67
0.1
-0.07
-2.58
-3.07
-0.45
1.94
-0.76
3.57
2.02
3.77
0.12
-2.04
3.06
2.14
-2.28
-0.15
-2.93
-1.98
-0.38
0.21
-2.84
-0.38
0.32
2.29
-2.55
-2.1
1.68
-3.72
-1.04
-2.2
-0.72
-2.04
2.29
1.34
0.67
3.84
3.92
-3.27
2.47
0.46
-3.77
-1.11
2.25
2.9
3.47
1.75
-1.75
-1.61
0.56
0.64
-3.05
3.87
0.54
2.66
2.26
-2.26
-3.69
-0.91
0.81
-1.86
-0.9
3.86
-3.8
3.56
-1.65
2.82
3.28
-0.76
-3.35
1.14
0.57
3.25
1.78
0.28
2.12
1.98
1.15
0.44
2.84
-1.95
