0
-1.23
-1.16
-1.71
-1.21
0.68
3.28
-2.95
1.95
-2.47
3.34
0.31
-2.51
2.83
-0.75
1.38
2.52
0.92
0.77
1.69
2.52
0.48
-2.77
-0.9
0.56
0.24
-3.13
-1.28
3.62
-0.76
-1
-0.85
-3.54
-1.44
-0.95
-0.2
0.37
2.26
-3.03
2.48
-1.29
-1.68
-1.52
1.05
-0.38
1.16
0.11
-1.41
2.1
-0.66
0.29
-0.21
1.75
-2.6
-2.32
1.39
-1.44
2.69
3.87
1.72
-1.02
3.28
-0.75
1.03
-3.29
-2.08
1.54
-3.09
0.31
-0.84
-1.14
-0.99
-2.6
3.34
1.07
-0.23
2.87
0.82
3.45
3.41
-0.73
-0.17
2.28
1.66
-1.68
-3.57
-3.53
0.63
3.15
0.87
-1.88
-3.83
1.52
3.02
-3.36
-1.97
-2.95
-1.89
-0.76
1.35
-3.84
-0.89
0.16
-1.13
-0.31
2.5
-1.54
-1.73
-0.35
0.96
0.12
-1.68
1.83
-3
-1.17
-3.32
0.49
2.87
3.83
2.05
0.31
-0.25
