-8
0.01
1.99
-2.16
-3.98
-2.53
-1.29
-3.57
0.78
-2.1
-1.43
-3.92
-3.87
-1.11
-0.55
1.54
1.71
1.3
-0.32
-1.48
2.21
-1.97
-3.68
0.48
-1.59
1.9
2.64
2.34
-1.3
-0.67
-0.35
-1.33
-1.11
3.24
1.05
-0.32
2.11
-1.87
-3.44
-1.28
3.8
-2.67
3.47
-3.35
0.16
-0.84
-0.43
-1.41
1.09
0.9
1.9
2.86
2.99
-2.54
-2.24
-1.82
-2.86
2.53
3.12
1.27
1.59
-2.71
-3.49
-0.05
-2.2
3.9
-3.98
-2.7
1.84
2.12
1.55
1.13
3.07
-1.18
3.64
-1.23
1.84
3.1
3.45
2.05
-0.85
0.48
-2.76
3.52
-3.36
0.19
0.44
3.98
2.87
-3.93
3.14
-1.79
-3.12
-0.71
1.62
1.61
-2.95
0.11
-3.64
-2.32
1.3
3.97
1.96
2.98
3
2.56
2.58
-1.83
0.39
2.06
-1.63
3.43
-3.66
-1.86
0.81
-2.94
-3.11
1.77
-3.01
-1.45
1.89
-0.98
