0
3.79
0.99
-1.36
-3.89
3.04
3.17
0.56
-1.6
-3.54
2.64
0.43
2.38
0.62
3.62
-1.52
-3.97
3.99
1.62
-2.06
-1.45
1.46
2.2
-3.33
-2.26
-3.7
1.72
1.73
-3.36
2.62
0.83
0.62
3.18
2.98
3.3
-3.65
-2.93
0.35
-0.48
-2.26
-0.83
1.84
2.83
2.55
-0.53
-0.94
-0.68
-0.51
-2.97
-3.31
3.17
-2.99
-1.59
-3.38
2.29
-1.31
1.15
3.51
0.83
0.29
-0.41
-1.28
-1.26
0.69
1.33
1
0.97
3.05
-2.48
3.39
2.63
2.11
2.54
-1.59
1.2
-3.67
0.97
0.8
-3.01
-0.36
1.19
-0.26
3.28
2.03
-0.68
1.45
-0.18
2.75
2.49
2.46
-2.97
2.78
-1.66
3.6
3.82
3.44
0.46
2.81
1.37
3.4
-1.19
0.24
1.79
2.96
-0.98
0.02
0.42
0.84
0.73
1.99
3.94
2.56
3.24
0.63
0.73
3.2
-3.82
-2.04
-0.46
2.65
-3.94
3.69
