-8
3.93
1.99
2.93
-3.59
-2.92
-1.29
3.87
-2.95
-2.1
-1.43
1.1
-3.87
-1.11
-0.55
-1.52
-1.72
1.3
-0.32
0.97
-2.31
1.09
-1.1
1.66
-1.59
1.9
1.03
2.34
-1.3
-0.23
-0.35
-3.99
-1.11
-0.12
1.05
3.35
2.11
-1.18
-3.44
-1.28
1.87
-2.67
-2.28
-0.56
0.16
0.55
-3.18
-1.41
1.09
3.36
1.9
0.22
2.76
1.12
-2.24
-3.55
0.22
2.53
3.12
1.31
-1.16
-1.25
-2.85
-0.05
-2.2
3.9
0.36
-2.7
3.86
2.12
-2.22
1.13
0.17
1.14
3.95
-2.17
1.27
0.88
-0.78
2.05
0.59
1.73
-1.05
-1.44
1.91
-2.55
0.44
3.98
2.87
-3.93
-2.88
3.16
-0.2
1.91
-0.32
1.61
-3.19
0.11
-3.64
-2.32
2.8
3.97
-2.4
0.74
3
2.56
2.44
-1.83
0.39
-0.47
-1.63
3.43
-1.62
-1.86
0.81
-2.94
-3.11
2.07
-3.01
-1.38
-1.17
-0.2
