-9
3.79
-2.08
-1.36
2.42
0.99
3.65
0.56
-1.6
-3.54
-0.43
0.43
3.11
-1.51
2.15
0.34
3.01
3.99
1.62
-2.06
-1.6
1.35
2.2
3.33
0.49
0.2
3.14
0.56
-2.32
-1.26
2.37
-0.08
-2.63
0.04
-0.16
-3.65
-2.59
-2.1
-0.48
0.1
1.2
-2.91
-1.66
2.55
-0.53
3.79
-3.95
0.06
-1.09
-2.94
2.43
-2.99
-1.59
-3.38
0.35
1.39
-0.65
3.44
1.73
0.36
1.12
0.21
0.01
0.69
3.84
3.6
-1.2
3.12
-0.66
2.1
-3.72
3.68
2.54
-3.84
-3.72
-1.94
0.97
0.37
-0.44
-3.69
2.27
-0.26
-2.07
-1.01
2.98
-3.9
-1.05
-1.2
1.37
2.88
-3.21
-2.05
-1.64
3.61
3.82
-0.95
3.63
-1.43
1.95
-0.54
-1.22
0.24
-0.72
2.96
2.94
0.02
1.47
1.92
1.19
1.99
1.72
-1.13
-1.93
-0.85
0.73
-2.86
-3.82
1.79
-3.55
2.65
-3.94
3.69
