-4
-0.51
0.45
-1.71
-1.21
3.42
3.28
-2.95
1.95
-2.47
3.34
2.58
-0.16
-3.59
2.06
-1.75
2.52
0.92
3.66
1.69
3.5
0.07
-2.77
-2.6
2.36
0.24
-3.13
3.42
3.62
-0.76
-1
-0.85
0.97
2.05
-0.95
-2.37
-3.78
2.26
-3.03
-3.58
-1.29
-0.65
-1.52
1.05
3.58
1.16
0.11
-1.41
1.59
-0.66
0.29
0.46
1.75
-1.01
-2.32
1.39
-1.44
-2.29
-0.76
-2.51
-1.02
-1.47
-2.33
0.84
0.54
2.94
1.54
-3.09
2.21
1.3
-1.14
-0.99
2.57
3.34
1.07
0.94
-0.23
-2.72
-0.94
3.41
3.45
-2.98
1.41
-0.27
-2.99
-3.78
-3.53
1.47
-0.39
-0.01
2.85
3.99
-3.2
3.02
-3.36
-3.19
-3.5
3.26
-0.76
-1.21
-3.84
-0.89
2.19
-3.95
-2.76
-1.95
-2.25
-0.38
-1.78
0.55
0.12
-1.68
-0.89
0.48
-0.12
-2.7
0.49
1.61
0.74
2.05
3.37
-2.14
