-2
0.58
0.06
-1.31
-1.37
-0.28
1.7
-2.09
2.86
-2.7
3.9
-1.06
3.24
-0.67
3.68
2.77
-2.36
-2.56
1.77
2.2
3.31
-3.67
-3.55
1
3.72
-2.96
-2.92
3.96
1.72
-1.7
-3.94
3.89
-1.71
1.77
2.23
-1.17
3.85
-0.96
-3.9
1.72
-0.58
1.87
0.6
-3.95
0.03
2.6
-1.72
3.51
-1.21
0.39
-2.4
3.41
-3.14
-2.59
3.46
-0.41
-1.54
-2.6
1.63
3.66
1.56
2.76
0.49
-3.06
-3.97
-1.39
0.01
-3.03
2.84
-0.94
-0.49
0.66
0.13
1.47
-0.32
2.32
2.41
0.2
-3.07
-3.76
2.27
-2.42
2.83
3.02
0.31
3.38
-1.68
0.33
1.31
3.15
1.81
-3.15
2.23
0.38
-2.39
-2.35
2.25
3.57
0.87
-3.54
-0.9
3.25
-2.81
1.7
-0.73
-1.73
-0.42
-0.17
1.11
-2.67
1.69
-0.6
1.05
0.33
1.09
-0.58
0.75
-3.72
0.3
3.93
0.73
-0.36
