-5
-2.02
-3.69
1.8
-0.84
0.18
-3.76
1.38
-1.95
-0.21
-2.2
0.88
1.11
-3.91
1.68
-0.96
-3.88
3.61
1.51
-0.48
-1.46
-3.33
-2.05
1.33
0.73
-2.98
0.47
2.41
-3.3
-2.31
3.46
1.36
0.6
-1.17
2.6
2.44
0.87
-1.21
1.59
-1.2
-0.07
-3.34
2.25
0.55
-3.05
-1.03
-2.74
-0.15
-3.3
-3.51
3.58
-1.71
2.62
-2.73
-1.93
-2.14
1.58
-1.28
2.82
0.17
-1.24
-1.97
-3.99
-2.15
3.92
-1.6
-0.25
2
-2.44
3.01
-2.25
-3.26
0.47
3.01
-0.95
3.83
-1.37
-1.17
-0.12
-1.33
-3.26
-2.59
0.45
-2.23
-0.43
1.08
2.01
2.93
-0.45
-3.82
1.43
-2.23
-3.49
-1.68
-1.48
-2
-3.6
1.01
-2.38
-2.75
-0.97
-1.95
3.25
1.42
2.69
-0.82
3.46
2.39
-0.74
-3.67
-1.77
-0.69
0.31
-3.59
-1.05
-1.08
2.87
-1.09
-1.15
2.62
3.09
1.01
