-3
-1.05
-3.62
3.86
-1.98
-1.94
2.98
-3.1
3.79
3.08
-0.05
2.95
-3.15
-2.32
-3.6
-0.45
-3.31
1.02
3.86
-1.54
1.71
3.58
-2.35
2.17
0.21
1.61
1.33
1.37
-0.42
-0.84
-2.66
-0.86
-1.39
0.19
-0.96
-1.09
-2.38
-2.12
3.23
-3.73
-2.98
-2.97
-3.87
-1.6
-0.47
0.84
1.8
2.82
-1.9
-1.81
0.92
2.52
-3.06
-2.24
1.28
-1.25
-3.7
-2.86
2.42
-0.96
-3.84
3.27
-0.55
1.47
0.38
-0.69
1.22
1.59
-3.7
1.87
-3.57
-0.32
-1.09
-3.49
-2.88
-3.42
-0.51
-3.34
0.64
1.95
3.77
0.36
0.48
3.17
1.42
-1.36
-2.04
0.2
3.28
-0.84
-2.3
-2.53
1.25
-0.48
0.97
1.62
-1.37
2.14
3.84
-0.03
3.32
-2.65
0.36
-0.84
-2.04
-3.63
-3.83
-2.42
0.25
3.37
-3.2
-2.34
-2.65
2.09
-3.27
-0.43
-0.24
3.21
3.4
0.3
-2.54
-3
