-8
-1.28
0.45
-2.79
-2.37
-0.17
-0.42
-2.95
-0.56
-2.47
3.34
0.31
-0.16
-3.59
2.28
-1.75
0.09
0.92
-2.62
-2.09
-1.69
-2.53
0.36
-2.6
2.36
2.48
2.36
1.14
3.74
-2.19
-1
-0.85
-3.54
-0.93
-0.95
-0.2
0.37
-1.42
1.11
-3.58
-1.59
-3.94
-1.31
3.79
-0.38
-3.88
-1.37
-1.41
2.1
0.11
-1.46
-0.21
1.75
1.96
-1.94
3.17
2.73
2.69
3.92
1.72
0.27
-1.47
-2.33
0.84
-0.75
0.38
1.54
-3.39
-1.15
-0.84
-1.14
-0.99
1.89
3.34
-0.1
2.42
-0.23
2.44
3.45
1.68
-0.73
-0.17
-3.04
-3.44
2.04
-3.57
0.47
-0.86
1.38
1.7
-0.3
-3.83
1.41
-1.28
-2.69
-1.97
-0.87
3.26
-0.76
1.35
3.92
-2.01
0.16
-3.95
1.15
0.01
-3.14
-0.38
-0.35
1.04
2.52
2.44
1.83
0.48
0.93
-3.32
0.49
1.61
-3.15
2.05
3.62
3.76
