-9
-2.76
1.71
-1.38
-3.89
3.04
3.17
-0.62
-1.6
-3.54
-0.92
0.43
2.38
0.62
3.62
1.17
-3.97
3.99
1.62
-2.06
-1.45
-0.58
2.09
-3.33
-2.26
1.18
1.72
1.73
-3.36
2.14
-2.56
0.62
3.18
0.88
3.3
-3.65
0.47
0.35
-0.48
0.1
-0.83
1.84
-1.66
2.55
-0.53
3.79
-0.68
-0.51
-2.97
-2.94
3.17
-1.55
1.45
-2.38
-2.79
-1.31
1.15
2.93
0.83
0.29
-1.02
-1.28
-1.26
0.69
-1.47
-1.29
-0.69
3.05
-2.48
2.1
2.63
-0.96
2.54
-1.59
1.2
-3.67
-0.89
0.8
-3.01
1.48
1.19
-0.26
-2.36
3.96
-0.68
2.59
0.39
1.96
2.49
-2.41
-2.97
-2.72
-1.66
3.6
3.82
1.65
0.46
-1.43
1.37
0.93
-1.19
0.24
-0.72
0.45
-0.98
0.02
2.36
-3.51
0.73
1.99
1.72
-1.13
-1.35
0.63
0.73
3.2
-3.82
1.79
1.8
-2.5
-0.41
3.69
