-4
-1.23
0.45
-1.71
-1.21
0.68
3.28
-2.95
1.95
-2.2
3.34
2.58
-2.51
-3.59
-0.75
-1.75
2.52
0.92
3.66
1.69
2.52
0.48
-2.77
-0.9
0.56
0.24
-3.13
-3.19
3.62
-0.76
-1
-0.85
0.97
-1.44
3.94
-2.37
-3.78
2.26
-3.03
2.48
-1.29
-1.68
-1.52
3.96
-0.38
1.45
-3.97
-1.41
-1.99
-0.66
0.29
-0.21
1.75
0.9
-2.32
1.39
0.87
2.69
-0.76
-2.51
-0.99
3.28
-0.75
-0.03
-3.29
-2.08
2.12
-3.09
0.31
-0.84
-1.14
-0.99
-2.6
3.34
-0.82
-3.4
2.87
0.82
3.45
3.41
3.45
-2.98
2.28
-3.44
-1.68
-3.78
-3.53
1.47
3.15
0.87
-1.88
3.99
1.52
-3.21
-3.36
-1.97
-2.95
3.26
-0.76
1.35
0.77
-0.89
0.16
-1.13
-0.31
0.01
-1.54
-1.73
-3.39
1.04
2.52
3.35
1.83
-3
-0.12
-3.32
0.49
2.68
3.83
2.84
0.31
3.97
