-6
0.58
0.06
-1.31
1.16
1.34
3.76
-1.85
3.34
-2.7
1.62
-1.06
3.24
-2.72
-3.29
2.77
-1.71
-0.12
-1.22
2.2
3.31
-3.67
-3.55
-1.35
1.65
-2.96
0.51
3.96
0.33
1.91
3.38
3.89
-1.01
1.77
-2.6
-0.94
3.85
-0.96
-1.23
3.05
-2.6
3.36
0.6
-1.46
-0.92
3.37
-1.72
3.51
-1.21
0.39
-2.4
3.41
-3.14
-0.37
-1.31
-0.41
-1.54
-2.63
-2.92
1.23
1.56
2.76
-2.16
0.17
-0.7
-2.83
0.01
-3.58
2.84
-0.94
-0.49
-1.79
0.13
-1.88
3.42
3.58
-0.49
0.2
1.81
-3.95
2.33
-2.42
1.93
0.46
3.5
3.38
-1.68
3.36
1.31
-0.21
2.79
-3.15
2.68
0.38
2.11
-2.47
2.25
3.57
-0.14
-2.07
-0.9
1.77
-2.81
1.7
1.1
-1.73
-0.42
-0.17
3.21
2.13
3.44
-0.6
2.08
1.2
1.09
-0.58
-3.18
-1.48
0.98
0.67
-0.22
-0.36
