-3
-3.19
-3.11
2.58
0.2
-1.94
0.9
-3.1
3.14
-1.6
-0.05
-0.97
0.47
-2.32
1.99
1.48
2.29
3.66
-3.45
-1.54
1.71
0.24
0.58
2.17
-3.06
1.2
-3.11
1.37
1.46
1.92
-2.66
-3.25
-1.39
2.52
0.16
-1.09
3.83
2.63
3.23
3.06
-3.86
-3.83
2.44
-1.6
-2.5
-1.43
-3.04
2.82
-3.75
1.83
0.92
-0.41
0.83
-3.02
3.59
3.88
-3.7
-1.18
2.42
-3.36
-3.15
3.27
-2.02
1.47
2.48
2.28
-3.38
-2.75
-3.7
-2.96
-3.57
0.08
0.32
1.58
-2.88
-0.25
-0.51
-3.34
-3.36
2.38
3.77
-3.37
1.8
0.88
1.42
1.46
-0.24
-0.2
-3.96
1.92
-2.3
-2.53
-1.65
-0.48
0.97
-0.45
-0.85
2.14
2.94
-0.03
3.84
1.81
-0.44
-0.84
3.48
-3.63
-0.55
-2.42
1.69
3.37
-2.69
-3.32
-3.93
2.09
3.3
-3.94
-0.24
2.57
-3.78
-2.06
-3.55
-3
