-6
-3.57
-2.99
3.28
1.16
2.87
3.76
3.93
-2.18
2.5
3.9
-3.24
2.19
-2.95
2.51
3.18
4
-0.74
1.08
2.2
1.44
-1.05
-1.48
-2.03
-0.32
-1.32
0.51
2.6
0.33
1.67
1.16
3.89
-1.6
1.77
-1.79
1.75
-2.15
0.41
2.86
-2.51
-1.48
3.59
-0.86
1.62
2.54
-2.54
-2
-3.97
3.78
3.24
2.5
-1.69
-3.03
2.99
-0.79
-3.83
0.11
0.01
3.11
-1.53
-3.06
3.8
1.83
3.13
2.44
2.07
3.97
-3.58
1.19
-0.94
1
-1.79
0.41
0.24
3.42
3.58
-0.49
0.2
1.81
1.09
1.38
1.89
2.83
3.02
0.3
1.76
-3.15
2.8
1.74
-1.96
-2.36
-3.91
2.68
0.38
2.11
-1.28
-3.96
1.48
3.19
-3.54
-0.9
0.88
3.01
3.02
-3.69
2.58
1.91
-0.17
3.57
0.55
-0.86
3.92
0.27
-0.06
1.09
-0.95
-1.37
2.81
0.98
-3.32
-2.13
-3.27
