-1
3.41
-3.42
2.93
-2.91
4
2.56
3.87
3.29
0.2
-1.5
1.1
-2.32
-1.11
3.09
1.07
1.71
1.3
-0.32
2.69
-2.55
3.51
-3.31
2.32
1.07
1.9
2.37
-1.01
3.35
0.95
-1.56
1.91
0.59
-0.13
1.05
-2.66
2.11
-3.42
0.76
2.42
1.33
-1.8
-3.17
-0.56
-3.37
-2.24
3.51
3.45
3.77
-3.87
-0.19
-3.02
3.44
-1.21
-1.81
3.51
2.72
0.1
3.12
1.27
0.38
3.72
-2.85
-0.05
1.21
0.8
3.28
1.81
1.84
-1.95
-2.54
1.13
-3.55
-3.73
3.64
3.25
1.84
0.88
-0.16
2.05
2.4
3.75
-1.05
-1.44
1.43
-2.55
0.11
-0.96
-1.48
3.88
-1.64
-1.79
-0.2
-2.36
2.34
-1.43
-3.19
0.89
-2.32
-2.32
-0.66
3.97
-2.84
2.3
3.46
-3.23
2.8
-2.81
-0.85
2.06
0
-2.54
-2.33
-1.68
0.81
-3.39
-3.11
2.59
1.13
-1.38
-3.65
0.24
