-7
-1.28
3.87
-2.79
2.01
-0.83
0.39
-3.04
-0.56
-2.47
-0.76
-2.49
-0.2
1.12
2.06
-1.89
-2.42
0.43
-1.99
1.69
1.68
3.64
0.51
-0.9
-2.87
-1.88
-3.82
3.56
-0.09
-1.81
0.52
2.09
0.52
-1.12
3.94
-2.37
3.35
-1.86
-3.03
3.87
0.88
-0.65
1.11
3.79
1.44
0.53
0.02
-0.51
3.33
3.6
3.34
-0.21
-1.33
3.49
-2.32
-3.74
2.21
3.37
-3.37
1.28
-3.04
0.84
-1.15
-1
0.87
0.9
2.12
-1.34
2.21
0.45
-0.09
1.3
-0.05
-1.77
3.98
1.18
-1.47
3.77
-0.94
0.6
2.1
0.7
-3.77
-3.98
2.04
-2.81
-3.53
1.47
3.5
2.65
-0.57
-3.11
2.17
3.02
0.88
-3.96
1.27
1.64
3.88
1.35
-3.84
1.38
-1.61
-1.13
-0.31
2.86
-2.25
-0.74
-3.98
0.51
0.12
2.44
-1.77
-2.77
-2.91
-3.32
0.49
-1.17
0.96
-0.65
0.31
3.97
