-5
0.56
1.96
2.06
-2.9
0.66
-3.29
-3.68
0.62
-0.57
2.66
3.57
-3.31
-2.88
0.87
-0.96
-0.49
-3.28
-1.62
-3.66
3.36
-0.56
3.24
0.56
0.76
-0.28
0.47
1.16
-2.58
-0.94
-2.6
2.96
-0.2
3.98
3.56
-0.51
0.33
-2.43
1.66
0.52
-0.63
3.84
-3.71
-3.54
-1.75
-0.63
-1.39
2.08
2.67
2.46
0.37
0.32
0.59
-1.73
3.28
3.38
-3.15
-2.61
0.47
1.38
0.4
-0.68
1.9
-2.45
-3.52
3.7
-0.23
-3.28
1.58
-1.92
3.45
0.18
-0.93
3.59
0.97
-1.79
0.61
-3.13
1.64
-2.06
-2.89
-2.59
0.45
0.98
-3.72
2.99
-3.4
-2.48
2.33
-3.82
-1.36
-1.07
-3.49
-2.44
-2.39
2.58
-0.96
1.28
3.99
1.88
-0.97
-0.12
-3.5
2.63
3.01
1.22
3.91
2.39
-1.6
-1.88
2.6
1.61
3.09
2.26
0.91
-1.01
2.87
-3.08
-1.15
-0.4
3.09
-1.76
