-3
-2.63
3.44
0.51
-2.56
-3.57
1.97
-0.35
0.48
3.33
-0.74
0.43
2.92
2.26
0.11
1.82
0.32
-0.94
-4
-1.78
-3.09
2.49
0.34
-0.64
-0.15
2.85
-3.38
1.13
-2.82
-2.79
-1.58
-3.27
-2.71
-0.24
-0.23
1.86
-1.75
-1.51
0.37
2.41
2.54
2.75
1.64
-0.11
-3.45
-1.35
3.65
2.66
0.9
-2.95
1.87
-2.03
1.08
-2.21
2.35
2.2
0.31
-1.6
-3.91
-1.4
0.85
3.14
-0.26
-0.73
1.22
0.76
-1.79
-2.75
3.74
-3.97
2.63
-2.54
-2.49
-3.89
-0.25
-3.62
2.57
1.07
-1.2
-2.8
1.69
0.05
2.25
-3.88
-0.76
-3.55
1.01
3.5
1.41
0.62
3.62
3.63
-2.17
-2.48
-2.44
3.91
2.95
-1.63
2.68
0.75
3.52
-1.21
2.92
0.87
-3.37
0.4
2.41
-3.97
-2.81
-3.88
0.3
-2.77
3.72
3.67
-1.67
-0.25
0.47
-0.39
3.93
-0.88
3.76
0.92
