-9
0.8
1.25
0.9
-0.46
-3.98
1.82
-3.04
-1.19
-3.08
1.72
2
1.84
-0.7
-2.69
3.81
2.71
-1.98
1.73
-0.01
2.6
2.92
-3.74
1.69
-3.72
0.66
-1.74
-0.95
-3.92
-2.76
-2
-3.01
-0.75
-3.84
-2.34
0.4
-1.52
2.06
-0.73
1.05
1.7
0.77
0.1
2.62
-1.6
-3.08
2.1
-2.04
2.37
1.2
3.81
-3.19
2.15
-2.24
3.08
-3.89
-1.97
3.57
1.38
0.78
-1.67
-0.92
-3.13
2.3
-1.48
2.33
-1.25
1.68
-2.52
-3.66
-1.04
-0.71
-0.72
-2.04
-0.12
-2.17
-1.18
1.39
-0.72
-1.1
-2.9
-3.7
-3.77
3.1
-2.86
-2.17
-2.67
-1.3
1.95
-3.93
3.87
-1.09
-3.32
3.87
1.14
0.1
-0.11
-2.26
-1.41
-1.75
0.81
-3.93
-0.9
2.08
-1.76
1.4
1.53
2.87
3.61
-1.48
-3.35
1.14
0.25
2.18
1.78
2.04
-0.76
1.98
0.97
0.91
-2.47
-3.96
