-3
-3.19
2.07
3.4
0.8
1.6
2.35
-3.06
3.14
-0.51
-0.77
1.73
-0.14
2.67
3.47
0.71
0.79
3.66
3.86
-1.54
0.47
1.18
-0.94
1.7
0.51
3.18
2.03
3.08
1.99
1.92
0.26
-3.25
-3.62
1.43
-2.7
-3.05
3.06
0.42
3.23
0.82
-3.27
-3.83
3.05
-2.02
-0.47
-3.71
-2.77
-2.28
-3.75
0.93
-2.28
-0.12
-2.84
1.61
1.28
-3.95
3.26
-1.18
-1.93
-3.36
3.86
3.27
-2.02
3.92
0.73
-1.61
-0.04
-0.57
1.08
2.51
1.46
-2.66
0.09
-2.64
-1.68
-1.02
-3.48
-0.93
3.72
-0.36
-1.08
-1.56
1.41
-2.94
1.3
1.14
-2.29
-0.5
-2.07
1.92
-2.82
0.24
-1.65
-3.08
0.97
-2.64
1.79
1.22
1.68
-3.14
3.84
1.81
-2.56
-0.84
3.35
0.56
-0.55
0.03
1.83
1.92
2.14
2.6
2.67
3.83
-3.27
-3.94
-2.15
-0.4
-1.39
3.6
0.34
-2.82
