-1
-0.51
-1.16
-0.27
-1.98
3.39
-0.42
-1.06
-0.87
1.05
3.34
-2.24
1.18
1.32
3.15
1.8
-2.42
0.19
0.77
2.36
-1.38
-2.53
2.77
1.57
-2.87
2.48
-3.13
-3.19
-0.09
2.61
0.6
-0.46
0.97
-0.93
1.75
1.18
-3.78
2.26
2.55
2.48
-1.29
-1.25
-0.84
1.05
2.12
0.53
-3.97
2.63
-1.61
-0.66
1.15
-1.64
1.75
-1.01
-2.45
0.83
0.87
1.28
3.65
-2.33
-0.23
-3.63
3.62
0.84
-0.75
-0.2
-0.18
-1.34
-1.15
-0.84
-1.23
3.04
-2.6
2.3
-1.03
-0.23
-0.67
2.44
3.45
0.45
3.45
-2.98
2.42
-3.44
3.33
-3.78
0.47
3.02
3.18
2.65
-1.88
-1.06
1.41
-3.74
-3.36
1.16
-0.87
1.64
-2.21
1.35
2.02
-2.01
3.64
-3.95
-2.76
0.01
1.91
-1.73
-2
0.51
0.13
1.75
1.83
-3
-1.77
-2.93
0.49
2.68
1.57
-3.3
3.62
2.52
