-3
3.31
1.99
-1.97
1.9
-2.92
-3.35
3.87
2.23
2.57
-1.5
-3.92
0.2
1.18
-2.79
-1.52
1.71
3.64
-2.05
-2.32
3.41
1.29
-3.68
0.48
-1.18
-0.76
1.03
-3.43
-2.87
-0.85
2.25
-0.58
-3.11
-0.12
1.5
-2.66
-1.89
-3.36
-3.44
3.13
3.8
-3.12
3.47
-0.56
-1.61
-1.39
3.88
-3.88
-1.31
3.36
3.49
-0.38
2.99
1.12
0.31
-1.87
-0.78
0.1
0.78
-1.34
0.06
-2.71
-3.49
-2.37
3.68
2.95
3.28
-2.7
1.84
2.87
-2.54
-2.15
-3.72
-1.18
3.64
-1.23
0.45
0.05
-0.16
-1.55
-0.21
3.75
-0.56
-2.23
-3.36
-1.42
0.11
3.98
-1.48
-3.93
3.14
1.72
-3.12
-0.71
1.62
1.61
3.59
-2.02
-3.94
1.01
2.39
3.52
-2.4
2.3
3
1.06
-0.66
2.58
-3.34
2.06
-0.08
2.67
1.19
-0.29
-2.72
-1.94
1.86
-1.03
-3.93
-1.38
-1.17
-1.31
