-3
-3.19
3.14
0.39
0.2
1.6
1.57
-3.1
3.79
-2.11
-2.58
2.95
-3.15
2.75
1.06
3.61
0.79
1.02
-2.96
-1.54
0.47
1.1
0.58
-0.75
-1.11
1.61
0.5
3.76
-0.35
1.92
-0.58
0.44
-0.08
1.43
-0.96
3.19
3.83
2.63
-0.24
-0.53
-3.86
1.48
2.89
-3.15
-0.47
0.94
2.94
-3.02
-3.75
-1.81
0.9
-3.23
0.83
3.72
3.59
-3.95
0.17
-1.18
0.96
2.59
3.57
3.22
-0.55
-2.78
2.48
2.28
1.22
1.59
2.65
1.87
3.79
-0.32
-1.09
1.58
-1.98
-1.04
-0.51
-3.21
-0.2
1.95
2.68
-0.49
-2.68
0.88
-3.01
-1.36
-2.04
0.2
3.28
-0.84
-2.82
0.05
-1.65
2.59
3.49
-2.64
1.09
1.22
3.84
-2.72
-2.1
-2.65
1.22
2.45
-3.21
-2.78
-0.48
-2.42
2.42
1.92
-2.69
-3.32
-0.89
-0.12
3.91
-0.43
-0.24
2.93
-3.95
-0.16
-3.32
-2.82
