-2
-2.3
-1.65
3.75
-1.29
-2.46
2.13
-1.45
2.68
-3.08
1.77
-1.89
1.86
1.17
0.69
-3.64
3.37
-1.98
3.65
2.38
2.6
2.92
2.11
-3.71
-0.17
0.17
1.45
-0.95
-0.18
-3.25
3.52
-3.64
-3.41
-1.02
3.5
3.75
-3
1.36
3.61
2.14
1.7
0.77
0.1
-0.88
-2.58
-1.07
2.81
0.59
-0.53
1.2
2.02
-3.19
-3.17
-1.77
1.04
-1.85
-0.4
-0.15
2.36
2.88
-0.06
0.21
-2.84
1.8
-3.95
2.29
3.82
-1.9
2.39
-3.72
-3.24
-2.2
-1.29
-2.04
-2.41
-1.88
0.78
3.4
-1.24
2.79
2.47
-0.44
0.68
2.48
2.69
1.53
1.68
-2.96
2.45
1.08
3.87
-1.09
3.34
-1.16
0.06
3.33
-0.11
-3.89
-1.41
-0.91
-0.88
0.71
-0.9
3.86
-1.76
0.8
-1.98
2.78
-3.37
-2.28
0.77
-3.39
0.57
3.25
-1.47
-3.63
0.05
1.98
-1.06
1.28
3.1
-3.96
