-2
2.25
3.74
-1.36
-0.89
2.82
3.65
-0.62
-2.81
3.48
-0.92
-1.84
-3.77
-0.29
3.62
0.34
3.37
-2.4
3.29
2.52
3.89
1.46
2.2
3.33
-2.26
3.86
-2
-3
-0.34
-1.26
0.64
-0.08
2.86
2.98
3.2
-3.65
-2.93
0.35
-0.48
3.63
2.23
3.85
0.09
2.55
-0.53
-3.97
-2.32
-1.94
-1.09
3.23
-0.52
-2.14
1.78
-0.73
2.54
-2.34
1.15
3.44
-1.89
0.36
-1.02
2.82
-1.26
-1.09
3.84
3.16
-1.2
-4
-2.62
2.1
-2.66
3.68
2.54
-3.07
-3.72
0.89
1.12
0.17
0.79
1.48
2.27
-0.26
-2.36
3.79
2.98
-3.9
0.87
1.96
2.49
0.33
-0.66
-1.86
2.25
-3.54
-3.04
-2.84
-2.24
-2.99
1.37
-0.29
-1.19
-3.22
1.11
2.96
-1.94
0.35
0.61
1.92
1.19
1.3
1.47
-3.02
-1.35
-1.92
-2.42
-2.86
0.88
-2.29
-3.55
-1.78
-3.94
-3.74
