-3
0.8
3.64
1.26
0.72
-2.46
-0.1
-3.04
2.68
-3.08
-1.19
2
-0.24
1.17
-0.64
1.99
3.37
-1.98
-1.44
2.38
2.6
2.92
0
-3.71
-0.17
-0.4
3.29
-0.6
2.31
-3.13
-2
3.7
-3.41
-1.36
3.5
0.44
-3
1.36
2.74
2.14
1.7
2.3
0.1
-3.64
-2.58
-1.07
2.81
-1.24
-0.76
1.35
2.02
3.77
0.12
-2.14
3.06
-3.86
-0.4
-0.15
-2.93
2.88
-3.27
0.21
-2.84
2.3
2.28
0.74
2.67
-2.1
-2.52
-3.96
-1.04
-1.59
-0.82
-3.33
-0.03
-2.17
0.78
3.4
-1.24
2.79
-2.9
3.28
-3.77
-1.11
-2.79
2.9
3.2
-0.2
2.45
1.34
2.93
-1.5
1.11
-1.16
1.14
3.33
-0.11
-0.33
2.2
-0.91
-0.88
0.71
-0.9
3.86
1.99
0.01
-2
2.87
2.41
-1.48
-1.18
1.14
-1.42
3.25
-1.47
-3.63
-0.76
1.98
-1.06
-0.51
-2.84
-1.95
