-5
1.22
-1.25
2.06
-0.84
1.07
-0.94
-3.68
0.97
-3.32
-3.26
3.57
2.22
-3.91
1.68
-0.22
-3.88
-3.28
1.27
1.06
1.39
-3.34
-0.57
-2.8
-2.17
-0.28
-2.47
0.56
-2.3
0.25
2.6
2.23
3.25
-0.46
2.6
1.9
0.87
-2.67
-1.73
3.9
-0.63
3.84
-3.71
-0.19
-3.05
-1.03
-1.39
2.86
-2.76
-1.58
-2.6
0.32
2.62
0.58
2.36
-2.66
-1.37
-2.61
1.49
1.38
-2.82
2.51
-3.99
-0.72
-2.99
3.7
-0.48
3.67
1.25
3.01
-3.75
0.18
1.33
3.97
0.97
3.01
1.35
-3.13
-0.36
2.86
1.27
-2.59
2.23
-2.23
2.36
0.73
-1.13
-0.68
2.15
-1.81
-3.97
-2.23
1.3
-0.09
-3.89
-2
3.43
1.28
-2.12
-0.77
-0.97
-1.95
-3.14
-3.82
2.69
2.33
-0.42
1
2.5
1.07
-0.47
1.61
-3.76
2.64
-1.05
-1.21
2.87
-0.79
-1.83
-0.4
-0.49
2.39
