-3
3.93
1.99
-1.97
1.9
-2.92
-2.13
-0.17
2.23
3.05
-1.5
-3.92
0.2
-1.11
-2.79
-1.52
1.71
1.3
-0.32
2.73
2.21
1.29
-3.68
2.32
0.83
2.72
1.03
-1.29
-2.87
-0.67
0.77
-0.58
-1.11
3.24
1.05
-2.66
-1.89
-1.18
-3.44
3.13
3.8
-3.12
1.39
-0.56
-1.61
-2.24
-0.43
3.45
1.09
1.49
4
-2.94
3.44
-2.54
-3.28
-1.82
-2.86
0.39
3.12
1.08
0.06
-0.58
-3.49
-0.87
3.68
-2.77
3.28
-2.7
1.84
2.12
-2.54
0.36
-3.55
-1.18
3.64
-0.9
-0.35
3.1
-2.5
-3.73
-0.21
3.75
-0.56
-2.23
1.91
-1.38
0.44
2.94
2.87
-3.93
3.14
1.72
-3.12
-3.9
-1.81
-1.13
-2.95
-2.02
-3.94
0.26
-0.66
-1.32
-2.4
2.98
-0.56
-3.23
-3.39
-0.63
-0.85
-2.78
-0.19
-3.71
1.19
0.2
3.3
1.12
-3.11
2.07
-3.01
-1.91
-1.17
-0.98
