-1
-2.13
1.64
-0.93
3.88
1.25
-1.19
2.16
-1.03
0.16
-3.93
0.04
-1.36
3.82
1.66
-1.84
-2.26
2.8
3.4
-0.75
3.58
0.78
1.37
0.34
0.88
-0.83
-0.79
-3.44
0.22
3.28
0.95
2.74
-0.7
2.67
0.68
-0.4
0.42
3.41
2.35
-1.82
-1.58
-3.87
-1.99
0.19
3.72
-3.9
-0.09
-1.88
0.1
0.48
1.64
-3.18
-2.11
-1.21
-1.74
2.09
-2.66
-3.91
-1.92
2.29
0.63
-2.51
-0.68
3.62
2.63
-3.13
-2.53
3.55
-2.75
-3.32
3.79
0.54
0.15
-1.15
0.86
0
-1.14
-3.4
-2.79
-2.24
-2.88
1.64
-1.85
-0.49
2.62
1.6
-0.22
-2.85
-2.04
2.39
0.05
1.38
-0.51
-0.25
2.97
-1.08
1.74
-1.1
-3.55
-1.33
3.03
-0.17
3.57
-3.15
3.25
-3.46
0.42
3.33
2.09
2.22
-2.72
1.11
3.41
3.25
-0.92
-0.99
1.7
2.67
2.18
0.57
-2.31
3.77
-2.33
-1.25
-0.53
-3.12
-1.84
2.67
2.34
0.16
2.63
-3.01
1.39
0.29
-2.01
1.67
2.41
-1.6
-0.34
-0.8
2.56
2.92
0.74
-1.29
-1.64
2.56
3.27
0.82
0.28
0.07
3.02
1.44
3.76
-2.28
0.57
-0.81
1.35
-3.45
3.02
-1.06
-2.67
3.58
-1.8
-2.48
1.58
2.35
2.92
2.42
2.41
0.95
-1.92
0.03
2.08
2.81
-0.9
1.59
-0.12
-2.24
1.31
-2.9
1.37
3.29
-3.85
1.13
-0.75
2.2
-2.48
-3.84
-0.9
1.5
2.99
-0.6
3.13
-0.86
0.97
0.69
3.65
2.53
-0.1
2.38
2.27
-1.25
-0.44
1.36
2.47
2.47
-1.52
1.18
-2.26
-2.77
-3.28
1.63
-2.16
-2.87
2.32
1.03
-1.85
0.29
-2.77
-0.77
-1.48
-3.41
-1.19
2.85
-2.73
-2.91
1.71
-0.98
-2.32
1.23
-2.04
1.3
3.45
-0.78
3.47
2.42
0.26
2.52
-1.91
3.16
0.36
-3.52
-2.84
3.32
-1.75
1.79
3.82
0.3
1.2
-3.97
-3.87
-3.37
0.84
-3.95
3.16
-0.28
1.85
-1.52
2.71
3.14
-1.92
1.81
2.38
-2.38
-0.49
-0.25
-2.55
2.88
3.54
0.55
3.34
2.19
0.04
1.87
3.46
0.73
-3.1
2.57
-1.7
3.58
0.54
1.27
-3.74
-0.87
-2.81
3.27
-0.21
0.17
-0.99
-2.44
-2
2.44
1.16
0.01
-0.27
1.17
-1.11
-3.95
-0.95
1.29
3.65
-2.93
2.95
-0.3
-2.01
0.81
0.8
2.39
-1.51
-0.48
3.58
2.1
0.32
3.95
1.57
-1.8
-0.72
-0.33
-0.64
3.53
4
2
2.19
1.08
1.45
-3.26
3.63
-2.9
3.81
1.68
-2.56
-0.14
-3.84
1.8
3.95
-1.96
-0.84
-2.74
-3.54
-0.82
0.21
2.15
-2.16
-2.89
-3.76
1.26
3.71
2.56
2.46
-2.06
-2
-3.61
0.96
-1.37
3.83
-2.69
3.04
0.16
0.69
3.89
2.19
0.57
-3.98
2.97
-0.28
-2.39
1.74
3.25
2.15
2.73
-1.52
3.29
-1.68
0.84
-1.51
-2.48
2.59
-3
3.61
3.85
-0.13
-3.85
3.22
-3.72
-0.2
0.66
-3.91
-0.71
-3.57
-0.05
-1.14
3.96
2.71
-1.01
3.93
-2.89
2.68
-0.85
1.57
0.09
-2.33
-3.05
-3.39
-2.24
-0.74
3.87
2.58
3.79
-0.41
-1.96
1.96
2.88
-1.6
1.06
2.46
3.3
1.18
-0.68
-0.67
-2.68
3.47
1.22
-3.15
-2.43
2.64
0.7
-2.4
2.96
2.04
-1.23
2.83
2.86
-2.55
1.44
-3.71
0.94
-0.27
-3.8
-1.69
-1.71
3.63
-1.16
0.27
-0.29
2.85
-3.3
2.41
1.11
-0.02
0.97
0.91
-0.36
2.97
0.19
-3.75
0.28
-0.2
1.19
0.54
1.92
-2.76
3.77
-0.41
-2.8
2.1
0.04
-3.95
-2.03
1.37
3.93
-3.64
-2.66
-2.23
-3.76
0.2
1.46
1.69
-3.33
-3.71
2.73
-2.77
1.98
-1.28
1.32
0.82
3.51
-3.72
3.82
-2.03
-0.41
-2.8
2.25
1.64
2.03
-1.04
2.28
-1.3
-3.38
3.09
0.85
3.21
2.96
-0.65
2.34
1.11
-1.9
1.98
3.88
0.73
1.15
1.7
-3.89
-3.11
3.59
0.43
-2.7
-1.8
1.7
-3.7
-3.29
2.52
3.85
-1.09
-1.38
1.65
-0.12
-2.89
-1.68
-3.07
0.86
-1.41
3.84
-3.01
-3.11
-2.01
-3.88
3
-1.83
1.57
-1.51
-3.5
-1.2
0.51
1.02
-3.93
-3.2
-3.5
4
2.37
3.75
2.73
-3.43
-2.18
3.04
3.66
1.52
0.94
3.47
-3.15
-2.4
0.3
0.8
1.71
3.5
1.49
-1.33
0.53
0.61
-3.84
3.34
-2.49
3.92
3.98
2.98
3.15
-3.84
-1.85
-1.03
-3.29
0.57
0.52
-3.92
0.97
0.62
-1.6
2.41
-2.86
1.21
-2.77
1.1
3.88
-0.27
0.8
3.67
-3.36
-2.2
0.46
-0.11
-3.04
1.12
-2.32
-1.67
0.13
-2.38
1.67
-3.9
-0.47
-2.67
3.39
1.33
2.79
3.06
-3.36
-2.61
1.16
-0.2
-3.12
-3.64
3.03
1.82
3.65
-2.74
2.55
3.17
-1.83
-2.46
-2.52
1.81
-0.92
2.56
3.52
-3.07
3.07
3.31
-1.77
3.6
2.05
1.89
3.92
2.19
0.83
-0.77
2.04
2
-1.6
1.94
-0.48
-1.69
0.94
1.26
3.17
0.6
-1.06
-2.77
-1.99
0.62
1.72
-3.98
-2.4
3.45
-2.24
-2.87
0.16
-0.55
0.19
-3.09
-0.13
-0.45
1.95
-3.08
-2.38
2.77
-1.6
0.76
0.53
2.88
-3.71
-3.03
0.62
-1.96
3.61
0.53
2.91
-2.05
2.63
-2.79
-1.03
-0.46
-1.71
0.31
2.93
0.43
1.78
3.69
-1.67
3.44
-3.91
-3.62
-1.6
-2.24
0.94
0.85
-3.66
-0.48
0.46
3.18
-2.11
-2.8
-0.75
2.82
-0.98
-3.48
-3.71
-2.86
2.58
0.68
2.6
-1.23
-1.93
0.59
-3.9
3.98
0.37
0.62
-1.53
-2.64
-0.12
0.12
-1.5
2.27
-0.86
3.71
0.42
-3.73
-2.94
-0.72
0.57
-1.36
-1.51
-2.34
-1.85
2.72
1.93
-3.07
-1.77
1.37
-1.04
-2.09
3.84
1.05
1.23
-0.67
0.01
3.79
-1.23
3.89
-3.61
-2.2
1.72
0.42
-3.53
-2.58
-0.71
2.99
-3.26
1.29
3.95
1.45
2.16
0.24
-3.46
-1.35
0.29
-0.52
-0.62
3.34
3.32
-3.34
3.28
-3.45
-0.44
1.59
2.68
0.62
3.29
0.18
-2.86
1.48
2.38
2.79
-2.83
0.32
-2.93
-2.17
-3.97
-0.77
3.7
0.81
-0.1
2.24
-2.27
-2.55
-0.36
-2.57
-1.56
-3.62
0.19
-1.83
-1.28
0.78
-2.14
-0.64
-2.61
3.09
1.78
1.04
2.92
2.9
3.91
0.35
2.09
-2.01
-0.57
-2.14
-2.97
-2.23
1.26
2.74
3.4
0.16
-2.8
0.98
-0.3
3.03
1.55
2.32
-3.15
0.5
2.62
-3.03
-1.87
0.13
3.47
-3.14
1.37
2.74
-0.73
1.09
-2.48
3.35
-0.81
-0.11
-2.42
2.76
-0.8
-0.92
1.37
-3.08
3.89
-1.31
0.66
1.24
1.18
0.1
-1.65
2.53
0.31
3.02
-3.97
3.02
1.29
-2.23
2.37
3.02
3.65
2.24
3.25
3.52
3.3
0.65
0.59
-1.93
1.54
-3.22
-0.22
-0.79
0.87
3.32
3
2.12
0.97
-1.06
1.59
0.69
3.45
3.01
3.12
2.05
2.46
1.86
1.71
2.81
-0.72
-2.27
2.19
3.73
-3.51
-0.95
-0.33
2.03
-2.27
2.02
-3.17
-3.89
-2.26
-1.11
2.83
2.53
-3.44
1.17
-3.2
2.69
1.65
-1.03
3.86
-3.46
-1.02
0.17
-1.15
2.58
-2.31
0.04
-3.97
3.53
0.38
3.49
-3.24
2.7
0.56
-0.12
-2.77
-2.65
1.82
3.5
3.4
1.03
0.47
-0.78
-0.73
2.17
-3.77
-1.52
-3.55
3.25
-2.09
0.34
0.11
3.01
-2.64
-0.49
-2.02
0.42
1.08
-2.16
0.03
-2.82
1.77
-0.7
3.85
-1.57
2.09
-3.7
-2.95
1.13
-2.11
-0.85
1.13
-0.67
-3.52
-3.19
-2.33
2.06
1.08
-3.72
-2.02
-0.73
2.4
-0.6
-0.2
-1.41
3.78
2.42
0.7
-3.13
0.41
3.54
1.18
-3.56
0.76
3.93
-2.09
3.6
-3.62
-2.88
-2.6
-2.55
-1.01
-1.78
-2.17
1.14
1.14
-2.57
-2.76
0.94
3.71
2.69
-0.25
-1.65
0
-1.63
2.36
-1.17
1.75
-2.59
-2.35
-1.01
0.85
-2.09
-0.4
2.68
-1.47
-0.06
-1.97
2.25
2.98
0.82
-1.97
0.25
-3.74
-2.26
-0.64
-3.78
-0.8
0
1.83
2.63
-3.42
-3.77
-2.53
-1.47
2.07
-0.62
-3.36
3.2
-1.18
-0.07
1.92
1.19
-1.07
3.69
-3.77
-1.63
-2.6
-2.89
-3.04
-0.03
0.33
-3.1
-1.91
-3.31
3.18
0.12
-2.7
-0.97
-3.98
-2.77
-1.91
3.21
-3.97
2.26
-1.38
3.11
-0.45
-1.55
-1.91
-0.14
0.36
3.5
-1.84
1.62
-3.71
1.59
3.12
3.32
2.79
2.46
0.97
-3.48
-1.47
-3.42
-2.86
0.3
2.96
-3.03
3.67
1.45
1.45
3.63
1.76
3.11
1.17
-0.89
-1.38
2.76
-3.54
-0.17
1.88
-1.89
-0.38
-3.16
-0.69
-1.16
-1.02
-0.65
3.63
-2.08
1.53
2.36
2.64
-3.32
3.75
-3.39
0.57
1.18
0.03
0.01
-0.46
-2.23
-0.31
0.19
-0.08
-0.94
2.51
-2.26
0.34
-3.82
1.16
-3.29
-2.79
-0.49
-1.94
0.7
1.24
-0.51
-1.81
3.31
-1.14
1.34
1.19
2.87
-0.23
3.5
-1.88
0.69
0.31
-1.35
0.6
-0.26
0.47
2.72
-0.65
2.09
1.6
0.61
-2.7
2.18
1.84
3.9
-2.06
0.28
3.39
3.92
1.19
3.21
3.84
-0.95
-1.46
3.78
-1.32
-3.19
1.19
2.03
-2.24
-2.31
2.27
1.31
0.6
-3.43
1.61
3.85
2.4
-1.78
-2.18
3.34
-1.88
-1.46
-0.97
1.92
-0.95
-2.49
-1.94
-0.85
-1.57
-1.75
-2.63
2.48
1.98
3.12
-1.89
3.96
-1.84
-3.83
1.62
-3.2
0.81
3.54
0.07
-3.83
1.41
3.35
1.12
-2.74
1.82
-1.63
-2.9
0.48
0.89
-2.49
-0.9
-0.78
3.92
-3.8
2.07
3.76
-1.34
0.05
0.97
-0.04
0.04
0.34
2.87
-2.76
2.36
2.72
-1.69
3.88
-2.19
-0.86
1.99
-3.75
-0.63
-1.57
1.87
1.81
3.63
1.08
-3.43
1.11
-1.03
0.74
2.09
-0.43
1.46
-1.39
-3.65
0.69
2.73
-2.33
-2.03
-3.85
1.57
-3.7
0.87
2.16
3.96
-0.06
-4
-2.33
-1.4
0.74
-0.77
2.58
2.28
-3.73
2.13
0.02
1.72
2.63
-3.38
-1.29
3.04
1.85
-2.01
-2.08
3.28
-2.67
2.23
-3.14
-3.51
-3.37
-0.38
2.26
-2.84
-1.62
2.48
-2.45
0.49
1.73
3.1
-1.66
-2.17
-1.61
0.85
1.33
-0.45
-2.56
2.33
2.34
3.23
-1.63
-1.87
-2.85
3.85
-0.27
-3.76
0.03
-1.8
-3.31
1.32
-2.38
-2.86
2.21
-1.66
-2.54
-4
3.58
-2.68
-1.32
-0.2
-1.01
-3.3
4
-2.31
2
-1.61
-3.47
0.63
3.33
1.42
-0.63
-2.49
1.34
-3.3
2.54
2.9
3.96
2.19
3.35
-1.91
0.73
2.56
-0.3
2.93
-1.93
-0.26
0.56
-1.84
2.56
3.56
0.38
-1.78
3.25
3.55
3.4
1.46
-2.28
-0.33
1.54
-0.22
-3.16
-0.55
-3.53
2.71
1.26
-2.29
-2.45
0.08
0.87
-1.91
-2.64
-1.82
-2.67
0.28
2.21
3.54
-0.91
-1.89
2.06
0.69
-1.24
0.88
2.33
-3.04
0.65
-2.84
1.43
0.39
-3.54
2.7
2.26
3.53
0.69
-3.88
-0.08
-0.96
2.71
0.98
2.41
-3.8
3.93
-2.01
1.39
2.09
-2.22
3.04
-1.17
2.63
2.45
2.33
-2.41
3.16
3.89
1.36
1.67
-3.61
1.69
0.2
-0.95
3.18
-3.51
-0.92
3.84
-1.9
2.13
1.85
2.95
-3.39
0.92
-2.49
-1.15
-3.23
0.89
0.29
-2.45
2.15
-0.08
-3.53
0.68
2.45
1.79
-3.02
-0.17
1.44
-1.63
2.67
-1.15
-3.97
3.54
-1.51
3.44
-1.18
-0.16
2.52
1.53
3.18
-2.94
-2.29
3.49
-2.42
-3.43
0.66
0.32
-1.11
-3.26
-3.84
-1.15
-1.11
2.42
-0.34
-1.95
-2.17
0.09
-3.85
-3.26
2.95
0.46
-1.12
0.18
-2.52
0.36
-0.17
0.55
0.87
2.25
2.31
3.01
-1.06
-3.68
-2.63
2.89
3.27
0.27
-0.27
0.93
-1.3
0.67
-3.62
0.12
-3.57
-0.12
-3.65
0.22
0.64
2.78
-1.03
1.3
-3.52
2.12
-0.06
-2.56
0.89
3.23
-1.25
-2.15
-1.66
-1.22
1.97
-1.83
3.99
3.76
1.88
-3.52
-1
-2.05
2.13
3.18
-0.95
3.28
-3.42
0.5
-3.42
-1.04
0.98
-0.77
1.45
0.58
-3.26
3.14
-3.65
-0.79
-0.35
-3.01
0.19
-2.01
2.5
-3.32
-2.6
-1.69
2.73
0.5
1.1
2.03
-0.31
1.44
-2.38
-0.44
-1.6
3.5
-0.19
2.3
2.59
1.51
-2.86
3.9
0.59
-1.62
-4
-3.47
2.04
-2.05
-1.33
-2.16
3.3
0.84
-2.11
1.61
-1.87
-0.33
-3.88
0.7
3.64
0.63
-2.72
0.3
3.17
1.23
1.37
0.52
-1.88
0.22
0.43
-0.7
2.64
2.02
-0.34
0.58
1.01
0.04
2.8
-1.03
2.66
1.56
2.18
-1.06
-2.67
1.62
2.32
2.67
-0.3
-0.24
3.48
-0.25
3.65
3.63
-0.25
3.09
-0.14
1.99
3.43
-0.13
0.18
1.63
-1.92
1.65
0.08
-2.42
-0.93
1.31
1.8
3.94
-2.03
0.44
-2.78
-0.39
-3.93
-3.21
-3.39
0.31
-1.67
-0.35
3.04
0.44
-2.14
2.72
-3.07
3.77
1.29
-3.58
0.81
0.1
-1.25
3.62
