-2
1.43
-3.4
1.15
2.31
-0.23
0.96
0.09
2.67
-0.2
-0.74
0.38
-2.35
-3.84
-3.4
0
-0.91
1.87
-4
0.81
3.25
3.87
3.97
-1.98
-3.44
-1.31
-1.67
-2.85
-2.82
-3.38
3.57
-3.71
1.7
1.36
-2.62
1.51
-1.75
0.56
0.87
1.94
2.97
-1.82
-1.79
-2.22
-0.93
-3.81
0.1
-3.28
1.91
-2.76
3.08
2.53
-1.53
-2.21
-2.53
3.64
-0.05
0.98
-3.91
2.99
-1.61
-1.12
-1.84
-3.6
-0.9
0.42
-0.86
0.96
-2.45
-3.97
0.26
-2.54
-0.21
-3.2
1.41
1.34
2.19
3.34
-1.43
-2.99
3.45
0.05
-1.22
-0.12
-1.28
0.91
-0.33
0.98
3.23
-0.73
-3.67
1.51
3.84
0.2
2.75
-0.18
2.95
3.14
1.3
-1.81
2.77
-1.69
-0.95
3.27
-1.58
-3.48
-3.79
-2.35
-1.43
0.25
-3.57
-2.77
-1.6
-2.09
0.68
-1.76
-2.93
2.55
1.46
1.16
3.76
-2.22
