-10
0.84
-1.76
1.8
-0.84
0.18
-3.53
-2.42
-1.95
2.13
-2.2
0.88
2.22
-0.29
1.68
-0.96
-3.88
3.61
0.06
-0.48
-3.13
-3.34
-2.05
1.33
-0.18
-2.98
0.47
2.41
-3.3
0.25
3.46
-3.01
0.6
-1.17
2.6
2.44
-2.68
1.42
1.27
-1.2
-0.07
-3.34
3.71
2.36
-3.92
-1.19
-2.74
-0.15
-2.76
-3.51
3.58
-1.71
-0.68
-2.73
-1.93
-2.14
3.88
-3.86
2.82
0.17
-1.24
-1.97
-3.99
3.15
3.92
-1.6
3.79
-2.81
-2.44
2.6
0.78
-3.26
0.47
3.01
2.94
3.01
-1.37
-2.14
-0.12
-1.25
-3.26
-2.59
0.79
-2.36
3.52
1.17
-2.52
-3.49
1.03
-3.82
-2.09
-2.23
-3.49
-1.68
-1.48
-2
3.43
1.01
3.98
-2.75
-0.97
2.23
3.25
-1.61
2.69
-0.82
-1.84
2.39
-0.94
-3.67
-0.47
-0.69
2.85
-3.59
-3.11
-1.55
-3.32
-1.09
-1.83
-0.17
3.09
1.01
