-1
-0.22
-3.4
1.15
2.31
-2.6
0.96
0.09
-2.3
1.25
1.22
0.38
0.69
-3.28
-0.68
2.25
-0.12
1.87
-4
0.81
3.25
3.87
3.97
-1.98
-3.44
-1.31
-1.67
-2.85
-2.82
-3.38
-2.98
-3.71
-2.87
1.36
-2.62
1.51
2.5
1.66
0.87
1.46
2.97
-1.82
-2.48
-0.11
-1.65
-3.81
0.1
-3.28
1.91
3.19
3.08
2.53
-1.53
-3.28
2.3
3.64
-0.18
0.98
1.21
0.72
-1.61
1.64
-1.84
3
-0.9
0.42
-1.06
3.11
3.74
-3.97
0.26
3.76
-0.21
-3.2
1.41
3.61
2.19
1.51
-1.32
-2.99
3.45
0.05
-2.2
-3.88
0.1
0.91
1.32
0.98
3.23
-1.06
-3.67
1.51
-3.2
-2.45
-0.35
0.62
2.95
3.14
1.3
-1.81
2.77
0.61
2.79
3.27
-1.58
1.59
2.51
-2.51
-1.43
-3.88
-3.57
-2.77
-1.6
-2.09
0.68
-0.25
-2.93
2.55
1.46
0.45
3.76
-2.22
