0
1.61
-1.16
-2.79
-1.21
-0.08
-1.31
-1.06
1.95
-3.16
3.34
-2.24
-2.51
2.81
-1.62
-2.63
0.09
0.19
0.77
1.69
-1.69
0.07
-2.77
1.81
2.36
2.48
-3.13
3.42
3.62
-2.19
-1
-0.46
0.97
-0.93
3.94
-0.2
0.37
-1.42
1.54
-3.68
-1.83
-1.99
1.62
3.96
2.12
1.1
-1.37
2.63
-2.09
-0.66
1.15
0.46
1.5
1.96
-3.69
-3.74
-2.46
2.91
-3.94
1.72
3.02
0.84
-2.62
-3.14
0.54
-2.08
2.49
3.31
-1.15
1.3
-1.14
2.65
-2.6
3.34
-0.1
1.79
2.87
2.44
-2.91
3.41
-0.73
-2.98
-3.04
-3.44
-2.99
-3.78
-2.59
1.47
3.18
-3.08
-0.3
-3.83
1.52
-1.41
-2.69
-1.97
-2.95
3.26
-1.87
1.35
1.07
-0.09
0.75
-2.17
-0.31
0.01
0.43
-0.38
-0.35
1.04
0.12
2.44
1.83
-3
0.93
3.23
0.49
2.87
3.43
-3.75
3.34
-0.25
