-10
3.79
-2.08
-1.36
2.42
3.04
0.94
1.7
-2.81
0.23
2.64
-1.87
1.16
2.47
-2.4
0.34
3.37
3.99
3.29
-2.06
-1.45
1.46
2.2
3.33
-2.26
3.86
-2
1.73
-3.36
-1.26
0.68
-2.94
1.76
0.04
2.1
-3.65
2.54
0.35
-0.48
2.35
-1.47
3.85
0.09
2.55
-0.53
-0.94
-1.08
-1.94
-2.97
3.23
-3.15
2.14
1.78
-0.73
1.64
-1.31
-2.42
2.93
-1.89
0.36
-2.02
-1.99
-1.26
-2.88
3.84
3.6
-0.73
-4
-2.48
-2.81
2.54
3.91
1.75
0.49
1.2
-1.76
0.57
2.79
-3.01
1.48
2.27
0.99
-2.07
3.96
-0.68
2.81
2.15
1.96
2.49
2.46
0.26
2.78
0.26
1.63
-0.64
3.44
1.11
1.49
1.37
0.93
-1.19
0.24
1.79
-2.83
2.94
2.31
1.47
1.92
1.19
1.3
3.94
-3.02
-0.11
-1.92
3.04
1.99
-3.82
-2.29
1.8
-2.5
-2.99
3.69
