-3
3.41
1.99
-2.16
-0.81
-1.8
-3.35
-3.57
2.23
3.05
-1.29
1.1
-2.32
-1.11
-0.55
1.07
-1.72
1.3
-2.05
2.73
1.24
-1.97
-2.51
0.48
3.82
1.9
1.03
-2.91
-2.87
-1.18
-2.33
-1.33
-1.11
3.24
1.05
-0.83
-1.89
-1.18
-3.89
2.42
1.87
-2.67
3.47
-0.56
0.16
-0.84
3.88
-3.88
1.09
3.36
-3.45
2.86
2.99
2.78
-1.81
-1.82
-2.86
0.39
0.78
1.31
-1.16
-2.34
-2.71
-0.59
1.37
1.32
-1.16
1.81
2.6
2.12
-2.54
0.36
2.15
-1.18
2.12
-1.23
-0.34
3.1
3.45
-1.55
-0.21
1.73
-2.76
-1.44
-3.36
-1.2
0.11
2.94
2.87
0.17
-2.88
3.16
-3.12
-3.9
-1.81
-1.13
-2.42
0.68
-3.03
1.01
-0.66
3.97
0.12
2.98
3
-3.23
1.87
2.58
-0.85
2.06
1.44
3.43
-2.64
-1.86
0.81
-2.94
2.08
-1.03
-3.01
-1.38
-1.17
-0.98
