-7
0.84
3.09
-0.43
-0.84
-1.11
2.45
-3.68
-1.95
3.59
-2.2
0.88
-2.77
0.48
1.68
3.64
-2.68
2.33
-3.8
-0.48
1.39
-1.64
-2.05
1.33
-2.42
-0.28
0.83
0.56
-2.3
0.25
2.6
1.36
3.25
3.11
-1.16
2.14
0.87
-1.21
1.27
3.9
-2.58
3.84
3.71
-0.19
1.96
3.78
-2.74
-3.82
2.79
-1.58
-3.32
3.94
-0.68
0.58
2.36
3.38
3.2
-2.61
1.49
0.17
2.56
-2.84
0.68
1.97
3.92
-1.75
-0.25
2
3.21
2.6
0.09
0.18
1.33
-1.2
0.55
3.01
-1.37
-2.14
-0.12
2.86
1.27
-2.59
0.79
-2.36
-0.43
0.73
-1.13
-3.09
2.15
-1.54
1.43
-2.23
1.3
-2.91
1.51
-2
3.43
1.01
-2.12
2.33
-2.64
-1.95
-1.06
1.42
2.69
1.22
-0.42
-2.59
0.73
3.52
-0.47
1.1
-3.27
-3.59
0.91
-1.21
-3.73
-0.79
-1.83
0.06
0.58
2.39
