-2
-0.22
3.07
1.15
2.31
-2.6
-0.26
0.76
2.67
-3.66
1.22
0.38
2.92
-3.28
-0.68
2.25
-3.64
1.87
-4
-3.63
-3.81
3.87
3.97
-1.98
-3.44
-1.31
-1.67
-2.85
-2.82
-3.11
-2.98
1.94
-2.87
-2.31
2.53
1.51
2.5
1.66
0.87
1.46
2.9
-1.82
-2.48
1.79
-0.93
1.55
0.1
-3.28
1.91
-2.95
3.08
-1.78
-1.53
-3.28
2.3
3.64
-0.67
0.98
1.21
2.99
-2.74
1.64
-1.84
3
-0.9
0.42
-1.06
-1.97
3.74
-3.97
0.26
-3.62
-0.21
-3.2
1.41
1.34
2.19
3.34
-0.47
-1.66
-0.83
0.05
-1.22
-3.88
-1.28
0.91
1.32
0.98
3.23
-2.51
-3.67
1.51
-3.2
-2.45
-0.35
-0.82
2.95
3.14
1.3
-2.11
2.77
0.61
-0.95
3.27
-1.58
-1.81
2.51
-2.51
-1.43
0.25
3.64
-2.77
-1.6
-2.09
0.68
-0.25
-2.93
0.19
1.46
0.45
-1.02
-2.22
