-10
3.93
-1.02
3.98
-2.3
-1.8
-1.29
3.87
2.23
-3.15
2.42
-3.92
-2.32
-1.11
-0.55
-3.01
-3.92
3.64
-2.05
2.09
2.21
1.09
-1.71
0.48
-1.59
0.24
1.03
2.34
-1.3
-0.67
-0.35
-0.58
-1.11
1.29
1.05
-0.83
-1.89
-1.87
0.76
2.42
2.51
-2.67
-3.81
-3.35
0.16
-0.84
3.88
3.45
-1.31
0.9
1.9
2.86
2.76
-2.54
0.31
0.85
-2.86
2.53
3.12
1.31
-1.16
-0.58
3.52
-0.05
-2.2
3.9
-1.01
-0.49
3.86
2.12
-2.22
1.13
0.17
-1.18
2.12
-1.23
0.45
-3.07
-2.5
-1.55
-0.85
3.75
-3.99
3.52
-3.36
-2.55
2.95
3.98
2.87
-3.93
-2.88
-1.79
-0.2
-0.71
-1.81
1.61
-2.95
0.68
-3.03
0.26
2.39
3.52
0.12
2.3
0.43
2.56
2.58
0.77
0.39
2.06
0.31
-3.71
1.19
-0.29
0.81
-2.94
1.86
-4
-3.49
3
3.62
-0.98
