-6
1.39
0.05
-1.31
-2.38
3.93
-0.4
-2.09
3.91
-3.59
-0.55
2.3
2.73
-2.72
-3.29
1.36
1.26
-0.12
-0.67
2.2
3.31
2.23
-3.55
-3.33
3.72
-3.74
0.33
-1.92
4
-3.22
3.38
0.74
-2.8
-2.68
-2.6
-1.17
-3.35
-0.96
-1.23
1.87
-2.6
1.87
0.6
0.47
-0.92
2.6
0.54
3.51
0.12
1.31
-2.4
3.41
0.92
2.99
-2.5
4
-1.57
-1.92
0.88
1.23
1.56
2.76
-3.79
-3.06
4
-3.97
0.01
1.34
-3.4
-0.94
-0.49
-1.79
3.75
-1.88
2.53
0.92
-1.85
0.2
1.81
-3.76
1.38
-3.68
1.93
3.02
1.49
1.76
3.82
1.84
-0.05
3.15
3.9
-2.9
2.68
0.61
-2.39
2.21
2.25
1.24
0.87
-3.54
2.52
-2.39
-2.81
-2.67
1.1
0.18
-0.42
-0.17
-0.11
2.13
1.69
-0.6
1.05
3.58
-2.68
3.12
-3.18
-1.48
0.3
0.67
-0.22
-0.36
