0
-1.28
0.45
-2.79
-1.21
-1.65
-0.42
-2.95
-1.36
-2.47
1.22
0.81
-0.16
2.83
-0.75
-1.75
2.52
-3.59
0.77
1.69
-1.69
-2.53
0.36
-2.6
0.56
2.48
-3.13
3.42
3.74
3.07
-1
-0.85
-3.54
-2.9
-0.95
-0.2
0.37
-1.42
1.11
-3.58
-1.59
-3.94
-1.31
1.05
0.72
1.05
-1.37
-3.41
2.1
-2.59
1.15
-2.38
1.75
1.96
-1.94
1.39
0.77
2.69
3.87
-2.51
0.27
0.84
-2.33
0.84
-0.75
-2.08
2.12
2.37
-1.15
-0.84
-1.14
2.65
1.89
2.22
-0.1
-0.37
0.14
2.44
-2.91
0.6
-0.73
3.79
1.97
2.8
-2.81
0.26
0.47
1.49
1.38
2.65
3.34
-3.83
1.52
4
-2.69
-2.98
-2.89
-0.38
3.49
1.35
-3.84
-2.01
0.16
-1.13
-0.31
0.01
-1.54
-1.73
-2.07
0.96
0.12
-1.68
1.78
0.48
-1.17
-3.32
0.49
2.68
-3.15
-3.3
3.62
-0.25
