-6
3.56
0.05
-0.73
-2.38
2.81
1.7
-2.09
3.91
-3.59
-0.55
-3.24
-1.35
1.85
3.68
1.36
1.26
-0.12
-0.67
2.2
3.31
-1.98
-1.86
-3.33
1.12
-3.74
-1.64
-1.92
4
0.8
-3.17
0.74
-2.8
-2.68
1.8
-0.94
-3.35
-0.92
-1.23
1.72
-2.6
1.87
0.6
0.47
-0.92
2.6
2.75
3.51
0.12
1.31
-2.4
3.41
0.92
2.99
-2.5
4
-1.57
-1.92
0.88
1.23
-2.86
2.76
-3.79
-3.06
4
-3.97
0.01
1.34
2.67
-1.02
-0.49
-1.79
3.75
-1.88
2.53
0.92
-1.85
0.2
1.81
-3.76
1.38
-2.42
1.93
3.12
1.49
-0.78
3.82
-3.75
-0.05
-0.21
3.9
-2.9
-2.05
0.61
-2.39
2.21
2.25
1.24
0.87
2.71
2.52
-2.39
-2.81
3.35
1.1
3.44
-0.42
-0.17
-0.11
0.59
3.44
-0.6
1.05
3.58
-2.68
3.12
1.71
-1.48
0.3
0.67
-0.22
-0.36
