-10
-1.36
-3.4
-1
2.31
-2.6
0.96
0.09
2.67
-0.2
-0.74
0.38
-2.35
-3.84
0.97
2.25
-0.91
1.87
-4
-3.63
3.25
3.87
1.06
-0.37
-3.44
-1.31
-1.67
2.58
-2.82
3.08
-2.98
-3.71
3.86
-0.68
2.53
1.51
-1.75
1.66
0.87
1.46
2.9
-1.09
-2.48
-2.22
-2.95
-1.52
0.1
-3.28
1.91
-2.95
3.08
2.53
-1.53
-2.21
2.3
0.05
-0.05
0.98
-3.91
2.99
-1.61
3.11
-3.79
-3.6
0.91
0.42
-0.86
0.96
3.74
-3.97
0.26
1.75
0.15
-2.55
2.62
1.34
-3.56
3.34
-1.43
-2.99
3.45
2.51
-1.22
-3.88
1.07
0.91
1.32
1.29
3.89
-1.06
3.39
2.95
3.84
-1.91
2.75
-0.82
2.95
3.14
1.89
-2.11
2.77
2.04
-0.95
3.27
-1.58
2.47
2.51
-2.51
-1.43
0.25
-3.57
-2.77
-1.6
-2.09
0.68
-1.76
0.84
2.55
1.46
2.33
3.76
-2.22
