0
-1.28
0.45
-2.79
-2.37
-1.65
-0.42
-3.04
1.95
-2.2
3.34
0.31
-0.16
-3.59
-2.82
-1.75
0.09
0.97
0.77
1.69
-1.69
-2.53
0.36
-2.6
2.36
2.48
2.36
-1.28
3.62
3.07
-1
0.17
-3.54
-2.9
-0.95
-0.2
0.37
-1.42
-3.03
0.49
-2.12
-3.94
-0.41
1.05
-0.38
1.05
-1.37
-1.41
-2.99
-0.66
1.15
-1.05
3.01
1.96
-1.94
3.47
0.87
2.69
3.92
1.72
0.27
-1.47
-2.33
0.84
-0.75
2.94
2.12
-3.09
2.59
1.3
-1.14
2.65
1.89
3.34
1.07
-0.23
-0.23
-2.72
3.45
1.68
-0.73
0.32
-3.04
2.8
2.04
-3.57
0.2
-2.66
1.38
2.65
-0.3
-3.83
1.52
-1.41
-1.39
-1.97
2.13
3.26
-2.77
1.35
3.92
-2.01
0.16
-1.13
1.15
-3.48
-3.14
-1.73
-0.35
1.04
2.52
2.95
1.78
0.48
0.93
-3.32
0.49
1.61
-3.15
2.05
3.62
3.76
