-2
-0.61
0.99
-1.36
-1.74
3.04
3.17
-0.62
-1.6
-3.54
2.64
0.43
2.38
0.62
3.73
-1.52
-3.97
3.99
-2.03
-3.01
2.36
1.46
2.2
-3.33
-3.57
-3.09
1.72
-3
-3.36
2.14
0.83
1.51
0.09
2.98
3.3
3.96
-0.08
0.35
-0.48
0.1
-0.83
1.84
-1.66
2.55
-0.53
-0.94
-0.68
-3.58
-2.97
-3.31
3.17
3.99
0.92
1.84
-2.24
-1.31
1.15
3.51
0.33
-3.38
-1.02
-1.28
-1.26
0.69
1.33
3.6
0.97
3.05
-0.55
2.1
2.54
-0.96
2.54
-1.59
-0.01
-0.99
-0.46
2.79
-3.01
-0.36
1.19
-0.26
3.28
2.03
-0.68
2.59
0.72
3.22
2.49
2.46
-1.79
2.78
1.71
3.6
-0.04
3.44
0.46
-1.39
1.37
0
-1.19
0.24
-0.72
2.52
3.8
0.02
0.42
-3.43
0.73
-2.5
3.94
-1.13
2.45
-0.05
0.73
3.2
-3.82
-2.04
-0.46
-0.1
-0.41
-0.99
