-6
0.84
-3.69
1.8
-0.84
-3.19
-3.76
0.76
-1.95
2.64
-2.2
0.88
2.22
-1.66
-3.43
-0.22
-2.68
3.13
1.51
1.18
0.36
-3.33
-2.05
1.33
-0.18
-2.98
0.47
3.7
-3.3
0.25
3.94
-3.01
0.6
-1.17
1.81
-0.88
0.87
-2.71
1.27
3.18
-0.07
3.37
-3.71
0.55
-3.7
-1.03
-2.74
3.18
-3.3
-3.51
3.01
-1.71
2.7
-2.73
-1.93
-2.13
3.88
-3.86
1.49
0.17
-1.24
-1.97
1.39
-2.15
3.46
-3.3
-0.25
-2.81
-2.44
2.6
-2.25
1.39
3.71
3.01
-0.33
3.83
-1.37
-2.14
-1.06
-1.25
-3.26
3.93
0.79
-2.36
3.52
1.08
0.69
-0.68
-1.38
-3.82
-3.55
-2.23
-3.49
-1.68
-1.48
-2
3.86
-2.66
3.09
0.24
-0.97
3.01
-0.34
-1.61
-1.68
-0.82
3.31
-1.92
-0.94
-3.67
1.2
-0.69
0.39
-3.59
-3.11
-2.58
1.98
-1.09
-1.83
2.62
-2.85
0.64
