-8
3.81
1.99
-2.16
-2.3
-1.8
-2.13
1.61
-3.98
-3.15
2.42
-2.65
-2.32
-1.11
-0.55
-1.52
-1.72
3.64
-0.32
0.97
2.21
1.09
0.7
-3.05
-2.35
0.24
-3.17
-2.91
-1.3
-0.67
-2.33
-1.33
0.59
3.24
0.03
-0.32
2.11
-2.75
0.76
2.42
-3.42
1.67
3.47
-3.35
-0.76
-2.24
3.88
3.45
-1.31
-2.5
1.9
2.86
2.76
-2.54
0.31
-1.23
0.22
2.53
-0.66
1.27
-1.16
1.9
3.52
-0.05
1.37
3.9
-1.01
-0.49
3.86
2.12
1.55
1.13
1.53
-2.04
2.55
-1.23
0.45
3.1
-1.54
-1.55
-0.85
3.75
-0.56
-0.21
-3.36
-2.55
2.95
3.98
-2.32
-3.93
3.14
1.72
-3.12
-0.57
1.62
1.61
-2.42
0.68
-3.03
0.26
-1.06
2.95
0.12
2.3
-2.08
2.56
1.87
-1.83
0.39
2.06
2.53
3.5
0.55
-0.29
3.3
-1.76
1.86
-4
-3.01
3
3.62
2.41
