-6
3.79
0.99
-1.36
-3.89
3.04
3.17
0.56
-1.6
-3.54
2.64
-1.84
2.38
0.62
-3.66
-1.73
-3.97
3.99
-2.28
-2.06
-1.45
1.46
2.2
-3.33
-2.26
-3.7
1.72
-1.63
-3.36
2.14
0.83
0.62
3.18
2.98
3.3
-3.65
-2.93
-3.4
-0.48
-2.26
-0.83
1.84
-1.66
2.55
-0.53
-0.94
-0.68
-1.92
-2.97
-2.94
3.17
-2.99
-1.59
0
2.29
-1.31
1.15
3.51
0.98
0.29
-1.02
-1.78
-1.26
0.69
1.33
1
0.97
3.05
-0.55
2.1
2.63
-2.75
2.54
-1.59
-0.01
-3.67
-0.89
2.79
-3.01
-3.12
1.19
-0.26
3.28
2.03
2.98
-3.63
0.39
-3.2
2.49
2.46
-2.97
-2.72
-1.66
1.63
3.82
3.44
0.46
2.81
1.37
0.93
-1.19
0.24
1.79
2.96
-0.98
0.02
3.03
0.84
0.73
1.99
3.94
-1.13
-1.35
0.63
0.73
-1.6
-3.82
-0.26
-0.46
2.65
-0.41
3.69
