-5
-1.36
1.06
-1.06
1.33
-3.1
2.38
0.15
1.17
-1.62
-0.41
-2.89
-2.11
0.47
2.35
0.13
-3.43
-2.67
1.64
-1.86
1.61
-3.09
-2.84
-0.96
1.6
3.5
3.28
0.35
-0.42
-0.84
-3.03
-3.72
-0.06
-3.37
0.16
0.53
-3.64
2.75
-2.57
2.7
-2.98
-2.97
-3.32
2.5
3.29
-1.43
-2.18
-3.74
-2.19
0.42
0.29
-3.13
-3.03
-3.68
3.23
-3.99
2.75
2.9
1.35
-2.48
-4
-1.98
-3.44
-2
-2.6
-0.69
-2.46
3.67
-3.7
-0.21
-0.24
-2.18
3.53
-3.49
-2.35
0.19
-3.78
-2.61
-3.53
0.77
-1.46
-0.59
0
-2.18
3.32
-3.9
2.96
-0.4
-3.85
-1.53
1.78
-0.93
-2.6
2.49
2.69
-0.24
2.4
3.45
2.94
-2.84
-0.35
3.71
3.96
2.38
-3.35
-3.8
3.54
0.01
2.67
4
-3.92
1.36
-0.35
3.99
2.98
3.38
2.02
-2.6
-2.07
-2.06
-0.01
-1.02
