-8
-1.09
-2.83
3.94
-1.37
2.31
-1.46
1.93
2.86
-2.7
2.29
2.8
1.74
-3.06
-3.98
2.77
1.26
-2.56
-0.67
2.21
-1.12
0.95
1.76
3.08
1.06
-2.96
3.58
0.73
0.13
1.91
-2.17
3.24
-0.89
0.76
2.81
-0.56
-3.35
1.76
-3.9
1.87
-1.69
0.29
2.19
-0.91
0.03
3.45
2.75
3.51
-1.58
-3.08
3.56
3.41
0.92
3.24
0.29
-2.41
3.69
1.94
1.63
2.13
0.26
-3.03
-3.04
-3.06
1.6
3.06
-0.31
-3.33
-2.08
0.58
2.11
-0.3
-2.66
-1.24
-0.1
2.12
-3.95
-3.2
1.35
-0.73
-3.45
-2.42
0.47
-0.79
-3.98
2.62
-0.49
1.84
-1.9
3.82
2.79
-3.15
-3.47
2.52
-2.39
2.66
1.11
1.24
1.5
0.98
-3.19
1.77
1.58
1.85
1.06
3.44
2.07
3.45
-0.67
-2.67
0.61
-2.35
-3.99
-2.05
1.58
0.44
3.18
1.76
0.64
0.1
0.73
2.17
