-2
-3.39
0.99
-1.6
-0.48
3.04
3.17
0.56
-1.6
-0.87
2.5
1.24
-3.96
2.62
-2.4
-3.22
-2.43
-2.4
-3.87
-1.44
-3.02
-1.82
2.15
0
0.49
-1.61
2.05
1.07
2.46
2.14
-3
-0.86
-0.6
-1
3.22
-0.49
-2.02
1.6
0.51
-2.84
-2.49
1.84
2.83
-3.33
-0.95
-0.39
-2.32
-1.43
-0.48
0.18
-3
1.49
3.56
-2.7
1.64
2.45
-1.53
2.75
3.56
1.44
0.06
-0.94
-1.34
-2.57
-1.87
-0.65
-0.84
2.04
-2.48
3.67
-1.51
-0.88
3.61
-0.61
-3.72
-3.67
0.97
3.6
0.8
0.7
1.87
-0.1
3.96
-1.73
3.23
2.81
-3.94
-1.91
-2.22
-3.24
-2.97
-3.01
-1.66
1.63
3.59
2.45
3.16
-0.82
2.55
-0.31
-1.19
-1.94
-0.84
2.38
2.94
1.89
3.6
0.16
-3.75
1.3
1.72
1.44
-3.96
-3.13
3.68
-3.84
-0.9
-3.79
-1.8
2.62
3.53
-2.94
