0
-1.36
-3.13
1.15
2.31
-2.6
1.97
0.92
2.67
-0.2
1.22
0.38
2.92
3.7
0.97
2.03
-0.12
1.87
-4
0.81
-3.81
-0.22
1.06
1.03
3.85
-3.49
0.13
0.15
-2.82
3.08
-1.98
0.34
3.86
1.36
-1.43
1.51
2.5
1.66
-2.45
1.94
2.97
-1.69
-2.48
-3.38
-1.65
-1.52
1.95
3.68
1.91
-2.95
3.08
-2.03
-1.53
2.81
2.35
3.64
-0.18
0.98
-3.91
1.22
0.85
-1.12
-1.84
3
0.91
-1.85
-0.86
-1.87
3.74
-3.44
0.26
1.75
-0.21
-3.2
2.62
0.93
-3.56
0.22
-1.67
-2.99
1.69
2.51
-1.42
-3.88
-0.76
0.91
-0.35
0.98
3.23
-1.06
3.62
0.82
3.84
-0.42
2.75
-0.18
1.32
2.36
3.73
-2.11
2.77
-2.25
2.92
-0.43
-1.58
2.47
1.46
-2.51
-3.56
-3.05
-3.57
0.22
-1.6
1.87
-1.67
-0.25
-2.93
0.25
1.46
1.16
-3.58
-1.75
