0
-0.51
0.74
-2.79
-1.21
-1.65
-0.42
-3.04
-1.36
1.05
-1.16
0.31
1.18
-3.59
-2.82
-2.63
0.09
0.92
0.77
1.69
3.5
0.07
-0.62
-2.6
2.36
-2.7
-3.13
3.42
3.62
-2.19
-1
-0.46
-3.54
2.05
-0.95
-0.2
0.37
2.26
-3.03
-3.58
-1.59
-0.65
-0.1
1.05
0.72
1.16
0.11
-3.53
2.1
-0.66
0.29
0.46
1.75
3.8
-1.94
1.39
-1.44
2.69
3.87
1.72
-1.02
-1.47
-2.33
0.84
0.54
-2.08
2.12
-3.09
-1.15
1.3
-1.14
3.04
1.89
3.34
1.07
0.94
-1.47
-2.72
-0.94
2.57
3.45
1.69
-3.04
2.8
-2.99
-3.57
0.47
0.63
1.38
2.65
-0.3
-3.83
1.52
3.02
-3.36
-1.97
-3.5
3.26
3.49
-1.21
-3.84
-0.89
0.75
-3.95
-0.31
0.01
-1.54
-0.38
-1.78
0.96
0.12
-1.68
1.83
-2.77
-1.17
-3.32
0.49
0.49
0.74
2.05
-3.5
-0.25
