-9
3.79
-2.08
-1.36
3.55
3.04
1.12
0.56
-1.6
-3.54
-0.43
-1.84
3.11
0.62
2.15
0.34
3.01
3.99
1.62
-2.06
-1.6
-0.2
2.48
-3.33
-2.26
0.2
3.14
0.56
-2.32
2.62
0.83
-1.52
-2.63
0.04
-0.16
-3.65
-2.59
0.35
-0.93
0.1
1.2
3.34
-1.66
2.55
-0.53
-3.97
-3.95
-0.51
-1.09
-3.31
-0.52
2.14
-1.59
1.84
0.35
1.39
-2.42
3.44
1.73
0.29
0.06
2.82
0.01
-2.88
1.24
3.6
-0.69
-4
-2.48
-2.81
2.54
3.68
2.54
-3.84
-3.72
0.89
-0.89
0.8
0.79
-3.69
3.53
0.99
-3.02
1.47
2.98
2.59
-1.05
3.95
1.37
2.46
-3.21
-2.05
-1.64
3.61
3.82
3.44
2.93
-1.43
-2.43
0.93
-1.22
-0.79
-0.72
2.96
2.94
0.02
1.47
-3.51
1.19
-2.61
-2.55
3.19
-1.93
-0.85
2.47
3.44
-3.82
1.79
-0.46
-1.78
3.53
3.69
