-3
0.8
3.29
1.26
-3.62
-2.94
-0.1
1.72
-1.19
-3.08
1.77
-1.89
2.47
0.06
0.69
-3.64
3.37
-3.42
-1.44
-1.13
-0.14
2.75
2.11
-3.71
2.41
1.84
0.36
-0.95
2.31
0.65
-3.41
2.41
-3.76
-1.02
-2.34
-3.51
-1.52
2.06
2.74
2.14
1.7
-3.88
-2.27
-0.88
-2.58
-1.07
-0.45
1.94
-0.76
3.57
2.02
3.77
2.15
-2.04
3.08
2.95
-2.28
2.82
3.66
2.88
-0.38
0.21
-2.84
-0.38
-2.49
2.29
-1.25
-2.1
-3.63
-3.72
-1.93
1.7
-0.72
-1.63
-0.03
1.46
3.46
3.84
-1.24
2.79
2.47
0.46
-3.77
2.48
2.25
2.9
-0.42
2.38
1.95
-1.61
0.56
0.64
-3.05
-1.82
0.54
2.66
-1.08
-2.26
-2.4
-1.75
0.81
-3.58
-3.68
-1.47
2.8
0.8
-1.98
1.69
3.61
2.43
-2.25
1.14
0.25
3.25
1.78
0.28
2.12
1.98
1.15
-0.51
-2.84
-1.95
