-8
1.71
1.99
-0.2
-2.3
-1.8
-2.13
3.87
2.23
-2.1
2.42
-3.92
-2.32
-1.11
-0.25
-3.01
-3.92
3.64
-0.32
0.97
1.24
1.09
0.7
1.66
-1.59
0.24
1.03
2.34
-1.3
-2.2
0.77
-1.33
0.59
3.24
1.05
-0.32
-1.89
-1.87
-3.89
2.42
2.51
1.67
3.47
-3.35
0.16
-0.84
3.88
3.45
1.09
0.9
1.9
2.86
3.44
-2.54
0.31
0.85
0.22
2.53
0.78
1.27
0.05
-0.58
-3.49
-0.05
-2.2
3.9
-1.01
-0.49
3.86
2.12
-2.22
0.36
0.17
-1.18
2.12
-1.23
0.45
-3.07
-1.27
-1.55
-0.85
0.48
-0.56
3.52
-3.36
-2.55
0.44
3.98
-2.32
-3.93
3.14
-1.79
-0.2
-0.71
1.62
1.61
-2.42
0.68
-3.03
0.26
2.39
0.18
0.12
2.3
0.43
3.64
1.87
-1.83
0.39
-1.25
-2.33
-2.54
-3.66
-1.86
0.81
-2.94
1.86
-4
-3.01
-1.45
3.62
-0.98
