-5
0.84
-3.69
3
-0.84
0.18
-3.53
-2.42
-1.95
-0.21
-2.2
0.88
1.11
-3.91
1.68
-0.22
-2.68
3.79
0.06
-0.48
1.39
3.66
-2.05
-2.8
-0.18
2.99
0.47
3.7
-3.3
0.25
3.46
-2.67
0.6
-3.91
2.6
2.44
0.87
-1.21
1.27
-1.2
-0.07
-3.34
-3.71
2.36
-3.05
-1.03
-2.74
-0.15
-3.3
-3.51
3.58
-3.95
-0.68
-2.73
-1.93
3.38
3.88
-1.28
1.49
0.17
-1.24
-2.98
-3.99
-1.85
3.92
-1.6
1.42
2
-2.44
2.6
-2.25
-2.56
0.47
3.01
-0.95
3.83
1.85
-2.14
-0.12
-1.33
-3.26
-2.59
0.79
-2.36
-0.43
1.08
2.01
-0.68
1.03
-3.82
-3.55
-1.05
-3.49
-1.68
-1.48
-2
-3.6
1.01
-2.38
-2.75
-0.97
-1.95
3.25
1.42
2.69
-0.82
-0.42
2.39
-0.94
1.07
-0.47
-0.69
2.85
-3.59
1.6
3.23
2.87
-1.09
-1.15
2.62
3.09
1.01
