-5
-1.79
3.29
3.75
-1.29
1.44
-2.1
1.72
2.68
-3.08
0.44
-1.89
1.86
-1.81
0.69
1.99
-2.25
0.87
2.32
-1.13
0.92
3.09
-3.62
-0.59
-0.17
-3.94
3.22
-0.95
2.31
-3.25
3.52
-3.64
-1.71
-2.37
-2.34
0.97
-1.52
1.36
3.24
-0.76
1.7
-1.67
2.57
-0.88
1.06
-3.08
-0.45
1.94
-0.76
-0.68
2.02
-3.19
-3.17
1.89
3.06
2.95
-0.4
1.74
2.17
-1.98
0.59
0.21
-2.24
-2.2
0.32
2.29
1.85
1.68
1.68
-3.72
-1.04
-2.2
-0.72
-2.5
2.29
2.22
0.69
3.84
-1.24
-3.27
-0.4
-0.44
-3.77
-3.18
2.69
-3.17
-0.42
2.98
-0.79
-2.45
0.26
0.64
-3.05
3.87
3.63
2.66
2.26
-2.26
-3.69
-0.91
0.81
-1.86
-0.9
-1.47
2.8
0.8
-1.98
2.82
3.71
2.43
-2.05
-0.93
0.25
0.65
-1.47
0.28
2.12
1.98
-1.06
0.44
-2.84
-2.25
