-2
-1.36
-3.4
-1
2.31
-2.6
0.96
0.09
2.67
-0.2
-0.74
0.38
-2.35
-3.84
0.97
0
-0.91
1.87
-4
0.81
3.25
3.87
1.06
-1.98
-3.44
-3.49
-3.05
2.58
-2.82
-1.45
-2.98
1.94
-2.87
1.36
2.53
1.51
-1.75
1.66
0.87
1.94
2.9
-1.09
-1.79
-2.22
-2.95
-1.52
1.95
3.68
2.88
-2.95
3.08
2.53
-1.53
-3.28
-2.53
3.64
-0.05
0.98
-3.91
2.99
-1.61
-1.12
-1.84
-1.47
-0.9
-1.85
-1.06
0.96
-3.07
-3.97
0.26
-3.62
0.15
-3.2
3.51
1.34
-3.56
-1.01
-1.32
-3.07
3.45
2.51
-1.22
-3.88
1.07
0.91
1.32
1.29
3.89
-0.73
3.62
1.7
3.84
0.2
2.75
-0.82
-0.55
3.14
1.89
-2.11
2.77
-1.69
-0.95
3.27
-1.58
2.47
2.51
-2.35
-1.43
0.25
3.64
-2.77
-1.6
1.87
0.68
-0.25
-2.93
2.55
1.46
2.33
3.76
-2.22
