-2
1.39
0.05
-1.31
-2.38
3.93
3.76
-2.09
3.34
-3.59
3.9
-3.24
3.24
-2.72
3.68
2.77
4
-0.74
-0.67
2.2
3.31
-1.98
-3.55
-3.33
1.12
-3.74
1.67
-1.92
4
-1.7
-3.94
3.89
1.74
-2.61
1.8
-1.17
-3.35
-0.92
-1.23
1.87
-0.58
1.87
0.6
-3.95
0.16
3.37
0.54
3.51
0.12
-0.84
-2.4
3.41
0.92
-2.59
3.46
4
-1.57
-1.92
-3.4
1.23
1.56
2.76
-3.79
0.17
-0.72
-3.97
0.01
-3.03
2.67
-0.94
-0.49
0.66
3.75
1.47
2.53
2.32
-1.85
-3.2
1.81
-1.22
1.38
-3.68
2.83
3.02
0.31
1.85
-1.68
0.33
1.31
3.15
3.9
-3.15
2.23
2.52
-2.39
2.21
1.15
-3.15
0.87
2.71
2.52
-2.39
-2.81
1.7
-0.73
3.44
-2.31
-0.17
1.73
-2.67
1.69
-0.6
1.05
2.85
3.3
3.12
-3.18
-1.48
0.98
0.67
0.73
-0.36
