-5
-3.44
-1.76
-2.81
-0.84
0.18
-3.29
-2.42
-1.95
-0.21
-2.2
-1.98
2.22
-3.91
1.68
-0.36
-3.88
3.61
1.51
-0.48
-3.13
-3.33
-2.05
1.33
-0.18
-2.98
0.47
3.7
-3.3
-2.31
2.6
1.36
1.4
2.55
3.56
2.14
0.87
-1.21
1.59
-1.2
-0.07
-3.34
2.25
0.55
-3.05
-3.76
-2.74
-0.15
-2.76
-1.58
-3.32
-3.95
2.62
-2.73
-1.93
3.38
1.58
-1.28
-2.94
0.17
-1.24
-1.97
-3.99
-2.15
3.92
-1.6
-0.25
3.67
-2.44
2.6
-2.25
-3.26
2.1
3.97
-0.95
3.01
-0.11
2.89
-0.36
-1.25
-3.26
-2.99
0.45
0.81
-0.43
1.17
2.01
-0.68
1.03
-3.82
-2.09
-1.05
-3.74
-1.68
-1.48
-2
3.36
1.01
-2.12
-2.75
-1.65
-1.95
3.25
-1.61
-1.68
-0.82
-0.42
2.39
-0.94
-3.67
-1.77
-0.69
-3.27
-3.59
-3.11
-1.08
-3.32
-0.79
-1.15
0.28
0.58
2.49
