-8
1.71
-1.02
-0.2
-2.3
-1.8
-2.13
-3.57
-3.98
-2.1
-1.43
1.1
-3.87
-1.11
-2.87
-3.01
-1.72
3.64
-0.32
2.09
-2.31
1.29
0.7
1.66
-1.59
1.9
-3.17
2.34
-1.3
1.66
0.77
-0.58
0.59
-0.12
1.05
-0.32
-1.89
-1.87
0.76
2.42
3.8
-2.67
-2.28
-0.56
-3.37
0.55
3.88
-3.09
1.09
-0.51
1.9
0.22
2.99
-2.54
0.31
-1.23
0.22
2.53
3.12
1.08
-1.16
-1.25
3.52
0.39
-2.2
1.32
-1.01
-3.24
3.86
2.12
1.55
1.13
-3.55
-1.18
3.64
-1.23
0.45
3.1
-1.27
-1.55
-0.21
3.75
-2.76
3.52
3.43
-2.55
0.44
3.98
-1.23
0.17
3.14
-1.79
-3.12
1.54
-0.32
1.61
-2.42
-2.02
-3.64
0.26
2.8
3.52
0.12
2.3
-0.56
3.64
1.87
-1.83
-3.28
2.06
-2.33
-3.71
-1.62
-0.29
-0.12
-2.94
1.86
-4
-3.01
-1.45
-1.17
0.24
