-7
-1.9
-3.76
1.26
0.72
1.44
-2.1
1.72
2.68
-1.44
3.67
-1.25
2.32
0.53
0.69
3.93
3.37
-0.69
-0.63
2.38
0.92
2.75
-3.62
1.69
-0.17
-3.94
0.36
0.46
0.07
-3.25
-3.41
-3.64
-1.71
-2.37
-2.34
-1.08
-1.52
2.65
3.24
-0.76
3.6
-1.67
0.1
-2.78
0.28
-1.92
-0.45
1.94
2.35
-0.68
3.53
-3.19
2.15
1.89
3.08
2.95
-0.4
1.74
-2.93
-1.75
-0.06
0.21
-3.33
-0.38
0.32
-1.79
1.85
-1.9
1.68
-3.72
-1.04
-2.2
1.84
-1.63
-0.03
2.07
1.41
3.84
-1.24
-3.27
2.72
-0.44
-3.77
-3.18
2.69
-3.17
-0.42
-2.96
-0.79
-3.34
0.56
0.64
-3.05
2.07
0.54
2.66
3.15
-3.35
-2.4
-0.91
0.81
1.57
-0.9
-1.47
-2.92
0.8
-1.98
2.82
3.61
2.43
-2.05
-0.93
0.25
-2.75
2.96
0.28
2.12
1.98
-1.41
-0.51
-2.84
-2.25
