-3
-1.05
1.06
3.86
-1.98
0.9
2.98
0.15
1.17
3.08
-0.05
2.95
-3.15
-2.32
1.06
-0.45
-3.72
-3.05
2.61
-1.54
0.47
-1.74
-2.42
2.17
0.21
-1.88
1.33
1.37
1.81
-0.84
2.03
1.34
-0.06
0.61
3.97
3.19
-2.38
-2.12
-3.92
-3.73
-2.98
2.35
-3.87
3.44
0.52
0.84
2.94
-3.02
-2.71
-1.05
0.29
-3.95
-3.06
3.72
1.28
-2.63
-0.24
-1.83
0.96
-3.57
-4
3.22
-0.55
-2
1.07
2.28
1.22
-2.75
-3.7
1.87
-3.57
-1.66
-1.09
0.56
3.13
-3.35
-0.51
-3.21
-0.2
1.95
3.77
0.36
3.57
3.17
-3.22
1.55
-2.04
0.2
3.28
-0.84
-2.3
-2.53
1.25
0.14
0.82
1.62
-1.37
1.22
0.12
-0.03
3.84
-2.65
3.43
-3.16
-2.04
0.37
-3.83
3.96
0.25
3.37
0.69
-2.34
-2.65
-2.6
-3.27
-0.43
-0.24
3.84
-3.78
-0.87
1.71
-3
