-5
-2.45
2.79
2.48
-3.89
-1.31
-2.07
1.7
2.2
-3.74
-0.43
2.06
1.75
0.62
-1.4
-1.25
-0.89
-0.28
-1.34
-0.75
-2.07
2.74
2.2
3.33
3.83
-2.48
2.81
1.73
-2.32
-1.54
-3.57
-2.62
-2.63
-2.04
-0.16
3.61
-2.59
-3.03
-0.85
0.1
3.26
-0.5
0.75
-2.6
1.9
0.33
-0.68
0.06
2.01
2.14
-0.52
-2.59
1.64
1.11
0.41
1.39
-0.65
3.46
2.65
2.6
-0.12
0.21
0.01
-0.27
3.84
-1.82
0.69
-0.22
-3.22
-1.01
-2.66
-1.87
-3.43
2.56
-0.01
2.43
-2.01
0.8
-2.57
-0.5
2.21
-1.25
3.73
-0.46
2.98
3.03
-0.25
0.26
1.56
2.46
0.26
-2.05
-1.67
0.55
-3.79
-0.95
3.49
-2.99
-2.43
-0.29
3.64
3.54
-0.72
-0.99
0.8
-2.65
-3.16
3.08
-2.89
1.99
-0.61
2.56
2.02
-0.85
-3.62
-2.87
0.49
-3.53
0.76
-3.19
2.44
-3.58
