-1
3.41
-3.52
2.93
3.64
-1.26
2.56
-0.15
-2.95
0.2
-1.29
2.06
-2.32
-3.2
3.09
1.07
0.41
2.95
-1.01
2.69
-2.55
3.51
-3.31
2.32
3.82
-1.63
2.37
-1.29
-1.3
0.95
-1.56
1.91
0.59
-0.13
3.38
3.51
0.38
-2.3
0.76
-1.28
2.42
-1.8
-2.33
-0.56
2.53
-2.24
1.78
-1.41
3.77
-3.87
1.97
-3.02
-2.54
-2.54
-1.81
3.51
2.72
-1.83
3.12
1.27
0.38
-0.16
-2.85
0.11
-2.25
0.8
-2.54
1.81
-2.57
3.58
-3.32
-1.3
-1.82
-3.73
-3.73
3.25
1.84
1.25
3.79
2.05
0.59
-0.23
-1.05
-1.44
2.98
-2.55
0.44
-0.88
-2.32
3.88
-3.21
-1.79
-1.41
3.5
2.34
-1.43
-2.95
1.57
-2.32
-2.28
-3.7
3.97
-2.84
-3.81
3.46
-0.74
2.8
-2.81
-2.81
-1.06
-2.33
-2.54
-1.62
-2.94
-3.32
-3.39
-3.11
2.59
1.13
-3.71
-3.65
2.34
