-1
1.22
1.96
2.06
0.92
1.66
-3.29
2.22
0.62
-0.57
-3.26
3.57
-3.31
-0.29
0.87
-0.22
-3.88
-3.28
-1.62
1.12
3.36
-0.56
3.24
0.56
-2.42
-3.18
0.47
3.7
-2.58
-0.94
-2.6
0.38
-0.2
3.98
2.14
2.44
0.33
-2.43
1.66
-1.2
1.24
3.84
2.83
2.36
-1.75
-0.63
-2.36
2.08
2.67
2.46
0.37
-1.02
0.59
-1.73
-2.36
-0.8
1.98
-2.61
0.47
0.09
-2.82
-2.98
0.79
-2.45
-1.97
0.37
-0.23
-3.28
1.58
2.44
3.45
2.55
-0.93
3.59
3.88
3.53
0.61
-3.13
-1.69
2.21
3.18
2.4
-2.97
-1.03
2.7
2.43
3.79
-2.48
2.33
-1.07
-3.55
-1.07
1.11
-2.44
-2.39
0.22
-0.96
1.28
0.33
1.88
3.6
-3.08
-3.5
-3.78
3.01
1.82
3.91
1
-1.6
-1.88
2.6
1.1
3.09
2.26
0.91
-1.21
4
-2.18
-1.15
-0.4
0.58
-1.76
