-9
2.04
3.13
1.67
-3.62
0.6
1.82
-3.74
-1.19
0.53
3.33
2
1.84
-0.7
-2.69
3.81
-3.53
-3.42
1.73
-0.55
-0.14
-2.81
0
-2.27
-3.72
-0.4
-1.74
-1.66
3.23
-1.18
-2
-3.01
-0.75
-3.84
-2.34
-3.04
3.9
2.06
2.2
1.05
3.58
3.3
-2.27
2.62
-3.42
3.56
2.1
-2.04
-1.9
-3.88
3.81
0.39
2.15
-2.24
3.08
-3.89
-1.97
1.39
1.38
0.78
-1.67
-0.52
-2.96
3.99
-1.48
2.33
-1.26
1.68
-2.36
-3.66
3.92
-1.59
-1.61
-3.33
-0.12
0.56
3.46
1.39
-2.86
-3.27
1.5
-3.7
-3.77
3.1
-0.99
1.62
-1.15
-2.51
-2.92
-2.45
2.93
-1.5
-3.32
-2.58
-1.28
0.1
2.26
-2.26
0.1
-1.75
0.81
-3.58
-3.69
-2.25
-3.8
1.4
-2
1.47
1.89
-1.48
-3.35
0.65
0.25
0.65
3.28
-1.98
-0.76
-2.06
0.97
0.91
-0.52
-2.75
