-7
-1.28
0.81
1.2
3.41
-0.83
0.39
-1.53
1.19
-2.61
-1.02
-2.49
-0.2
1.25
2.09
-1.75
3.45
0.92
-1.9
0.85
1.68
3.64
0.51
-0.9
0.56
-1.88
-3.82
3.56
3.62
-1.81
0.52
2.09
0.52
-1.12
3.94
-2.37
2.35
-1.86
-3.03
3.87
0.88
-0.65
1.11
0.75
-0.38
1.16
0.02
-0.51
3.33
3.6
0.15
1.7
1.5
3.49
3.28
-0.93
2.21
-2.29
-3.37
1.28
-1.02
0.84
-1.15
-1
0.87
0.9
1
-3.09
1.31
0.45
-0.09
1.3
-0.05
-1.77
3.98
-1.68
-1.47
3.77
3.49
3.41
2.1
0.7
-3.77
-3.98
2.04
2.83
-3.42
1.03
-0.39
0.87
-0.57
0.63
-2.5
-0.31
0.88
-3.96
-3.5
-1.89
3.88
2.72
-3.84
-0.89
2.19
-1.13
-0.31
2.86
-2.25
-0.74
3.52
0.96
-3.46
2.44
-1.77
-2.77
3.19
2.29
0.6
-1.17
0.96
2.05
0.31
3.97
