-3
-1.28
0.45
-2.79
-1.21
-1.65
-0.42
1.33
1.95
-2.2
1.22
0.31
-0.16
-3.59
-3.37
-1.75
0.09
0.92
-2.62
1.69
-1.69
-2.53
-2.77
1.81
2.36
2.48
2.36
-1.28
3.62
-2.19
-1
-0.85
-3.54
-2.9
-0.95
-0.2
0.37
-1.42
-3.03
2.48
-1.59
-3.94
-0.41
3.79
2.12
1.16
-1.37
-1.41
2.1
-0.66
1.15
-0.21
1.75
1.96
-1.94
1.39
0.87
2.69
3.92
-2.51
0.27
-1.47
-2.33
0.84
-0.75
-2.08
2.12
-3.39
-1.15
1.3
-1.14
2.65
1.89
3.34
1.07
-0.23
-0.23
-2.72
3.45
1.68
-0.73
0.32
-3.04
2.8
2.04
-0.13
0.47
-0.86
1.38
1.7
-0.3
-3.83
1.41
4
-2.69
-2.98
-3.89
3.26
-0.76
1.35
2.02
-2.01
0.16
-3.95
1.15
-3.48
-3.14
-1.73
-0.35
1.04
2.52
2.44
1.78
0.48
0.93
-3.32
0.49
-2.87
-3.15
2.05
3.62
3.93
