-2
-1.05
1.06
3.86
-1.98
-1.94
2.35
0.15
3.79
3.08
-3.07
2.95
3.49
-2.32
-2.93
-0.45
-3.72
-3.05
-3.45
-1.54
1.71
1.1
0.58
-0.75
0.21
3.97
1.33
1.37
1.46
-0.84
2.03
-0.86
-0.06
0.19
0.16
-1.09
-2.38
-2.12
3.23
3.06
-2.98
-2.97
-3.87
-1.6
-0.47
0.84
2.94
-1.61
-2.19
-1.05
0.92
-3.95
-3.06
3.72
1.28
-2.68
-0.24
-2.86
2.42
-0.96
-4
3.22
-0.55
1.47
0.38
2.28
1.22
-2.75
-3.7
1.87
-3.57
0.08
0.32
0.56
-2.88
3.8
-0.51
-3.34
0.13
1.95
3.45
0.36
0.48
3.17
-3.22
-1.36
0.42
-0.2
3.28
-0.84
-2.3
-2.53
1.25
-3.08
-3.6
-0.45
-1.37
1.22
2.63
-2.72
-2.11
-2.65
3.96
-2.41
-2.04
-3.63
-3.83
-0.4
0.25
3.37
-3.2
-2.34
-2.65
2.09
-3.27
-0.43
-2.15
3.21
-3.78
0.3
1.71
-3
