-2
1.43
-3.4
1.15
2.31
-1.18
3.7
0.09
2.67
-3.66
-0.74
0.38
2.92
-3.28
0.97
2.25
-0.91
1.87
-4
-3.63
-3.81
3.87
3.3
-0.37
-3.44
-1.31
-1.67
2.58
-2.82
-3.38
-2.98
-3.71
-2.87
0.95
-2.62
1.51
-1.75
1.66
0.87
1.94
2.9
-1.69
-2.48
-3.38
-0.93
-3.81
0.1
-3.28
1.91
-2.95
3.08
2.53
1.62
-3.28
2.3
3.64
-0.18
-1.6
0.69
2.99
-1.61
3.11
-1.84
3
0.91
1.39
1.06
0.96
-2.45
-3.97
0.26
3.76
-0.21
-3.2
1.41
1.34
2.19
3.34
-1.67
-1.66
3.45
2.51
-1.22
-3.88
-1.28
0.91
1.32
0.98
3.89
1.55
3.39
2.95
-3.2
-1.07
3.04
-0.82
2.95
3.14
1.3
-1.81
2.77
0.61
-0.95
-3.9
-1.58
-3.48
2.51
-2.51
-1.18
0.25
-3.57
-2.77
-1.6
-2.09
0.68
-1.76
-2.93
2.55
1.46
0.45
3.76
-2.22
