-3
-1.28
-2
-2.79
-1.21
-1.65
-0.42
-3.04
-0.56
-2.2
-1.16
2.58
-0.16
2.83
-0.75
-2.63
0.09
-3.59
2.37
1.69
-1.69
0.07
-0.62
-2.6
2.36
2.48
-3.13
-0.14
3.74
3.07
-1
-0.46
-3.54
2.05
-0.95
-2.37
0.37
-1.42
1.55
-3.58
-1.59
-0.65
-1.31
3.79
2.12
1.05
-1.37
2.57
2.1
-0.66
1.15
-0.21
3.07
1.96
-1.94
3.17
-1.44
2.69
3.87
-2.51
3.83
0.84
-2.33
0.84
0.54
-2.08
2.12
2.37
-1.15
-0.84
-1.14
2.65
-2.6
0.02
1.07
0.94
-1.47
2.44
-2.91
3.41
-0.73
3.79
1.97
2.8
2.04
-3.78
0.47
0.63
1.38
2.65
-0.3
-3.83
1.52
-1.41
-2.69
-2.98
-2.95
-0.38
3.49
1.35
-3.84
-2.01
2.19
-3.95
-0.31
2.5
-1.54
-1.73
-2.07
0.96
-3.06
3.35
1.78
-3
-1.17
-3.32
-2.04
0.49
-3.15
-3.3
-3.5
-0.25
