-6
1.39
0.05
-1.21
-2.38
2.81
1.7
-2.09
0.41
-0.02
-0.55
2.3
2.73
-2.72
-3.29
1.36
4
-2.56
-0.72
2.2
-1.6
-1.98
-1.86
-3.33
1.65
-3.74
0.33
-1.15
4
0.8
-3.17
0.74
-2.8
-2.68
1.8
-0.94
-3.35
-0.96
-1.23
1.72
-2.6
1.87
0.6
-1.46
-0.92
2.6
0.54
3.51
0.12
1.31
-1.67
3.41
0.92
-2.59
-1.54
4
-1.57
-1.92
-2.92
1.23
1.56
2.76
-3.79
0.17
-0.72
-3.97
0.01
-3.03
2.84
-1.02
-0.49
-1.79
3.75
0.24
3.42
3.58
-1.85
1.41
1.81
-1.22
1.38
-3.68
-1.62
3.12
1.49
1.76
3.82
1.84
1.31
-0.21
3.9
2.77
2.68
0.61
-2.39
-1.28
1.15
2.99
0.87
2.71
-0.9
-2.39
-1.97
-2.67
-0.73
0.18
-0.42
-0.17
-0.11
2.13
1.69
-0.6
1.05
0.67
1.09
-0.58
-3.18
-1.48
0.98
0.67
-0.22
-0.36
