-10
3.79
1.71
-1.36
2.76
3.04
3.65
0.56
-1.6
-3.74
2.64
0.43
2.38
0.27
-2.4
-1.73
-3.97
0.66
-2.04
-3.63
-1.45
-0.2
2.2
-3.33
-2.26
0.2
3.14
0.56
-3.36
-1.26
2.37
-2.94
3.18
0.04
-2.49
-3.65
2.54
0.35
-1.01
0.1
-1.47
3.85
-2.7
2.55
-0.53
-3.97
-3.95
-0.51
-2.97
-2.45
0.95
2.14
-2.94
-2.38
2.29
1.39
1.15
2.93
0.83
0.29
0.74
2.82
-1.26
0.69
1.33
3.6
-0.69
-4
-2.48
-0.28
2.54
-0.96
2.54
-3.84
-0.01
-3.67
-0.89
0.8
0.79
-0.36
2.27
0.99
-2.36
-0.46
-0.68
2.81
0.72
1.96
1.74
2.46
0.26
-2.05
-1.64
1.63
3.82
1.65
1.11
-1.43
-2.43
-0.54
-1.22
-0.79
-0.72
2.96
2.94
2.31
1.47
-3.51
0.73
1.99
3.94
3.19
2.44
-0.85
0.73
3.2
0.49
-4
-0.46
-1.78
-3.94
3.69
