-8
3.41
1.99
3.98
1.79
-1.8
-1.29
-0.54
-3.98
-3.15
-1.43
-3.92
-2.32
-1.11
-0.25
-1.52
-1.72
2.27
-0.32
0.97
2.21
1.09
-1.71
0.48
-1.24
1.9
2.64
-2.91
-1.3
-0.67
-0.35
-1.33
-1.11
3.24
1.05
-0.83
-1.89
-3.42
0.76
2.42
2.51
-2.67
3.47
-3.35
0.16
0.55
3.88
3.45
-1.31
-0.51
1.9
2.86
2.99
-2.54
0.31
0.85
-2.86
2.53
0.78
1.31
-1.16
-0.58
-2.85
-0.05
-2.2
3.9
-3.98
-0.49
3.86
2.12
-3.64
1.13
0.17
-1.18
3.95
-1.23
0.45
3.1
3.45
-1.47
-0.21
0.48
-0.56
-1.44
-3.36
-2.55
0.44
3.98
-2.32
-3.93
3.14
-1.79
-3.12
-0.71
1.62
1.61
-2.95
-2.02
2.95
-2.32
2.39
3.97
0.12
2.3
0.43
2.56
3.64
0.77
-3.28
2.06
-1.63
-3.71
1.19
-0.29
-3.6
-2.94
1.86
-4
-1.65
-1.91
3.62
-0.98
