-2
-2.3
3.64
0.9
0.72
1.44
2.13
1.72
-2.74
-3.08
0.44
-1.25
-2.98
0.53
2.69
-3.64
1.5
0.87
3.65
-1.13
3.71
2.75
-3.62
1.14
2.41
0.66
3.22
-0.95
2.31
-2
-3.41
2.51
-3.41
-1.02
-1.47
0.44
-3
-2.46
2.74
2.14
1.7
0.77
3.3
2.42
3.39
-1.92
1.82
0.59
-0.76
1.2
-3.91
-3.19
0.12
-2.14
1.04
2.19
-0.4
3.57
2.85
0.65
0.89
0.21
3.42
-0.38
-2.49
0.74
-3.87
0.79
-0.77
1.58
-1.04
-3.03
-2.08
1.31
3.28
-0.55
0.67
3.4
3.29
0.33
2.47
-0.44
-3.75
-2.21
-1.14
1.53
1.68
2.38
-0.57
1.34
0.56
-0.43
-3.05
-1.82
0.54
3.33
-0.11
-0.33
-1.41
-0.8
-2.05
-2.09
-0.9
-1.47
-1.76
0.8
3.97
2.78
2.41
2.43
-0.97
1.14
-3.09
-1.48
1.81
0.28
0.05
1.98
-1.06
-0.01
3.1
-3.96
