-5
1.61
-2
-2.79
2.44
0.68
-2.81
1.58
-0.56
3.35
-1.16
0.31
-0.16
2.83
-2.82
3.24
2.52
2.67
-1.37
2.36
2.52
0.07
0.06
1.57
-2.87
2.48
-3.13
-3.19
-0.09
3.07
0.99
-0.1
-3.54
-2.8
-0.95
-0.2
0.37
2.26
1.41
2.48
-1.29
2.68
-1.31
1.05
0.72
0.53
-3.97
-3.41
-1.99
-0.66
-1.52
-0.21
-0.42
-3.9
-1.94
3.17
-1.44
2.69
3.65
1.72
0.27
-3.63
-3.05
3.07
-3.29
2.94
1.54
-1.34
-0.68
-0.23
-1.14
-0.99
2.57
2.3
-0.82
-0.37
0.14
-2.28
-2.91
0.36
-0.73
-0.17
-3.04
-0.96
3.27
2.55
-2.59
0.63
-1.24
2.65
-0.3
-1.06
1.52
-1.41
-3.48
-1.97
-0.87
-0.38
3.49
1.35
1.07
-0.44
-3.69
-3.95
1.78
-1.27
-0.79
3.46
0.92
0.51
-3.06
1.75
0.3
-3
0.93
-0.21
0.49
2.68
-3.15
-0.98
0.7
-0.25
