0
0.01
3.88
-3.33
-2.3
4
-2.13
-1.47
-3.98
-3.15
-1.43
-3.92
-3.84
1.46
-0.6
1.59
1.71
1.3
-2.2
-2.32
-1.04
-1.33
-2.51
0.48
-1.24
1.9
2.9
-3.43
-0.68
-0.67
2.25
-1.33
1.83
2.79
2.35
-2.66
-0.31
0.64
-3.63
3.36
3.8
-3.12
1.39
-0.56
0.16
-1.39
-3.18
-3.09
1.09
3.36
3.49
-2.94
0.06
-0.79
0.31
-3.55
-0.78
0.1
0.78
1.08
0.06
-2.34
-3.49
0.39
3.68
2.95
3.28
-0.49
1.84
2.87
-2.54
1.13
2.15
-1.55
3.64
-1.23
0.45
0.05
-0.78
-1.55
-0.85
1.73
-0.56
3.52
0.51
-1.18
-0.62
1.99
-1.48
0.17
-2.88
1.72
0.53
-0.71
-1.81
1.61
-0.76
-2.02
-3.03
1.08
-0.66
-3.95
0.12
1.76
0.43
-3.23
-3.39
-1.83
-1.61
2.06
-1.63
3.17
3.67
-1.86
-0.36
-2.94
-2.5
-4
-1.65
-1.38
-1.17
-0.2
