-10
1.39
0.06
-0.73
-1.37
0.52
-3.05
-0.2
-3.14
-1.88
3.9
-2.6
2.73
3.31
3.42
0.05
-2.9
-0.12
2.02
-3.62
3.31
-1.98
2.56
-3.33
1.12
-3.74
-1.64
-0.88
4
-3.22
-3.24
1.22
-3.62
1.35
1.8
-0.94
-1.29
-3.41
-0.22
1.87
-2.6
3.92
0.6
0.47
-0.92
2.6
0.54
-3.01
0.02
3.42
-2.4
3.81
-0.69
-1.12
-2.73
4
-1.57
-1.92
3.46
-2.92
-2.86
-0.4
0.22
-1.56
-0.7
-3.97
0.01
1.34
2.67
-1.02
-0.49
-2.53
1.34
0.34
2.53
2.32
-3.54
-3.2
1.81
1.57
2.23
-2.42
-3.28
3.02
3.5
-3.66
-1.68
0.33
-0.05
-1.51
-2.41
-2.9
-1.38
0.38
-3.52
-1.28
-2.22
3.9
-2.19
-3.54
2.52
-1.17
-2.81
3.35
3.44
1.91
1.96
2.3
-0.11
2.13
0.68
-3.17
-2.57
3.87
-2.44
-3.59
2.09
-1.48
-3.51
-0.95
-1.22
-3.44
