-6
-1.09
0.06
-1.31
-2.38
3.93
3.76
-2.09
3.91
-3.59
3.9
2.3
2.73
-0.33
3.68
2.77
1.26
-0.12
-0.67
2.2
3.31
2.23
-1.18
-3.33
1.65
0.28
1.67
-1.92
-3.93
-3.22
-3.94
0.74
-1.01
-2.61
-2.6
-0.94
3.85
-0.92
-1.23
1.87
-2.6
1.87
0.6
0.47
-0.92
3.37
-1.72
3.51
0.12
-0.84
-2.4
3.41
0.92
2.99
-2.5
4
-1.57
-1.92
-2.92
1.23
-2.86
2.76
-2.16
0.17
4
-3.97
0.01
1.34
2.84
-1.02
-0.49
-1.79
3.75
0.24
2.53
0.92
-1.85
1.41
-3.07
-3.76
-2.3
-2.42
1.93
3.02
1.49
-0.78
-1.68
-3.75
-0.05
3.15
3.9
-3.91
-2.05
0.61
2.11
-1.28
2.25
-3.15
0.87
-2.07
2.52
-2.39
-2.81
-2.67
-0.27
-1.73
-2.31
-0.17
-0.11
2.13
3.44
-3.67
-1.55
0.67
-0.09
3.12
-3.18
1.23
0.3
0.67
-0.22
-0.36
