-5
2.89
-3.69
1.8
-0.84
1.07
-3.53
-2.42
-1.95
2.43
-2.2
0.88
1.11
-2.66
1.68
-0.36
-3.88
2.33
0.06
-0.48
1.39
-0.56
-2.05
1.33
-2.42
2.99
0.47
3.7
-3.3
-2.31
3.46
-2.67
0.6
2.55
2.6
2.44
0.87
-1.21
1.27
-1.2
-0.07
3.37
2.25
2.36
-3.05
-1.03
-1.39
3.18
-2.76
-3.51
3.58
-2.49
-0.68
-2.73
-1.93
3.38
1.58
-3.86
2.82
0.17
-1.24
-1.97
-3.99
-1.85
-1.8
-1.6
3.79
-2.81
-2.44
2.6
-2.25
-3.26
1.33
3.01
2.94
3.83
-1.37
2.84
-0.12
-1.33
-3.26
-2.59
0.79
2.65
-1.19
1.17
0.23
-3.49
-0.45
-3.82
1.43
-1.05
-3.49
-1.68
-1.48
-2
3.36
1.01
-2.12
2.33
-0.97
-1.95
-1.28
1.42
2.69
-0.82
-1.84
2.39
-0.94
-3.67
-0.47
-0.69
-3.27
2.26
-1.05
-1.01
2.87
-1.09
-1.83
2.62
0.58
2.49
