-10
-2.76
3.77
-1.38
-3.89
3.04
3.17
-0.62
2.2
-3.54
2.64
0.43
2.38
0.62
3.62
1.17
-3.97
3.99
-2.04
-3.63
-1.45
1.46
2.48
-3.33
-2.26
1.18
1.72
1.73
-0.34
2.14
2.37
-2.94
3.18
2.98
-3.63
-3.65
2.54
0.35
-0.93
0.1
-0.83
3.85
-1.66
2.55
0.84
-0.94
-0.68
-1.92
-2.97
-2.45
3.17
-2.99
-1.59
-2.38
-2.79
-1.31
1.15
3.44
1.73
0.36
0.74
-1.28
-1.26
-2.88
3.23
3.6
0.97
-0.54
-0.66
-2.81
2.63
3.68
2.54
1.28
1.2
-3.67
0.97
2.79
-3.01
1.48
1.19
-0.26
-2.36
-1.01
2.98
2.81
0.72
1.96
1.37
2.46
-2.97
-2.05
-1.66
1.63
3.82
1.65
2.93
-1.43
1.29
0.93
-1.19
-0.79
-0.21
2.96
-0.98
2.31
1.47
-3.51
0.73
1.99
3.94
2.56
-1.93
-0.85
3.04
3.2
0.49
-4
-0.46
-2.5
-3.94
3.69
