-2
1.43
-3.4
-1
0.02
-0.23
0.96
0.09
2.67
-0.2
-0.74
0.38
0.69
-3.84
-0.68
0
-0.91
1.87
-4
0.81
3.25
3.87
3.97
-0.37
1.82
-3.49
-3.05
2.58
-2.82
-1.45
-2.98
-3.71
1.7
-0.68
-2.62
1.51
2.5
0.56
0.87
1.46
2.9
-1.82
-2.48
-3.38
-1.65
-3.81
1.95
3.68
2.88
3.19
3.08
-2.03
-1.53
-2.21
2.3
0.05
-0.05
-1.6
-3.91
-3.98
-1.61
2.54
-1.84
-3.6
-0.9
-1.85
-1.06
0.96
-2.45
-3.97
0.26
-2.54
-0.45
-2.55
2.62
1.34
2.19
3.13
-1.67
-3.07
3.45
2.51
-1.22
-3.88
-1.28
-0.09
-0.35
0.98
3.89
-1.06
3.62
0.82
-3.76
1.23
2.75
3.91
2.95
3.14
1.3
-2.11
-2.94
-1.69
-0.95
3.27
-1.58
2.47
1.46
-2.51
-0.68
-3.88
-3.57
1.79
-1.6
1.87
0.68
-1.76
0.47
2.55
1.46
0.45
3.76
-2.22
