-5
-1.9
3.29
-3.73
0.72
1.44
-2.1
1.72
2.68
-1.44
-3.31
-1.25
1.86
0.53
0.69
3.93
3.37
-0.69
2.32
2.38
0.92
3.09
-3.62
1.69
-0.17
-2.57
0.36
0.46
1.39
-3.25
0.54
-3.64
-1.71
-2.37
-2.12
-1.08
-1.52
2.65
3.24
-0.76
1.7
-1.67
0.1
-0.88
1.06
-1.92
-0.45
0.38
0.55
-0.68
3.53
-3.19
2.15
1.89
3.08
2.95
-2.28
1.74
-2.93
-1.98
-0.06
0.21
-0.65
-0.38
0.32
-1.79
1.85
-1.9
-3.63
-3.72
-1.48
-2.2
1.84
-0.77
-0.03
-1.66
1.41
3.84
-1.24
0.33
2.72
-0.44
-1.78
-3.18
2.69
-3.17
-0.42
-2.96
-0.79
-3.59
0.56
0.64
-3.05
3.3
0.54
2.66
2.26
-3.35
-2.4
-1.75
0.81
1.57
-0.9
-1.47
-2.92
0.8
-1.98
2.87
3.61
-3.59
-2.05
1.14
0.25
-2.75
2.96
0.28
2.12
1.98
1.78
-0.51
-2.84
-2.25
