-8
1.71
-1.02
-2.16
-2.3
-1.8
-1.29
-3.57
2.23
-3.15
2.42
-2.65
-2.32
-3.59
-0.25
-1.52
-3.92
3.64
-0.32
-1.48
1.24
1.09
-1.71
-0.77
-1.76
0.24
-3.17
2.34
-1.3
-0.67
0.77
-1.33
0.59
1.29
1.05
-0.32
2.11
-3.42
-3.39
2.42
2.51
1.67
-2.28
-3.35
-3.37
-0.84
3.88
2.55
-1.31
0.9
1.9
2.86
2.76
-2.54
0.31
-1.23
0.22
2.53
0.78
1.31
-1.16
-0.58
3.52
-2.38
1.37
3.9
-1.01
-0.49
3.86
2.12
1.55
1.13
0.17
-1.18
2.55
-1.23
0.45
-3.07
-1.27
-1.55
-0.21
0.48
-0.56
3.52
-3.36
-2.55
2.95
3.98
-2.32
-3.93
3.14
-1.79
-3.12
1.54
1.62
1.61
-2.42
-2.02
-3.03
0.26
2.39
3.52
0.12
2.3
0.43
-3.23
2.58
-1.83
-3.28
-1.25
-2.33
-2.54
0.55
-1.86
0.81
-1.76
1.86
-4
-3.01
1.31
3.62
-0.98
