-2
-3.19
1.06
3.86
0.2
-1.94
2.98
0.15
1.17
3.08
-0.05
2.71
-3.15
-2.32
-3.6
-0.45
-3.31
1.02
-3.45
-1.54
0.47
1.1
-2.35
-0.75
0.21
0.16
1.33
1.37
2.57
-0.84
-2.66
-3.64
-0.06
0.19
0.16
3.19
3.83
-2.12
3.23
3.06
-2.98
-2.97
-3.87
3.76
-0.47
0.84
2.94
-3.02
-2.19
-1.81
0.92
-0.41
-3.06
3.72
1.28
-2.63
-0.24
-0.23
3.06
-0.96
-3.84
3.27
-0.55
1.47
0.38
2.28
1.22
1.59
-3.7
1.87
-3.57
0.08
-1.09
0.56
-2.88
3.8
-0.51
-3.21
-0.2
1.95
3.77
-3.37
-2.68
3.17
0.8
-1.36
-2.04
0.2
3.28
-0.84
-2.3
-2.53
3.14
-0.72
-3.6
1.62
1.19
1.22
3.84
-0.03
3.32
-2.65
3.96
-0.84
-2.04
-2.78
-3.83
-0.4
0.25
3.37
-3.2
-2.34
-2.65
2.09
-3.27
-0.43
1.89
3.21
-3.78
-2.06
-2.54
0.18
