-10
-2.02
-1.76
-2.81
-0.84
-1.22
-3.53
1.38
-1.95
2.13
-2.2
0.88
2.22
-0.29
1.68
-0.22
-2.68
2.33
0.48
-0.48
-1.46
-3.34
-2.05
1.33
0.73
-2.98
0.47
3.7
0.53
0.25
3.46
-3.01
0.6
-3.91
2.6
2.44
0.87
1.42
1.27
-1.2
-0.07
3.37
3.71
0.55
-3.05
-1.03
-2.74
-0.15
-3.3
-3.51
-1.76
-2.49
-0.68
-2.73
-1.93
3.38
3.88
-1.28
2.82
0.17
-1.24
2.51
-3.99
-2.15
3.92
-1.6
-0.25
-2.81
0.93
2.6
-2.25
-3.26
0.47
3.01
-0.95
3.83
-1.37
-2.14
-0.12
2.21
-3.26
-2.99
0.45
-2.36
3.52
1.17
2.01
-3.49
1.03
-1.54
1.43
3.2
-3.49
-1.68
-1.48
0.22
-3.6
1.01
-2.12
-2.75
-0.97
-1.95
3.25
1.42
2.69
-0.82
-1.84
2.39
2.74
-3.67
-1.77
-0.69
2.85
-3.59
1.6
-1.01
2.87
-1.09
-1.83
0.28
3.09
1.01
