-10
0.84
-3.47
1.8
-0.84
0.18
-3.76
0.95
-1.95
2.13
-2.2
0.88
2.22
-3.91
1.68
-0.22
-2.68
3.61
1.51
-0.48
1.39
-3.33
-2.05
1.33
0.73
-2.98
0.47
3.7
-3.3
0.25
3.46
1.53
0.6
3.85
2.6
-0.88
0.87
1.42
1.27
3.18
-0.07
3.37
-3.71
0.55
-2.55
-2.45
-2.74
3.18
-3.3
-3.51
-1.76
-1.71
-0.68
-2.73
-1.93
-2.13
3.88
-1.51
1.49
0.17
-1.24
-2.98
-3.99
-2.15
3.92
-1.6
-0.25
-2.81
0.93
2.6
-2.25
-3.26
0.47
3.01
-0.95
-0.91
-1.37
-2.14
-0.12
-1.25
1.41
-2.99
2.28
-2.36
3.52
1.08
-2.52
-0.68
-0.45
-3.82
-3.55
-2.23
-3.49
-1.68
-1.48
-2
-3.6
1.01
-2.38
-2.75
-0.97
3.01
3.25
-1.61
-1.68
-0.82
-1.84
2.39
-0.94
-3.67
-1.77
-0.69
-2.34
-3.59
-3.11
-1.01
-3.32
-1.09
1.51
2.62
3.09
2.49
