-10
3.79
0.99
-1.36
-3.89
3.04
3.17
0.56
-1.6
-3.54
-2.27
0.43
2.38
0.62
-3.66
-1.52
-3.97
3.43
-2.28
-3.01
2.36
1.46
2.2
-3.33
-2.26
-3.7
1.72
-1.63
-3.36
2.14
-0.8
0.62
0.09
2.98
3.3
-3.65
-0.08
0.35
-0.48
-2.26
-0.83
1.84
-1.66
2.55
-2.43
-0.94
-0.68
2.63
-2.97
-3.31
3.17
-0.13
-1.59
-3.38
2.29
-1.31
1.15
3.51
0.98
0.29
-1.02
-1.28
-1.26
0.69
1.33
1
0.97
3.05
-0.55
2.1
2.54
-2.75
2.54
-1.59
-0.01
-3.67
-0.89
2.79
-3.01
-0.36
1.19
-0.26
3.28
2.03
2.98
-3.63
0.72
3.22
2.49
2.46
-2.97
2.78
-1.66
3.6
3.82
1.5
0.46
2.81
1.37
0.93
-1.19
0.24
-0.72
2.96
-0.98
0.02
3.03
0.84
0.73
1.99
3.94
2.14
-1.35
0.63
0.73
3.2
-3.82
-4
-0.46
-2.5
-0.41
3.69
