-8
0.52
1.24
0.61
-1.08
0.9
-2.47
3.54
-1.73
-1.87
-3.81
-1.93
3.88
2.66
0.41
-2.33
-1.86
2.56
-3.9
0.76
2.51
-1.92
-1.78
-0.04
-1.86
-3.22
2.5
2.01
1.99
0.13
2.61
2.05
-1.74
-2.33
3.18
-1.71
-3.02
2.49
-1.39
-0.91
2.58
0.67
3.32
2.55
0.65
-0.59
-1.92
-0.9
-0.31
3.63
-1.66
2.45
1.68
-2.18
-2.62
3.57
-1.71
-2.73
-1.54
-1.87
2.4
-0.47
-2.45
2.15
-0.48
-1.85
3.81
2.21
3.49
-1.89
-3.31
-0.34
-0.05
1.02
2.19
-2.16
-1.24
-0.32
3.32
2.74
2.71
-0.6
-1.68
2.37
-2.22
-3.84
-3.64
-3.57
-3.72
3.62
-4
3.71
0.02
-3.53
0.69
-0.96
-0.89
-2.83
-0.98
-1.5
-0.4
-0.13
-0.39
-2.43
2.93
2.69
-1.51
-3.34
-0.36
3.55
0.8
2.62
-2.04
-0.27
-0.57
-1.01
-2.79
-0.81
0.36
-0.64
-2.22
3.38
1.92
3.88
-1.89
-3.01
3.65
-0.52
-3.68
-0.86
2.73
-2.41
-3.35
0.82
-0.87
-1.17
3.8
-3.26
3.44
-0.9
1.67
3.7
0.8
-3.26
-1.18
-2.61
1.74
-3.71
1.04
-2.3
-2.17
3.93
0.82
3.67
-3.29
0.23
1.95
-0.26
3.47
1.93
3.04
3.02
-3.66
-3.51
-3.19
-0.79
1.97
1.15
-3.41
-3.41
-0.8
-3.54
-0.25
-2.75
1.7
-1.92
-1.43
1.17
1.06
-3.28
-0.74
3.36
2.44
2.62
-2.69
2.8
0.77
-3.02
0.1
2.91
0.88
0.06
-2.72
-2.49
0.06
2.65
3.36
0.31
3.93
3.61
-0.58
-3.42
3.7
0.44
2.51
-2.64
0.18
-0.44
-2.03
2.63
-2.35
-3.22
2.68
2.74
-1.33
3.69
-3.42
-2.28
3.18
-1.98
2.44
0.98
-2.96
-2.31
-0.29
3.14
3.18
-1.76
1.19
3.05
-1.27
2.27
1.24
1.45
1.3
-1.33
3.66
-2.01
-3.89
3.95
-1.39
-2.79
3.02
1.48
1.25
0.1
1.38
-1.45
2.84
0.38
2.07
1.63
1.13
1.91
-2.83
2.45
3.55
2.01
-3.28
3.37
-1.81
-2.06
2.37
-1.08
-0.11
-0.61
-0.46
-2.77
-2.56
-4
-3.98
2.59
-2.4
3.24
3.42
1.22
1.97
-0.43
0.44
3.62
-2.24
0.63
-0.6
-3.19
-3.02
1.1
-2.86
3.34
0.27
2.86
-0.88
-2.35
-2.73
-3.25
1.76
-3.34
-1.16
0.09
-2.42
-2.14
-3.44
0.15
-2.9
2.84
0.35
3.48
0.03
1.9
2.49
-0.05
-3.52
-0.02
-2.44
-2.89
1.61
1.56
2.55
1.56
-2.06
2.8
-1.75
0.2
0.96
-1.42
0.88
2.38
1.32
-3.15
-2.53
2.75
-1.62
-2.13
-2.02
-1.42
3.05
1.61
-0.48
0.57
0.46
-2.5
-2.93
-0.76
-3.16
-3.68
2.38
3.15
-3.92
-3.85
-0.86
-3.81
-1.88
1.29
-1.86
-1.21
3.61
0.37
3.19
2.52
-2.05
1.97
-1.84
-0.83
0.42
3.75
-2.43
2.61
-2.01
2.99
-1.93
4
-1.97
-2.03
-2.91
-3.56
1.72
3.01
-0.65
0.64
0.21
1.73
2.3
1.16
1.71
-2.73
0.62
1.1
3.73
3.19
-1.03
-1.32
2.43
1
-1.39
2.49
3.34
1.9
2.83
-2.9
2.75
3.77
1.15
-2.9
2.09
-0.85
2.17
-3.85
0.19
-2.3
1.07
-3.4
-2.99
-1.45
-1.69
0.22
3.68
1
1.47
-0.86
-0.88
0.48
2.89
-1.19
0.01
3.4
-2.43
1.03
3.36
-1.4
-2.89
3.83
-3.83
-1.75
1.89
0.44
-3.42
1.19
3.08
-1.44
-0.89
0.47
-3.1
2.03
-1.88
-1.64
-2.34
-0.13
-1.31
2.39
2.81
-1.67
-3.57
-0.31
1.99
-1.74
-3.12
-1.66
1.09
2.69
-2.43
-2.87
-3.21
-2.42
-3.42
1.25
-3.58
2.76
0.66
1.87
-0.36
-1.51
1.93
-1.1
-3.98
2.65
-0.42
-3.15
-3.32
-2.36
1.73
1.71
-1.66
-3.03
-0.21
2.78
3.4
0.49
0.27
-0.37
-0.44
2.24
-3.9
-3.62
-3.02
-2.02
-0.32
3.32
1.44
0.87
-2.07
-1.09
3.22
0.82
-1.25
0.32
0.41
1.53
-0.34
3.34
2.69
-3.98
-2.35
-0.56
-3.04
-0.13
2.79
3.83
1.79
-2.2
1.86
-0.06
-1.51
-2.97
-1.69
1.4
-1.62
1.54
-2.08
2.04
-1.03
0.26
-0.58
-0.18
3.71
-1.18
2.49
1.52
2.23
3.48
-1.63
-2.14
-3.17
0.93
0.94
-0.47
0.59
0.66
3.42
1.12
-0.81
-0.14
-2.47
-0.37
3.02
2
-3.59
2.18
-1.49
1.35
-2.07
2.88
-0.39
1.62
0.37
-1.57
0.61
1.84
-0.27
2.15
1.38
-2.73
-2.41
2.32
3.44
-0.01
-0.89
1.56
0.1
2.79
-3.19
1.73
2.12
0.8
-1.16
3.11
-1.28
3.79
0.8
-2.29
-1.6
-3.69
-0.99
-3.13
1.54
-0.5
2.26
-0.79
-3.44
-1.5
2.92
2.76
-3.08
-2.73
3.74
-2.08
-1.74
-0.79
0.2
-0.97
-1.11
-1.15
-1.92
-0.27
0.53
0.21
-3.25
2.81
-1.23
1.26
3.71
0.83
-2.97
-1.98
-0.25
1.07
2.26
-3.29
-3.22
-0.07
1.74
3.9
0.99
-2.41
3.87
-1.94
0.8
0.85
1.07
-3.08
0.85
3.52
-0.41
-2.23
2.82
3.55
2.23
3.28
0.34
-2.68
-1.26
3.45
-3.57
-0.69
-1.21
-1.91
1.72
2.91
1.53
-1.33
-0.34
-2.46
-1.58
-3.74
1.3
-1
1.87
-3.52
-0.13
-1.53
3.41
-0.09
-2.26
-2.15
-3.59
-3.81
-2.77
3.27
-0.79
0.2
2.85
2.98
0.37
3.46
-2.81
2.29
3.46
-2.32
2.8
1.77
0.34
1.9
3.32
-1.6
1.26
-0.7
1.09
-0.68
0.48
-0.18
-2.32
1.74
-0.59
-2.13
-2.09
2.84
1.71
2.59
-1.1
-1.4
-3.15
2.45
-0.3
-2.68
-0.17
0.68
1.17
-1.04
3.08
3.01
-0.46
0.18
-2.32
2.1
2.13
-2.49
0.59
3.35
0.6
1.11
-0.9
1.92
-1.21
3.4
-1.48
-2.9
-0.43
-1.5
1.55
-1.64
-3.43
-3.13
2.78
0.2
0.91
1.9
-1.8
2
2.58
-3.43
2.14
-1.88
0.25
1.47
-3.73
1.5
0.05
1.32
-0.26
-3.6
-1.76
2.37
-2.01
1.8
3.51
-1.06
-0.34
0.31
2.81
-1.28
-2.89
-1.34
1.42
0.71
2.43
-1.34
1.41
1.49
-2.82
-3.77
3.32
2.6
-3.23
0.02
2.98
-3.03
-2.34
1.32
3.12
1.02
1.05
2.25
2.77
1.15
-3.89
-1.79
2.89
-3.02
0.7
-2.04
-1.77
1.89
3.2
-0.15
3.46
-0.53
0.71
3.54
3.04
1.62
-3.91
2.56
0.13
-0.49
-2.92
-0.35
1.59
1.97
2.82
2.53
-2.72
2.35
1.19
-2.22
1.68
-1.14
-0.1
-3.73
0.6
0.21
-0.22
0.42
-3.21
3.23
2.01
-2.58
3.41
0.92
0.56
-0.49
0.27
-1.88
2.28
-2.5
0.93
2.49
-1.88
-0.75
0.06
0.47
0.63
-3.09
-1.84
2.17
-3.32
-0.11
-3.31
1.41
2.18
0.59
3.57
0.43
-1.06
-1.17
-2.17
-0.32
1.77
0.91
1.51
3.66
0.24
-3.34
-2.59
-0.69
-1.74
3.16
-3.94
-0.31
0.86
3.19
-3.26
-3.36
0.22
-3.88
3.59
-1.14
-1.75
-1.37
2.54
-1.89
-3.28
-2.01
2.75
3.97
-0.06
3.85
3.19
-0.55
3.67
-2.75
-3.28
1.22
1.75
0.4
-3.78
-0.04
3.51
2.85
-0.09
-2.47
-0.18
1.01
-3.46
2.99
-0.15
2.92
-3.79
-1.19
-0.76
2.98
-2.58
-0.86
2.37
-0.61
2.94
-1.75
-2.08
-2.56
3.37
-1.59
3.98
0.62
0.03
-0.39
2.47
-0.47
-1.1
3.82
3.9
-0.37
-0.64
-0.6
2.72
1.01
2.3
-0.28
-2.56
3.77
0.12
1.03
3.63
0.37
-3.79
-3.31
3.83
1.59
2.85
-1.64
1.47
1.98
-1.97
2.06
3.49
-2.51
-2.45
3.2
-3.03
0.94
-3.48
-3.68
0.02
-3.6
-1.08
3.61
-0.39
2.02
0.42
-2.64
1.09
-0.79
-3.2
-1.84
1.32
-1.66
-1.22
-0.4
0.41
-0.66
-0.22
-3.13
0.68
-3.47
-1.66
-2.08
-2.41
1.3
-0.08
1.23
-0.55
3.1
-1.25
0.51
3.24
-0.2
-2.99
3.23
-2.55
-3.4
1.08
-2.2
-2.83
1.48
1.28
-1.74
1.18
3.88
-3.27
1.14
2.71
1.95
-1.21
1.63
-2.85
3.65
-0.36
-0.51
2.07
-3.01
2.02
2.32
-1.9
3.2
1.92
1.99
-3.55
0.29
-1.08
-2.48
-2.67
-0.44
-1.85
-0.19
2.27
-2.03
3.71
3.2
-0.75
-3.93
0.74
-2.29
0.56
2.79
2.52
1.5
0.31
1.12
-0.64
3.6
-3.84
1.52
-2.84
-3.55
-1.42
2.77
3.71
-2.03
3.57
3.29
-2.2
-3.11
0.96
3.22
-0.19
-0.85
-0.2
2.99
3.37
3.18
3.94
0.44
-3.77
1.99
0.26
0.3
-2.25
-0.69
-3.33
-3.59
-2.32
-0.67
-3.07
-0.67
-2.64
-0.19
-1.61
-2.3
-2.78
3.51
-1.73
1.74
3.63
-0.03
2.27
-0.15
0.76
1.35
-1.03
-0.64
-2.3
1.33
1.76
0.18
3.66
-0.28
1.29
-0.82
0.2
2.29
1.01
0.39
-2.71
3.16
1.61
2.47
3.96
-2.37
1.86
4
-3.25
-1.9
1.76
3.87
0.91
-1.8
0.81
0.27
3.72
-3.6
3.55
0.41
-3.66
1.31
2.72
0.36
1.58
0.75
-0.33
1.64
2.52
3.22
1.5
-1.06
-1.51
1.88
0.44
-3.53
2.36
3.8
-0.11
-0.87
3.49
-1.02
-1.4
3.6
3.57
1.9
3.28
1.46
2.92
-2.98
-0.54
-0.21
2.74
-3.41
0.05
-0.01
-3.57
-2.75
-3.11
-0.79
1.96
-3.79
-2.52
-2.46
0.6
-1.19
1.37
3.04
1.77
0.33
1.91
3.92
0.52
0.41
0.92
1.36
-1.29
3.12
0.79
3.69
1.48
2.21
2.72
1.49
-0.25
-2.29
0.2
-2.1
-2.18
-3.55
-3.97
1.11
2.91
-3.32
1.17
3.28
-2.51
-2.94
-1
0.75
-3.48
-3.76
3.7
-1.42
-0.88
-0.46
3.28
-1.68
-0.33
2.69
-2.73
-2.68
0.47
-2.8
1.73
3.75
-2.5
-0.01
1.79
-1.12
2.62
-0.53
1.21
1.31
0.29
-3.21
-2.99
-0.17
3.25
1.65
-0.13
-2.36
0.11
-3.97
3.16
1.24
2.52
0.13
-1.63
-3.8
-1.56
-2.13
2.23
-0.87
3.18
2.72
-3.36
1.7
-1.05
1.42
1.78
1.51
-0.73
-3.88
2.14
1.06
-0.97
-1.62
2.29
-1.68
-1.47
-0.56
-0.92
2.02
-1.18
3.64
1.21
0.43
-1.95
-3.51
-2.77
1.37
-2.39
1.58
-3.56
0.74
1.24
-1.92
2.14
1.58
-3.85
-0.69
-3.12
-2.18
3.88
2.36
2.37
-0.01
-2.11
-1.9
-1.79
0.13
1.84
-3.96
1.68
3
2.8
-3.8
-3.7
3.54
-2.5
0.21
-0.35
-1.55
0.19
-3.6
-0.11
1.69
3.68
-2.6
3.82
-3.06
0.24
-3.29
-1.83
3.23
-1.44
-2.74
2.15
0.47
-2.74
-2.78
-1.47
3.95
2.29
1.1
3.53
-2.43
3.91
-2.55
1.94
1.03
-2.23
2.6
0.08
-0.06
3.66
2.43
1.63
3.47
-1.54
-3.32
0.32
-3.51
-1.72
-2.74
3.89
1.13
1.88
2.45
0.44
1.53
-1.94
-0.16
2.28
-3.72
-2.32
-0.29
0.17
3.09
-3.12
-1.68
1.79
2.22
-0.54
-1.21
3.18
1.64
0.64
2.23
3.57
0.13
-0.36
2.68
-2
-3.42
0.9
-1.96
1.66
1.03
1.21
-1.61
-0.31
-2.55
1.02
-3.59
-1.04
1.93
-3.68
-0.21
-1.74
-0.05
-1.74
2.54
2.59
-3.86
-1.11
2.1
1.03
3.5
-1.91
-1.75
-3.51
3.66
2.89
-3.7
-2.11
-0.61
-2.16
1.7
-0.62
3.64
2.05
3.15
-2.13
2.49
2.63
0.33
-2.8
-0.96
3.83
-2.76
1.32
-3.16
-0.04
-0.39
-2.13
1.1
-3.91
-2.15
1.69
2.81
1.01
2.16
-1.07
-1.04
-2.1
0.04
-1.43
0.71
2.53
3.58
0.09
-1.37
-3.6
-1.38
1.91
-0.89
0.67
-3.91
-2.49
2.57
0.89
-2.02
3.68
-3.16
0.93
3.65
-0.31
-0.73
2.44
0.8
-0.7
3.99
-4
0.58
-1.37
3.89
0.21
2.92
0.58
-1.41
-2.24
0.5
0.52
-3.75
1.15
-1.31
-3.57
-2.66
1.71
2.76
-3.57
4
-3.67
3.13
-2.09
-0.98
2.49
-1.91
2.04
-1.74
-3.65
3.3
2.27
-2.27
0.27
0.11
-1.38
-0.17
4
2.02
2.91
1.76
-0.49
2.93
0.8
-3.61
1.47
3.43
-0.3
-1.77
3.21
-1.66
1.56
3.69
0.37
-0.69
3.65
-3.12
-1.33
3.61
-2.6
-1.88
-3.13
-1.68
-1.77
-1.54
2.23
-1.21
-0.02
-2.96
-3.93
0.61
-2.66
3.7
3.86
-1.33
0.48
-2.59
-1.67
-2.49
1.56
3.06
2.39
-0.2
-0.95
2.01
-2.27
2.59
1.37
-3.04
0.46
-2.26
-2.85
-3.61
0.61
0.79
0.88
-2.82
0.7
-1.67
-1.83
-1.33
-0.55
-1.35
-1.84
-1.41
-3
1.87
3.84
-2.31
2.83
2.24
2.56
-2.85
-1.96
-1.66
-0.27
1.08
3.28
0.22
-3.27
3.64
1.43
-0.99
0.58
2.33
-0.55
-3.05
-0.91
-0.94
1.8
-0.71
0.72
4
3.35
-1.12
-0.39
-0.26
-2.37
-3.55
1.01
-0.13
2.76
-0.32
-1.86
2.23
-0.81
-4
2.35
-1.74
-2.95
3.81
-2.09
-3.53
-2.4
-1.47
1.25
-3.57
2.07
-0.16
3.15
-3.95
-1.22
0.77
-0.11
-0.47
-2.48
2.56
-2.2
3.16
2.74
4
-0.56
2.82
3.22
0.86
-3.13
-2.25
-3.14
2.36
-0.86
-0.55
-1.4
-3.18
-1.99
1.99
-2.62
0.24
2.39
0.81
1.64
-0.83
1.67
1.8
-2.69
0.95
-2.91
-2.01
3.79
2.62
0.7
0.63
