-4
3.47
3.92
-1.92
-3.85
3.27
-1.11
-2.09
1.53
0.38
-3.05
3.28
-0.8
-3.22
-3.82
-2.51
3.6
-0.57
-3.93
-2.43
-3.32
1.45
1.17
3.48
0.18
-1.16
-3.07
-0.08
3.23
3.28
0.48
0.64
-3.79
2.95
-0.58
0.76
2.93
0.98
1.95
-1.05
-1.57
-0.14
1.43
-1.11
2.27
-0.59
-3.48
-2.64
-1.56
3.1
3.49
1.1
-3.77
-3.1
0.86
3.48
-1.71
-3.56
1.9
1.31
2.33
2.97
-1.32
2.26
3.9
0.32
3.07
0.25
1.37
-0.57
-1.43
-1.39
1.49
1.13
3.14
0.83
-3.98
-1.73
-2.79
-3.24
-1.68
3.58
-2.53
-3.87
3.79
3.39
0.41
3.31
-1.91
-0.05
-1.54
2.49
3.08
-3.37
0.62
-0.54
-2.82
3.17
-1
-2.05
0.35
0.27
0
3.02
0.52
0.87
3.62
-0.89
-2.24
-3.97
3.46
-3.99
3.24
1.13
-1.01
2.76
1.5
-1.45
2.47
-3.49
3.92
3.77
-1.85
-2.58
-3.04
0.09
-0.46
0.85
-3.5
-0.32
-0.36
-3.15
3.28
3.26
0.42
2.05
-0.42
-1.55
-0.39
-1.08
3.77
-2.71
1.54
-1.95
0.49
-1.55
3.25
-2.05
1.64
1.87
1.96
2.64
-3.31
-1.51
-1.96
0.58
-1.88
-1.43
2.06
-3.57
-2.67
-1.24
-1.4
2.09
0.39
2.6
-3.26
3.98
-3.3
0.95
-0.83
-0.95
2.94
-0.46
-3.26
2.62
-1.77
-3.9
0.93
2.52
0.84
-2.42
3.22
-1.36
1.72
1.01
-3.85
0.79
1.22
3.84
-0.07
-3
0.4
-0.82
-2.41
1
2.7
3.45
1.66
1.89
-2.29
3.28
-2.75
-3.31
-1.31
-1.09
3.7
1.16
-2.26
-0.57
-1.65
-1.99
1.65
3.55
-0.4
3.75
-0.45
3.96
-3.64
3.38
2.45
-0.05
-1.25
-3.14
-2.98
-1.84
2.66
-0.24
-2.05
-0.26
3.92
-1.22
-1.56
3.04
0.81
1.57
-3.67
2.52
3.95
-1.19
1.31
-1
-0.96
-2.21
1.49
-2.09
-0.64
0.86
3.58
-2.16
-2.55
2.74
3.09
2.29
3.45
1.76
0.52
-3.62
3.67
-3.47
0.26
-0.06
-0.8
2
-0.49
3.58
3.58
2.62
-1.27
2.04
3.42
1.03
-3.99
1.56
-1.94
-0.56
-3.1
-3.04
-0.62
3.12
2.8
-2.2
0.18
-3.9
-1.71
-2.83
-0.3
0.16
3.59
3.05
-2.96
3.96
2.86
3.41
2.55
-2.63
3.8
1.05
2.29
1.92
-1.67
0.75
-1.88
-2.46
-1.57
0.42
2.73
-2.48
0.22
0
0.85
-0.45
1.01
-3.45
-2.27
-1.54
3.77
-0.91
-0.29
-1.67
-0.13
-0.58
3.03
-0.32
0.99
3.47
2.18
-3.4
3.02
-3.31
-0.36
-0.14
-1.32
1.47
0.78
-1.95
3.68
-1.37
1.68
1.88
-1.56
-1.83
3.95
-0.42
-1.8
1.49
-1.05
2.3
1.68
0.09
-2.4
0.71
-2.67
-0.05
-1.96
2.92
1.72
2.44
0.56
-1.03
2.24
2.13
-1.49
-0.48
-3.64
-3.02
-3.13
3.55
-0.22
3.69
-1.22
1.13
1.42
1.83
3.9
-2.31
-0.52
-0.56
-2.52
3.5
0.52
3.89
-1.08
-1.08
3.09
2.94
-1.48
2.74
-0.58
1.87
0.33
-2.76
2.08
-1.29
3.64
0.31
3.67
0.42
-0.78
-2.79
0.62
-0.59
-1.48
2
-2.7
0.48
3.29
-0.5
0.05
-3.66
-0.57
-1.72
0.96
1.06
2.46
2.36
-0.8
3.59
0.43
-2.58
2.46
-1.86
0.12
1.91
-0.65
-2.46
3.06
-1.29
2.2
-0.42
-1.97
3.06
-3.79
-3.74
-1.12
-2.89
1.36
0.93
-2.38
-1.39
3.65
3.03
-1.32
-0.93
-1.57
-1.95
0.29
-2.99
0.26
-2.73
-2.9
-3.92
4
-2.2
-1.25
-1.52
3.29
0.61
-1.36
3.77
1.42
0.58
1.31
-3.53
2.32
0.37
-1.94
0.69
-1.82
1.34
-3.01
2.28
1.96
-2.19
-2.23
3.44
3.47
-2.96
-0.53
-2.7
1.26
2.04
2.46
0.92
-1.53
-2.06
3.07
2.42
1.52
-3.61
-2.18
-3.25
-1.72
-2.14
1.2
-0.94
-2.29
-1.8
0.76
2.06
3.99
3.6
2.84
2.92
-3.73
-1.17
-1.88
2.19
-3.98
-0.69
-0.98
2.25
-2.87
-2.66
-1.5
3.38
2.13
-3.62
2.01
0.37
1.31
-0.35
3.18
-2.22
-0.48
-3.76
-0.01
0.1
0.61
2.71
1.73
1.26
0.28
1.41
-2.69
1.66
3.21
3.55
0.65
3.64
3.83
-3.12
2.39
-1.8
1.38
-0.42
3.62
-3.06
3.36
1.82
0.94
-2.67
0.2
-3.61
-3.25
0.33
-3.58
1.05
-0.61
-3.97
2.85
2.02
-2.43
-2.69
1.59
1.76
-2.04
-0.28
-3.98
0.84
-3.83
2.59
-0.26
2.37
0.55
0.43
1.27
0.98
0.4
3.94
-3.38
-0.96
0.75
2.8
-2.23
0.39
-2.94
-0.11
0.66
0.99
1.24
-1.84
0.15
0.61
-3.21
-2.2
3.32
1.07
0.61
3.63
-2.38
-0.11
-3.08
-1.49
1.65
2.36
1.6
1.83
-0.16
0.32
3.07
-0.56
-3.36
-0.55
3.42
-0.2
-2.73
-1.23
3.55
-2.8
0.7
2.07
3.07
-0.96
3.61
2.02
-1.56
3.13
1.58
-1.26
1.12
-3.81
-3.63
0.78
2.32
0.73
-1.88
-1.77
-2.85
-0.58
2.8
-0.77
-3.95
-3.67
1.92
-2.21
-2.49
-3.31
1.2
1
-3.48
0.54
1.53
-0.6
-1.07
-0.45
0.83
1.88
-1.09
3.63
-0.08
2.47
-3.75
-2.91
3.21
2.88
-0.93
-0.13
1.14
-1.32
-2.33
3.05
-2.38
0.13
-1.59
-2.54
2.02
2.73
1.12
1.81
0.51
-2.26
-2.07
-3.43
-1.78
-3.43
-1.33
0.97
-2.15
-1.24
3.91
0.25
3.33
-2.48
3.5
-3.68
-1.02
2.96
-2.88
3.05
2.72
1.65
-0.45
-1.49
-0.68
-2.52
-1.08
-2.61
-3.01
-2.54
1.54
2.1
-3.24
1.1
-0.88
-1.83
0.53
3.68
2.88
2.63
0.2
2.11
-1.99
-1.63
-1.22
1.43
3.72
-3.91
0.63
-1.92
2.48
3.07
1.6
2.08
3.1
2.86
2.19
3.43
1.26
-3.27
1.66
-2.73
-0.02
-3.62
1.23
-2.2
-0.52
-1.77
2.4
1.33
-0.21
-0.69
-3.93
-1.5
-1.16
-3.39
-0.37
-2.82
3.74
1.9
-2.23
-1.18
0.76
2.91
-1.01
2.48
-3.51
-1.31
2.01
0.26
-0.02
1.11
-1.58
2.14
-3.04
-1.08
-1.87
-2.37
1.15
-3.02
-2.06
1.49
-2.31
3.31
2.29
-0.83
2.99
-0.9
-0.77
2.48
-0.77
1.01
3.7
3.37
2.97
-1.16
0.52
1.07
1.4
2.76
-2.7
-3.21
0.23
-1.87
-2.66
2.69
-3.12
-2.07
-2.47
3.92
2.48
-2
0.04
2.75
-0.05
0.28
-2.88
1.46
-3.39
3.82
3.49
1.4
3.46
3.53
-2.97
2.98
1.42
-0.94
3.18
2.13
2.41
1.07
0.23
2.39
3.68
-2.85
-2.75
3.56
1.96
3.61
-1.72
1.05
-2.43
-0.69
4
-2.78
-3.04
-3.06
-0.59
-1.32
-2.29
3.07
0.45
1.58
3.27
-0.09
-2.66
0.7
-2.9
-1.64
-2.74
1.83
-1.24
-0.6
-2.5
-2.59
1.77
1.65
3.08
-1.2
-0.98
-2.43
3.5
-2.99
1.54
-1.57
-0.18
0.14
3.53
3.81
2.01
0.48
3.65
0.49
0.42
3.35
-3.39
2.66
3.12
-0.23
3.81
0.56
2.46
-0.41
2.34
0.45
-1.71
2.17
-2.2
2.59
-0.54
-0.68
-2.14
-3.39
3.66
-3.86
3.57
-0.57
-3.97
0.84
-3.92
1.2
1.18
-2.7
0.36
0.79
2.19
2.27
2.99
-1.84
-3.2
3.12
2.54
-0.69
-1.01
2.47
-0.89
-0.1
-1.32
-2.92
-3.86
1.65
-1.67
-3.06
0.35
-1.31
-1.39
3.04
0.83
0.27
3.78
1.18
2.62
-1.72
-0.32
-1.4
3.38
1.16
3.24
-2.46
2.27
0.02
3.19
3.65
1.78
0.34
0.78
2.56
1.62
-2.82
1.03
-0.33
-3.25
2.96
0.7
-1.57
-1.13
0.23
0.95
-2.33
-1.83
3.15
-2.57
-1.28
-1.62
-0.38
-3.51
0.26
3.63
-3.62
3.09
1.96
0.66
-2.87
-1.18
0.12
2.47
-1.32
-0.84
-4
1.91
0.06
-2.59
-0.36
3.24
0.11
0.42
3.67
1.59
-2.76
3.74
-0.86
-3.8
1.57
3.38
3.12
-1.42
0.46
1.27
-1.84
-0.15
-3.48
2.93
1.23
-1.9
3.08
3.01
3.63
0.14
-3.43
-0.04
-3.82
-2.93
0.95
-0.24
2.12
1.74
1.8
-0.52
2.27
3.21
-3.17
2.67
2.38
-3.36
-0.06
1.76
3.1
-2.24
-0.3
-2.46
-2
1.42
-3
0.16
1.38
1.13
0.18
-2.46
-3.84
1.11
0.8
-0.47
1.01
1.28
3.56
-1.93
-0.75
-2.2
-2.75
-2.62
0.79
-3.02
3
-1.04
-0.99
-2.15
-3.45
0.58
2.16
-2.68
3.92
1.87
-3.57
3.03
-2.04
-1.24
-3.93
-3.21
2.38
-3.01
-2.45
0.25
-0.69
-2.84
-1.6
1.31
-2.34
-2.9
-2.91
-2.13
-1.5
1.29
-3.5
-1.68
0.75
-2.98
2.43
2.05
-2.86
-0.48
0.58
3.6
-0.61
2.85
1.19
2.94
-0.91
1.98
-0.68
0.79
-2
-1.54
-0.58
-3.75
3.83
-3.47
1.67
1.83
-3.45
1.71
-3.81
3.45
-0.51
0.28
2.83
-1.38
1.36
2.12
-1.73
-3.07
0.34
-1.98
3.65
-1.14
0.42
-2.05
-3.15
0.47
-0.03
-0.53
-1.79
-0.32
1.78
0.3
3.87
-3.97
-2.14
-3.75
-1.51
0.22
-0.64
-3.41
1.5
-0.56
-0.68
1.13
0.11
3.11
-3.98
-1.43
-2.42
0.98
-0.29
-1.61
-3.55
3.98
-1.19
-3.44
-0.16
1.87
3.68
-2.81
-2.15
1.08
-0.51
0.52
-2.34
3.19
0.41
2.79
-3.24
1.1
-0.38
2.06
1.58
-0.25
0.53
0.21
3.54
3.29
1.85
-2.25
0.45
-2.6
-2.11
1.24
3.98
-0.61
-0.15
3.9
1.23
-2.7
0.41
0.62
0.54
-1.84
2.74
-3.59
3.95
2.8
-0.54
0.92
-1.31
-2.77
-2.19
0.48
-2.65
1.65
0.81
0.71
-0.56
2.6
-2.98
0.55
-3.98
1.93
0.75
-3.55
-0.81
2.26
0.55
2.28
-0.67
0.52
-2.44
3.47
-3.31
3
-2.48
-0.58
1.01
0.12
0.26
-3.27
-0.17
-3.08
3.06
-0.79
3.6
1.42
-0.12
-1.68
2.58
3.15
0.45
2.63
-3.73
3.86
0.6
2.61
1.41
2.28
1.22
-2.31
-1.76
1.19
-2.41
2.17
3.68
-1.65
-0.22
-1.64
0.12
-2.61
3.7
3.33
-1.66
-3.72
-3.28
3.1
2.87
-2.46
-3.14
1.78
-1.63
-1.78
3.7
0.18
-3.93
-1.07
3.19
-3.17
-1.61
-1.08
2.01
2.73
2.9
-1.44
2.5
2.65
3.34
-3.12
-0.47
1.24
-2.37
-2.49
2.21
1.19
3.46
1.12
0.29
3.99
3.14
1.51
3.74
-0.13
1.42
3.45
3.33
-3.98
1.49
1.41
2.1
0.75
-0.84
-1.05
3.97
-2.81
-0.61
-3.03
-3.57
3.78
-2.21
-1.93
3.77
1.98
2.01
-0.38
0.14
-3.15
0.02
-1.49
0.73
-1.05
2.65
3.21
-2.31
0.89
-0.82
-1.87
-2.7
3.45
-0.76
2.47
-2.85
-2.08
-1.21
2.79
-1.92
2.69
-2.45
1.01
-2.2
2.48
0.69
0.52
2.19
1.06
1.74
-2.24
1.87
-2.21
-0.69
2.47
0
-1.02
-3.33
-0.86
2.1
-0.05
-2.75
-0.92
2.02
-2.75
3.67
-3.02
0.53
-0.68
-3.08
1.84
-0.81
3.23
-2.46
1.46
3.31
3.01
-3.29
2.25
2.26
-1.87
-2.98
0.63
3.15
-2.58
0.27
3.52
0.14
0.78
-1.54
2.18
-2.76
3.65
-3.32
2.13
1.43
2.47
3
-3.46
2.82
-0.29
3.99
-1.14
0.14
3.91
2.57
2.64
-3.75
1.85
3.16
1
-1.74
-1.58
0.88
-0.03
-1.07
0.62
-0.07
0.6
0.98
-3.86
0.84
3.75
-3.14
-1.26
0.59
-0.46
2.54
-0.59
-3.97
-3.17
-4
-3.84
3.44
-1.45
-1.86
2.16
-3.51
3.25
-1.15
1.64
3.26
2.29
1.63
1.47
-0.08
2.82
-1.24
0.72
-0.81
-3.2
-1.46
-1.61
-0.43
2.67
2.87
-3.76
-2
-2.6
-0.69
-0.97
-3.9
0.84
1.82
2.33
0.99
-1.9
-1.01
-1.67
-2.18
0.78
0.13
0.69
-2.25
3.35
-3.11
2.56
-1.88
-0.61
2.83
1.77
-3.22
-2.18
-3.78
3.23
2.3
1.61
0.6
-3.24
-0.31
-2.1
0.16
3.1
-0.06
3.83
1.54
-1.58
-3.53
3.31
-3.53
-2.18
-0.17
-3.57
-1.11
2.42
0.67
1.85
-3.36
0.23
1.78
-3.69
2.12
2.61
-1.43
1.54
-1.76
2.28
0.62
2.59
-3.98
3.38
1.5
-1.77
2.65
3.93
-3.39
1.04
-3.25
-2.08
-2.19
2.48
2.09
-1.18
-1.08
1.01
-2.06
-3.66
2.94
-2.2
-1.44
-3.55
0.96
-3.64
-1.01
-0.62
-0.22
1.55
0.52
2.4
1.58
3.26
1.8
-2.12
3.28
-2.91
0.32
-2.4
-2.21
-1.04
1.8
3.63
1.09
2.73
-1.59
3.31
-1.78
-0.7
-0.31
1.57
-0.41
-2.1
3.34
-1.19
0.03
3.58
-1.59
1.13
3.25
-0.74
0.15
-0.93
-3.48
-1.65
0.35
-1.45
-3.33
0.21
-0.46
-2.17
-3.32
-3.66
2.56
-0.02
0.01
-1.07
-0.64
2.24
1.96
-0.32
-2.85
-3.52
-2.14
2.95
-1.19
-0.32
3.92
-1.01
1.86
3.71
2.68
3.19
-1.65
2.53
2.82
-1.27
3.11
-1.26
-1.63
3.87
2.64
2.02
3.76
-2.14
0.88
-0.76
-0.66
-0.64
2.81
-2.91
0.22
0.18
3.18
-0.44
-1.89
-0.34
-2.8
-2.43
3.55
-3.33
-1.36
1.68
2.35
-0.16
-0.85
-2.5
1.99
-3.97
1.16
-2.73
-0.18
-3.38
-0.13
2.09
1.05
-0.87
-3.27
-4
-1.94
3.57
-3.67
0.55
0.18
