-5
-0.22
-3.35
3.72
-0.48
-1.52
-0.26
1.96
2.67
-3.66
1.22
0.38
2.92
-3.28
-1.45
2.25
2.13
1.87
-4
-3.63
-3.81
3.87
3.97
-1.98
3.5
-1.31
-1.67
-2.85
-1.75
0.9
-2.98
1.94
-2.87
-2.31
-2.62
1.51
-2.44
1.81
0.87
1.46
2.9
-1.82
1.04
1.79
-3.78
-3.13
2.23
-3.28
1.91
-2.95
3.08
2.53
-1.53
-3.25
1.92
3.64
-0.67
0.98
1.21
2.99
1.96
1.64
-3.49
3.4
-0.9
2.77
-1.06
1.66
3.74
-3.97
0.26
3.76
-1.43
2.52
1.41
1.34
2.19
0.47
-0.47
-1.66
3.45
1.41
-1.22
-3.88
0.1
3.17
1.32
-1.91
3.23
-1.06
-3.67
3.08
1.06
-2.45
-0.35
-0.82
2.95
0.46
2.89
-1.81
0.22
0.61
-0.95
3.27
-1.58
-1.81
2.51
1.68
0.2
0.25
-3.84
-0.99
-1.6
-2.09
-1.8
-0.25
-2.93
0.19
0.76
-3.77
3.76
-2.22
