0
1.39
0.06
-0.73
-1.37
3.93
-0.4
-1.14
-3.14
-1.88
3.9
2.3
2.73
3.31
3.68
0.05
4
-0.12
-0.67
2.2
3.31
-0.61
-1.86
-2.34
1.12
-3.74
-1.64
-0.88
4
-3.22
-3.24
1.22
-3.62
0.81
1.8
-0.94
-1.29
-0.92
-0.22
1.87
-2.6
3.92
0.6
0.47
-0.92
2.6
0.54
-3.01
3.21
3.42
-2.4
3.81
-1.37
1.92
-0.98
4
-1.57
-1.92
3.46
1.23
-2.86
-0.4
-3.79
2.09
-0.7
-3.97
0.01
1.34
2.67
-1.02
-0.49
-2.53
3.75
1.94
2.53
2.32
-0.49
-3.2
1.81
1.57
2.23
-2.42
1.93
3.73
3.5
-0.78
-1.68
0.33
-0.05
-0.21
3.9
-2.9
2.23
2.46
-1.65
-1.28
1.15
-1.55
0.87
-3.54
2.52
-1.76
-2.81
3.35
3.44
1.91
-0.42
-0.17
-0.11
2.13
3.44
-0.6
2.63
3.87
3.07
2.57
-3.18
-1.48
-1.8
-1.02
-1.47
0.35
