-5
-1.05
1.06
3.86
-1.98
0.07
-0.2
0.15
0.91
3.08
0.53
2.8
-2.71
-2.32
1.06
-0.45
-3.72
-1.23
3.98
-1.54
-0.53
-1.74
-2.42
2.17
-3.99
-1.88
1.33
1.37
-0.42
-0.84
2.03
-3.64
-0.06
0.61
-2.19
3.19
-2.38
-2.12
-3.92
-3.73
-2.98
-2.24
-3.87
3.44
-0.47
0.84
2.94
-3.02
-2.71
-1.05
0.92
-3.95
-3.06
3.72
1.28
-2.63
-0.24
-0.23
3.77
-3.57
-4
3.22
-0.55
-2
0.38
2.28
0
-2.75
0.6
1.87
-3.57
-2.43
-1.09
0.56
3.13
-0.25
-0.51
-3.21
-2.55
1.95
3.77
0.36
3.57
3.17
-3.22
1.46
-2.04
0.2
3.28
-0.84
3.1
-2.53
1.25
0.14
0.82
1.62
-1.37
1.22
0.12
-0.03
3.84
-2.65
3.96
-3.16
-2.04
0.37
-3.83
-2.42
0.25
3.37
0.69
-2.34
-2.65
-2.6
-3.27
-0.43
-0.24
2.57
-3.78
-0.87
1.71
-3
