-10
-2.53
-3.35
0.81
-0.76
-2.68
0.7
-2.23
-3.1
-2.08
0.04
-3.92
-1.78
-2.51
0.86
2.07
-2.99
3.31
3.68
-3.74
-3.2
1.66
-1.77
1.83
-2.82
-2.2
-0.69
-1.92
-1.47
-0.05
-0.84
2.21
0.68
1.07
-3.76
-3.37
-0.42
-3.69
-0.25
-1.46
0.23
1.38
1.3
0.45
-0.3
2.64
0.95
3.05
2.29
3.13
0.08
-0.93
0.01
-1.11
-3.8
-1.25
3.24
-1.17
-0.37
-2.57
2.02
-1.38
3.24
0.96
2.77
1.83
-0.59
1.15
-2.76
0.23
-1.51
-3.31
-0.44
1.13
0.04
-0.57
-3.65
1.79
-1.88
-1.46
0.85
0.26
-0.21
-0.59
3.87
-3.92
-1.8
-2.22
0.87
1.5
-2.61
-3.26
0.68
-1.69
0.52
-2.4
2.14
-3.66
1.69
1.88
-0.77
3.8
1.8
-1.94
0.64
-0.62
3.51
2.88
2.86
0.78
-1.6
-2.55
-3.29
-2.91
0.58
-2.25
2.83
-0.17
1.09
2.68
-0.37
-2.38
