-6
1.71
-0.32
-0.65
-1.64
3.62
-0.89
-0.8
1.1
-0.7
-3.52
-3.44
-0.37
-1.17
1.39
-3.94
0.56
-1.03
1.01
0.69
1.58
-2.66
2.03
0.18
-2.27
-0.31
3.33
-3.85
-1.57
-0.77
0.14
-2.23
0.56
2.48
0.73
-1.65
3.62
3.25
3.45
-3.24
-2.88
2.25
-1.19
1.71
1.75
-1.52
-1.52
-0.93
-2.84
-2.75
3.57
-2.38
1.61
0.9
-3.42
-1.98
3.68
3.5
-2.38
2.68
-3.71
-1.04
-3.24
-2.13
3.17
2.72
0
1.15
2.11
-0.96
-3.56
1.32
-0.47
0.24
-0.44
3.33
2.53
-3.68
2.43
3.25
-2.8
0.25
2.99
-2.83
-0.34
-1.48
0.17
3.66
1.89
-1.29
-1.33
-3.88
1.62
-3.24
-3.53
2.17
1.48
-3.07
2.55
3.04
2.48
1.34
0.97
2.13
-3.19
-1.76
2.1
-2.64
-2.66
-2.74
-0.51
3.36
-2.94
-1.63
1.47
0.04
-0.02
3.59
2.21
0.65
-1.45
0.34
