-7
0.59
3.09
3
-0.75
-0.07
-1.11
-0.1
2.29
2.43
3.95
1.17
2.75
-3.91
0.9
-3.84
-2.68
1.84
0.06
-0.56
3.93
3.7
-2.2
1.29
-0.18
0.21
-2.47
-0.51
1.92
1.06
3.75
1.64
-2.64
0.61
-3.04
1.9
0.58
2.3
1.86
3.71
0.98
-2.24
-1.6
3.62
2.2
-2.95
2.24
-1.03
-3.53
-1.58
0.59
0.54
2.62
2.1
1.62
0.87
-2.01
-2.21
-0.82
0.92
-2.65
-2.84
-3.74
0.33
-3.42
-1.75
-2.11
0.92
1.97
3.01
3.33
0.94
2.04
1.2
-1.98
2.16
-1.37
-1.67
-2.25
-1.24
1.98
-3.93
-3.52
-2.36
1.37
-0.79
2.75
-0.68
2.99
-1.81
2.75
-1.22
-0.89
-0.94
2.81
-3.74
-3.6
2.08
-0.18
-2.51
1.31
-2.26
2.57
-1.76
1.34
3.65
1.72
0.05
2.72
3.47
1.36
-3.71
-3.76
-3.59
2.95
-3.18
-1.15
2.63
-1.83
1.38
-0.49
-3.58
