-3
1.44
1.02
3.94
-1.15
2.31
-1.46
2.75
-2.16
0.08
1.97
-2.43
3.07
-1.02
2.05
-1.95
-2.36
-1.49
-0.19
0.09
-1.12
0.95
-1.86
-3.33
-1.29
3.17
3.58
-2.47
1.11
3.59
-0.7
-3.1
-1.6
2.64
3.18
-0.56
-1.29
1.76
-1.23
2.01
3.03
2.08
0.9
-3.95
-1.02
3.45
-0.64
3.25
-1.58
-3.08
-1.19
-3.68
1.4
1.92
-1.31
0.66
3.69
-0.62
3.99
0.56
1.63
-0.35
-3.04
-0.01
1.6
1.07
3.18
-3.33
-0.19
-1.02
-3.93
2.63
3.75
-1.24
1.06
1.83
-3.95
-1.34
1.7
-0.73
-0.2
2.8
0.47
-0.79
-3.98
-2.5
-0.49
-0.12
-0.05
-3.88
-3.37
-1.75
-0.96
2.95
1.14
2.66
1.11
3.57
3.29
-2.19
-0.25
-2.39
-0.57
-3.96
-3.16
-0.14
-2.31
-0.15
-3.15
3.48
3.93
1.02
-3.99
1.2
1.58
0.44
2.02
-1.48
-0.04
2.92
-0.22
-1.31
