-2
-3.18
-0.26
0.27
-3.19
-0.84
3.26
-2.24
-1.62
-2.4
-2.42
-3.95
1.52
-1.88
2.44
-2.23
-0.08
1.73
0.71
1.33
3.25
3.53
-3.05
-1.86
3.02
1.98
0.13
1.99
3.6
-2.23
3.12
2.44
1.99
-0.06
-0.62
-0.99
2.5
-2.94
3.31
0.31
0.79
-1.5
2.06
-3.38
-0.93
2.17
-3.38
0.81
1.91
-1.58
-0.32
-2.77
-3.33
3.33
-2.82
2.41
-0.18
2.34
1.26
-1.17
1.28
-2.73
3.95
3.7
-3.9
-0.86
-1.94
-2.43
-2.72
-2.78
-3
-1.14
0.29
3.7
-0.39
0.93
-1.56
3.34
3.89
-1.66
3.74
3.33
-2.6
1.17
2.25
1.89
3.59
1.76
-2.04
0.98
-0.86
1.72
3.32
0
3.04
-0.49
-3.86
2.36
2.03
-1.81
1.39
3.05
0.07
-0.64
-1.33
1.94
-1.71
1.06
0.65
-0.11
-3.57
0.48
3.22
0.4
1.48
1.56
-0.71
1
-2.41
-1.78
1.38
-0.98
