-3
2.64
3.18
0.39
1.89
-3.35
2.98
0.03
-3.7
-1.62
-2.59
-0.19
3.05
2.75
-3.69
-2.42
-3.43
2
-3.45
3.44
1.71
-3.09
-2.35
1.56
0.21
0.36
3.28
0.35
-0.65
2.25
0.93
0.44
-0.07
3.39
1.81
0.53
-3.2
2.75
-0.24
1.23
-2.06
1.48
-3.32
-3.15
-1.44
-3.17
-1.27
-0.13
-1.9
-1.81
0.42
-3.13
-3.06
-3.68
3.23
-0.67
2.75
-1.18
1.35
-2.48
1.42
-1.98
3.26
-1.95
-2.6
0.97
1.22
3.67
-0.93
-0.34
-1.48
-2.18
-1.77
-3.59
3.13
-3.78
0.38
-2.61
-3.53
-1.91
-1.46
-0.59
1.65
-2.55
3.32
-1.64
2.96
-2.96
2.93
-2.17
1.78
1.98
-2.6
-0.72
-0.15
-0.24
1.09
0.83
1.09
3.42
0.91
0.78
1.87
2.45
3.15
1.81
3.54
-3.45
2.42
-0.96
-0.89
1.36
-0.35
-3.43
-0.9
1.96
2.02
2.93
-2.07
3.79
-0.01
0.18
