0
-2.77
0.45
0.54
-1.98
2.96
-0.42
1.9
1.79
-3.23
-1.91
-3.14
-2.89
-3.4
1.55
3.44
-1.33
1.87
-3.44
2.41
-1.38
3.57
0.36
1.55
0.33
-3.65
3.51
1.9
1.74
2.17
1.52
-0.21
-0.37
-3.28
-1.34
-0.02
-2.01
-0.87
-2.07
-2.63
-0.01
-1.99
0.23
1.93
-2.94
3.89
3.47
2.6
-3.59
2.59
-1.25
-3.58
1.75
1.58
0.64
3.47
0.15
1.6
3.88
-2.33
2.77
-3.15
-1.34
0.82
-0.74
-3.5
1.23
3.05
1.72
-0.8
1.21
-1.17
0.11
-3.34
-1.59
-3.4
-0.67
1.04
1.97
0.45
3.45
1.69
-3.2
3.16
-0.14
1.09
-2.83
2.39
1.43
2.28
2.19
-0.92
3.98
1.8
-1.39
1.32
2.77
3.26
-1.02
-3.45
1.57
0.46
-3.12
1.21
1.7
2.5
0.32
1.08
-0.83
-3.53
0.13
2.44
2.25
-0.25
-1.77
-1.56
-2.81
-2.99
-0.04
2.17
-2
3.18
