-8
3.79
1.71
-3.93
-0.48
-2.85
-0.6
-2.72
-2.48
-0.87
-2.35
2.56
-0.76
-0.19
0.21
3.62
2.71
0.12
0.56
-3.63
-3.02
-1.82
-1.37
-0.15
-3.41
3.86
2.05
2
-0.34
2.62
0.83
-2.94
1.93
-2
3.22
3.36
-2.93
2.8
-1.76
-2.26
-0.83
-2.36
-3.61
-3.33
1.78
-0.39
-3.67
-0.51
2.04
-2.45
-3
-2.99
3.09
2.71
-2.75
2.45
2.87
2.75
-3.64
1.55
0.14
-0.94
1.62
-1.09
1.33
-3.42
0.51
3.55
3.41
-0.28
2.54
3.91
1.75
2.17
-2.95
-1.94
0.57
3.36
0.8
3.5
1.87
-0.52
0.5
-1.73
-1.65
-0.18
-2.02
3.22
-1.56
-2.41
-0.66
-1.86
3.32
2.96
1.02
2.45
3.16
1.49
2.55
1.19
-0.19
-1.94
1.79
2.38
-0.98
1.89
1.88
0.16
-2.49
3.19
3.94
1.79
1.93
3.21
3.68
3.44
1.52
-0.49
-3.45
-2.5
3.77
1.3
