0
-1.23
0.45
-2.79
-1.21
-1.65
-0.42
-2.95
-1.36
-2.47
3.34
0.31
-0.16
-3.59
-0.75
-2.63
0.09
-3.59
-2.08
1.69
2.52
-2.53
-0.62
-0.9
-2.55
2.48
-3.13
-1.28
3.62
3.07
-1
-0.85
0.42
-2.9
-0.95
-0.2
0.37
2.26
-3.03
-3.58
-1.59
-1.68
-0.1
1.05
2.12
1.16
-1.37
2.57
2.1
-0.66
0.29
-0.21
1.75
1.96
-1.94
3.47
-1.44
2.69
3.92
-2.51
0.27
3.28
-2.33
0.84
-0.75
-2.08
1.54
-3.09
2.41
1.3
-1.14
-0.99
-2.6
2.22
-0.1
-0.37
0.14
-2.72
3.45
-0.19
-0.73
-2.98
-3.04
2.8
2.04
-3.78
0.47
1.49
1.38
0.87
3.34
-3.83
1.41
3.02
-1.39
3.38
-0.87
-0.38
3.49
1.35
-3.84
-2.01
0.16
-1.13
-0.31
0.01
1.13
-0.38
-0.35
0.96
0.12
3.35
1.78
-3
-1.17
-3.32
0.49
1.61
-3.15
-0.27
3.34
3.76
