-5
-1.9
3.29
3.75
-1.29
-2.46
-2.1
-3.04
2.68
-1.44
0.44
-1.25
1.86
0.53
0.69
1.99
-3.53
0.87
-0.63
2.38
0.92
3.09
2.11
1.14
-0.17
-2.57
3.22
-0.95
0.07
-3.25
3.52
2.41
-1.71
-2.84
-2.34
-1.08
-3
2.06
3.24
-2.58
1.7
-1.67
2.57
2.62
-2.58
-3.08
2.81
1.94
-0.76
1.2
3.53
3.77
-3.17
1.89
3.06
2.95
-0.4
1.74
1.68
-1.98
-0.06
0.21
-2.84
-0.38
0.32
2.29
-2.55
-2.1
-3.63
-3.72
-1.93
-2.2
1.84
-2.5
2.29
-1.66
3.46
-2.33
-1.24
2.79
1.88
0.46
-3.77
-1.11
2.69
-3.17
-0.42
-2.96
-0.79
-2.45
0.56
0.64
-3.05
3.87
0.54
2.66
3.87
-2.26
-3.69
-1.75
0.81
-1.86
-0.9
-1.47
-2.92
1.48
-1.98
2.82
3.61
2.43
-2.05
1.14
0.25
0.65
-1.47
0.28
2.12
1.98
1.15
0.44
-2.84
-2.25
