-2
1.43
-3.4
-1
0.02
-0.23
0.96
0.09
0.48
-0.2
-0.74
0.38
0.69
-3.84
0.97
0
-0.91
1.53
-4
-1.22
3.25
3.87
3.97
-0.37
-3.44
-3.49
-3.05
2.58
-2.82
3.06
2.51
-3.71
3.86
1.36
-2.62
1.51
2.5
1.66
0.87
1.46
2.9
2.62
-2.48
-3.38
-1.34
-3.81
1.95
3.68
2.88
-2.95
3.08
2.53
-1.53
-3.28
2.3
0.05
-0.05
-1.6
-3.91
2.99
-1.61
2.54
-1.84
-3.6
-0.9
0.42
-1.06
-0.85
3.74
-0.68
0.26
-3.62
-0.21
-2.55
1.41
1.34
2.57
3.34
-1.67
-3.07
3.45
2.51
-1.22
-3.88
-1.28
-0.09
1.32
0.98
3.23
-1.06
3.39
0.82
-3.76
1.23
2.75
-0.18
2.95
3.14
1.89
-2.11
-0.74
-2.25
2.92
3.27
-1.58
2.47
2.51
-2.51
-0.16
-3.88
-3.57
1.79
-1.6
1.87
0.68
-1.76
0.47
2.55
1.46
0.45
-3.58
-2.22
