-5
-1.9
3.29
-3.73
0.72
1.44
-2.1
-3.04
2.68
-1.44
-3.31
-1.89
1.86
0.53
0.69
3.93
3.37
-0.69
2.32
2.38
-2.95
3.09
-3.62
1.69
-0.17
-2.57
-1.74
-0.95
0.07
-3.25
-3.41
-3.64
-1.71
-2.37
-2.12
-1.08
-1.52
2.06
3.24
-2.58
1.7
-1.67
0.1
-0.88
1.06
-1.92
-0.45
1.94
-0.76
3.57
3.53
3.77
-3.17
1.89
3.08
2.95
-2.28
1.74
-2.93
3.11
-0.06
0.21
-3.66
-0.38
0.32
-1.79
-2.55
-1.9
-3.63
-3.72
-1.93
-2.2
-0.72
-1.4
-2.86
2.07
1.41
3.84
-1.24
-3.6
-0.4
-0.44
-3.77
-3.18
2.69
1.62
3.47
-2.96
-0.79
-1.61
0.56
0.64
-0.27
2.07
0.54
2.66
2.26
-2.26
-0.15
2.77
-0.88
1.57
-0.9
-1.47
-2.92
0.8
-1.98
2.82
3.61
1.44
2.04
1.14
0.25
-2.75
-1.47
0.28
0.05
1.98
-1.06
0.44
2.84
-2.25
