-8
-2.76
3.7
-1.38
-3.89
0.99
3.65
1.7
2.2
3.48
-0.92
-1.84
2.38
2.47
3.62
3.62
-1.22
0.66
-1.34
-2.06
3.89
1.46
2.48
3.33
-2.26
-1.92
-2
1.73
-0.34
-1.26
0.64
-0.08
2.86
2.98
3.2
-3.65
-2.93
-3.03
-2.23
3.63
-0.83
3.85
-1.66
2.55
-0.53
-3.97
-0.52
-0.51
-1.09
-2.45
-0.52
-2.14
1.78
1.48
2.54
-2.34
-0.65
3.44
1.73
0.36
-1.02
2.82
-1.26
3.22
1.33
3.6
-1.2
1.45
-0.66
1.79
-2.66
3.91
2.54
0.49
-3.72
0.89
1.12
3.6
-3.01
-0.36
2.27
0.99
3.73
1.75
-0.68
3.03
2.15
1.96
2.49
0.33
-0.66
-1.86
2.25
-3.54
-3.04
0.13
2.05
-2.99
-2.43
0.93
3.79
-3.22
1.11
2.96
-1.94
2.76
-0.74
1.92
-2.52
-2.61
3.76
2.56
-1.35
-1.15
-2.42
-2.86
1.52
-2.29
-3.55
-0.27
-3.94
-3.74
