-1
-1.23
0.45
1.2
-1.21
3.39
-1.31
-1.06
-0.56
1.05
3.34
-1.09
-2.51
1.32
-2.82
1.8
-2.1
0.19
3.66
1.69
-1.69
2.62
2.77
1.57
-2.55
-2.7
-3.13
-3.19
-0.09
2.61
-1
-0.85
2.63
-2.83
3.94
-2.37
-3.78
2.36
1.11
-3.68
-1.59
-1.68
-0.84
1.05
0.72
0.53
0.11
-3.41
-1.61
-0.09
-1.11
-0.21
1.5
3.8
3.28
1.43
2.21
-2.29
-3.94
-3.81
3.02
-3.63
-2.62
-3.14
-0.75
-0.2
1.54
-3.39
0.31
-0.84
-0.09
3.04
-2.6
3.34
-0.05
-3.4
2.87
0.82
2.87
0.6
2.1
3.79
2.42
-3.44
3.27
-1.76
-3.53
1.47
-0.39
0.87
-0.3
-1.06
-2.19
-0.09
-3.36
-1.97
0.78
2.87
-0.76
-0.08
-3.84
-2.01
2.19
-1.13
-2.76
0.01
0.43
-1.73
-0.35
0.96
-2.28
2.44
-1.77
0.48
-1.77
3.23
0.49
0.49
1.57
-0.98
-3.5
2.52
