-3
-3.19
3.14
0.39
0.2
-1.94
1.57
-3.1
1.17
0.6
-3.07
2.95
-0.14
-0.95
-3.6
1.48
-0.28
-3.05
-2.96
-2.7
0.12
1.1
2.92
-0.75
-3.3
0.16
-3.11
3.08
-1.26
1.92
2.03
0.44
-3.62
2.52
0.16
-2.33
3.53
2.63
3.23
3.06
-3.86
-0.46
2.89
-3.15
3.57
3.9
2.94
-3.02
-2.19
-1.81
0.9
-3.23
0.52
-2.24
3.59
-2.68
-0.24
-1.18
2.42
-3.53
3.57
1.48
-0.55
1.47
0.38
2.28
1.22
-2.75
-3.7
-2.96
-3.57
-3.54
-1.77
-2.64
-1.98
-1.04
-0.51
1.85
-0.2
1.95
3.89
-1.56
1.41
0.88
-3.01
1.46
-2.29
-2.96
-2.07
1.92
-2.82
2.38
-1.65
-3.08
2.69
-2.64
-1.37
1.22
2.71
-2.72
-3.2
1.81
3.96
2.45
3.48
-3.63
-0.97
-2.42
-0.72
1.92
-3.2
0.1
-0.89
-0.12
-3.27
-0.43
-0.24
-3.08
-3.78
0.69
-3.32
-2.82
