-2
-1.09
-2.83
-0.09
-0.27
3.93
1.7
-2.09
3.91
-1.88
3.9
-2.43
2.19
-0.67
-3.29
2.77
4
-0.12
-0.72
-0.3
-1.88
2.23
0.33
0.93
1.12
0.4
1.67
3.96
1.72
0.46
-0.7
0.74
1.74
0.76
1.8
-1.17
-3.35
-0.96
-3.9
-0.35
1.18
-3.91
0.6
-1.46
3.31
0.82
-1.72
-2.85
-1.21
1.31
0.49
-1.69
1.26
4
-1.54
4
1.03
-1.92
-2.92
1.23
-2.86
0.52
0.49
-1.56
-3.23
-1.39
-1.86
-3.58
2.84
-1.02
-3.65
-2.32
-2.66
0.24
2.53
-1.55
-1.7
-3.2
1.35
-1.22
2.27
-2.42
1.93
3.02
3.5
-2.14
-3.15
0.49
-1.45
-0.41
3.9
-3.91
-0.96
2.21
-2.39
-1.28
2.25
-3.15
0.37
-2.07
-0.9
3.72
-0.57
-3.96
-0.27
-1.68
3.33
1.54
1.73
-2.67
1.69
-2.35
1.05
1.2
-0.89
-1.32
-1.37
-1.48
2.69
2.92
-2.13
-0.36
