-10
-0.22
-3.13
-2.66
2.31
-2.6
3.7
-1.46
-2.54
-2.4
1.22
-3.36
1.46
-1.88
0.97
2.25
-0.91
-0.82
0.01
0.81
3.25
-1.02
3.97
-1.98
-1.47
-1.31
0.13
-2.85
3.6
-1.45
-2.98
1.83
1.99
-1.56
-2.62
-1.22
2.5
1.34
0.87
-3.23
-2.29
-1.69
-2.48
-3.38
-0.93
-3.81
0.1
0.81
1.91
-1.58
3.83
2.53
-1.53
-3.28
-2.82
1.37
-0.18
-3.22
2.42
1.22
1.28
2.54
-1.84
3
-1.26
-1.85
-1.06
0.96
-0.8
-0.34
0.26
1.75
0.29
-3.2
1.41
0.93
0.93
3.34
3.89
-1.66
3.45
-0.51
-1.42
-1.74
-1.28
-1.83
3.59
0.98
3.23
-0.73
2.97
1.7
3.32
1.23
3.04
-0.82
-3.86
2.36
3.02
-1.81
-0.74
-1.74
-1.73
-3.9
-1.33
2.47
-3.79
-2.33
-1.43
0.25
-3.57
1.79
-1.13
0.08
-3.8
1.95
0.84
2.55
0.28
-1.54
-2.7
-1.75
