-10
3.79
1.71
-1.36
2.42
0.99
3.76
-0.62
-2.81
0.23
-2.35
-1.87
-0.76
0.27
3.62
3.62
-1.22
3.99
3.29
-3.63
0.74
1.46
-1.37
3.97
-3.41
3.86
2.61
-3
-3.36
2.62
0.83
-2.94
1.93
0.77
2.1
0.13
-2.93
0.35
-0.48
-2.26
-0.83
3.85
-1.66
3.69
1.78
-0.94
-0.52
-0.51
0.9
-3.31
-1.55
-2.2
3.09
-0.73
-2.75
-1.13
1.15
2.93
-1.89
0.36
-1.02
-1.99
-1.26
-2.88
1.33
3.16
-0.73
-0.54
1.08
-0.28
2.54
3.91
1.75
-3.07
1.2
0.89
0.57
2.79
-3.01
1.48
3.53
-0.89
2.57
3.96
-0.68
-3.9
2.15
3.22
2.49
-2.41
0.36
2.78
-1.76
-0.32
3.2
1.65
1.11
1.49
1.95
0.93
-0.19
-3.22
1.79
-2.83
-0.98
0.35
-0.74
-3.09
0.73
-2.61
3.94
-3.02
-0.11
0.63
3.04
3.44
-3.82
-0.49
1.8
-2.5
-2.99
3.69
