-3
-0.31
0.56
3.75
-1.29
-2.46
-0.1
-1.45
-1.45
-1.44
1.77
-1.89
1.86
-1.81
-0.64
2.46
3.37
-0.69
3.65
2.38
-1.76
3.09
-3.81
-3.71
3.31
1.84
-2.5
-0.6
0.48
-3.25
3.52
-3.64
-1.71
1.51
-2.12
3.75
-3
2.65
3.61
2.14
3.95
-3.88
1.91
-0.88
-2.58
-1.07
-1.39
1.94
-0.53
3.57
2.02
0.74
-3.72
-1.77
3.06
-1.85
-0.4
1.74
2.36
1.43
-0.06
0.21
-2.84
-2.2
-2.49
2.29
1.85
-1.9
1.68
-0.38
-3.24
-2.2
-1.29
-2.5
-1.15
-1.88
1.39
3.84
-1.24
2.79
2.47
-0.44
-1.16
2.48
2.69
1.53
-2.38
-2.96
-0.79
1.08
0.26
1.15
3.34
-1.16
-1.81
3.33
2.96
-3.89
-3.69
-0.91
-0.88
0.71
-3.82
3.86
2.8
0.01
-1.98
2.78
-3.37
2.43
-2.05
-3.39
0.57
3.25
2.96
-3.63
-1.25
-1.31
-1.06
1.28
3.1
-1.95
