-4
0.12
3.14
3.86
0.2
-1.94
2.98
-3.1
3.79
3.08
-2.58
2.95
0.47
-2.32
1.06
3.61
1.89
1.02
-3.45
-2.7
1.71
1.1
-2.35
-0.63
0.21
1.61
0.5
1.37
-0.35
-1.69
-0.58
-0.86
2.59
2.52
-0.32
-2.33
3.83
2.63
-0.24
-0.53
3.28
1.48
2.89
1.86
3.57
-1.88
2.94
-3.02
-1.9
-1.81
0.9
-1.44
-3.06
3.72
3.59
3.88
0.17
-0.23
0.96
-3.53
3.09
3.22
-0.55
1.47
-1.85
2.28
1.22
1.59
2.65
1.87
3.79
-3.54
-1.09
1.58
3.13
-0.98
-0.51
-3.21
-0.2
-1.91
2.68
0.36
1.65
0.88
1.42
-1.36
-2.04
-2.96
3.28
-0.84
3.21
1.98
1.25
-0.72
0.12
-1.28
1.09
2.35
2.71
-2.72
-2.1
-2.65
1.22
2.45
-3.21
-2.78
1.87
-0.4
1.69
3.37
0.39
-2.34
3.97
2.09
-0.9
-0.43
3.98
2.57
-3.78
-0.16
-2.54
0.18
