-4
0.84
-3.95
3.33
1.71
-3.42
-0.94
1.38
1.21
-3.32
-2.2
-0.69
1.11
1.8
-3.19
-2.13
2.4
2.33
1.27
1.06
-2.86
-3.33
0.97
1.33
-2.17
-1.99
0.83
0.56
-3.3
1.14
3.46
-0.42
3.79
3.11
2.6
3.91
-2.38
-1.21
3.61
2.27
-3.49
-1.86
-1.53
-0.89
-2.55
-1.03
-2.74
-0.47
2.33
2.94
2.79
-1.71
-1.11
-2.73
-1.93
0.13
3.88
-1.28
1.49
-0.3
-0.25
2.51
0.68
-3.94
-2.78
2.22
-0.48
2
3.21
-3.1
-3.75
-0.39
2.72
3.01
0.55
3.01
2.21
-2.14
-0.12
2.86
-3.26
-2.7
2.23
-2.23
2.36
1.17
-3.31
2.52
1.03
-1.54
-3.97
2.91
1.3
-0.09
-1.48
-2
1.46
-1.6
-2.12
-0.77
3.46
-0.74
0.33
1.42
2.69
-0.82
-0.42
-0.12
0.73
-0.93
1.93
2.02
2.85
2.64
-1.05
-1.55
-3.73
-1.09
-2.3
0.06
1.53
1.01
