-8
3.07
2.02
3.93
2.8
-0.03
-1.19
1.07
-2.97
2.99
-2.94
-1.27
0.87
2.96
0.8
-1.68
-3.96
2.31
-0.61
2.42
-3.18
2.56
0.66
-2.46
1.38
3.29
-3.98
0.2
0.87
1.98
-2.09
1.45
3.88
1.02
0.38
-0.17
1.91
3.23
0.32
0.08
3.65
0.17
-0.68
-3.51
-1.32
0.78
2.15
-2.87
-2.43
-1.42
-2.95
2.54
2.28
2.4
-0.82
-1.09
-1.59
0.47
-1.45
3.51
-0.05
2.62
-3.8
-0.95
1.07
-0.39
-1.15
3.86
-1.43
-3.04
0.41
-3.18
-2.02
3.32
2.77
0.66
-0.77
0.17
2.87
-3.4
-2.87
2.89
-1.37
-1.72
0.92
-0.62
3.17
-2.52
-2.17
-2.53
-2.59
-2.56
0.67
0.81
-3.88
-2.97
-0.04
-3.74
-0.58
3.07
-2.08
2.3
2.56
-3.4
2.18
-3.78
0.55
2.97
3.63
2.53
3.68
2.24
1.61
-2.05
2.37
1.06
-0.02
1.93
2.14
-2.31
0.44
-2.64
2.02
-2.9
3.55
-1.03
0.16
1.18
3.19
1.74
-3.31
-1.04
-3.26
3.8
2.68
-1.16
-3.67
-1.97
0.11
0.69
2.83
-3.8
-2.14
-0.69
-2.21
-0.82
-0.17
-1.28
2.44
-0.93
1.05
2.04
-1.87
-2.27
-1.38
-3.45
-3.73
1.45
-2.95
-0.8
0.07
3.38
3.78
-2.11
1.84
0.72
1.5
1.81
-0.73
-0.47
0.72
-2.05
-2.19
-2.56
-1.13
0.24
3.51
-1.29
3.32
0.37
3.14
-2.57
2.75
0.11
-3.32
-1.35
-3.18
3.01
1.18
2.12
-1.43
-1.11
-3.02
-3.1
-3.39
3.45
-3.58
3.97
1.47
1.08
1.68
2.03
3.45
-1.09
2.36
-0.9
0.22
-3.32
2.87
2.39
-2.96
1.57
2.13
0.68
0.06
-1.36
-3.37
-0.33
-2.79
-0.82
-0.11
2.49
-3.37
1.16
-3.05
-2.17
-3.03
-3.1
-3.18
-0.58
-0.19
3.55
1.24
-1.76
2.7
-2.89
-2.01
-0.16
1.76
1.59
2.43
-3.86
-3.86
2.79
1.07
1
0.76
0.3
0.85
1.98
2.82
0.76
2.76
-1.71
-2.81
3.2
1.4
-1.71
-2.05
0.52
-1.88
-0.69
3.87
-0.56
-1.42
-2.5
-3.68
-0.11
1.99
-1.05
-3.35
0.8
1.92
-0.38
0.75
-0.25
2.34
-2.16
-3.92
-0.05
1.07
0.67
0.06
-1.15
0.6
3.05
-3.22
-1.05
-2.95
3.5
-0.28
3.7
-2.12
-2.77
-0.54
-0.88
-3.73
0.7
0.21
-0.43
0.68
-3.14
2.32
-2.11
1.33
-1.98
2.85
-0.87
1.54
1.44
-3.15
-0.45
-1.79
2
3.46
1.46
3.26
1.01
2.85
-0.47
-3.29
1.38
-1.16
2.49
3.23
-3.05
-1.09
0.68
-3.85
-2.37
-0.53
-2.36
1.64
0.51
3.28
0.21
2.35
-1.84
1.53
-1.43
-3.8
1.65
1.41
-0.39
2.65
-3.84
1.49
-0.11
-2.22
2.01
-0.13
-0.73
1.86
-3.33
-1.15
3.3
2.03
3.84
-1.33
0.37
3.12
-1.84
-1.02
-0.1
-2.03
3.22
1.92
1.7
2.72
-0.76
3.11
1.09
3.49
0.27
-0.68
-0.94
3.98
3.24
3.84
3.06
-0.54
3.02
-1.1
-1.85
1.77
-3.81
-0.22
0.96
-2.34
3.99
2.19
2.52
3.5
-2.85
-0.54
2.05
-1.33
-2.5
-2.37
3.44
-1.75
3.8
1.18
2.54
2.9
2.78
-0.22
-2.41
1.36
3.79
3.32
2.79
4
-0.39
-3.1
-3.91
3.27
-3.18
2.14
-2.23
-0.57
-3.04
0.03
2.73
1.06
-3.41
1.59
2.34
-3.2
1.28
-3.61
2.47
1.6
-3.6
0.81
-0.33
-2.16
0.36
-0.74
2.99
0.41
-1.81
3.6
-2.13
-3.34
3.4
2.52
-0.11
-3.76
-0.63
2.79
-2.15
-0.63
3.87
0.01
-2.71
-0.24
2.45
-2.52
2.3
-2.81
1.45
-3.22
-3.93
3.4
-3.15
-2.81
3.6
2.81
1.24
2.25
-1.1
1.57
3.16
1.36
-2.76
-2.64
-1.85
2.06
1.67
-1.92
-2.3
2.09
1.44
2.5
2.54
-0.9
1.74
0.4
-0.48
3.92
-0.6
-1.12
0.96
1.79
2.97
-2.6
3.53
-1.52
3.82
2.2
2.92
1.08
-0.99
1.12
-0.12
0.29
0.21
-1.5
-1.24
3.93
-2.4
-3.62
-0.18
0.22
3.49
3.37
-0.65
-2.42
-3.15
1.75
-0.54
-0.8
-0.71
1.33
-1.15
-3.99
-3.4
-2.64
2.4
3.84
-2.17
3.68
2.25
3.47
-0.84
0.62
-0.92
-3.68
-1.39
-1.75
2.89
-0.77
-2.37
-0.41
2.31
-0.99
3.07
-3.26
2.31
3.61
2.06
1.94
-2.38
-1.94
-1.26
-0.28
-2.21
1.69
-1.73
-0.14
-0.32
-1.15
0.1
-1.08
2.09
-2.07
-1.86
0.35
-2.95
-1.14
0.28
-0.98
2.97
2.6
2.87
-3.78
-2.43
3.71
3.02
3.84
-3.05
3.87
-0.95
2.8
-2.22
-0.1
2.05
0.18
0.72
3.45
-1.17
1.4
2.06
2.75
2.58
0.03
3.14
2.71
1.5
0.38
-3.14
-1.29
3.69
-0.56
-0.68
-0.97
2.98
-0.98
-0.8
-1.48
-1.86
-1.91
2.67
-1.57
-1.09
-0.19
3.8
1.31
-2.86
-1.81
-0.12
1.97
3.64
-2.39
-3.97
2.89
0.97
-3.79
-3.98
-1.17
-2.91
-1.14
-1.8
-1.36
2.97
2.25
-3.82
3.62
-0.52
2.75
0.92
-0.98
-3.03
-1.81
1.3
-3.27
2.74
-0.38
-0.16
-1.24
0.24
-2.18
1.57
-0.7
-3.51
-1.1
-0.93
2.07
-0.6
0.43
2.07
2.76
-1
-3.63
-2.57
3.29
3.89
0.02
-0.54
0.67
-0.37
-3.82
-2.17
-1.61
1.28
-3.14
0.99
1.44
0.31
3.3
-3.85
-2.66
0.38
1.27
2.6
3.27
1.3
2.91
-1.86
0.07
-0.83
-1.89
0.22
3.05
-3.32
2.17
-3.98
-3.4
-3.24
2.02
-3.15
-1.29
-3.84
3.18
3.14
0.06
4
-0.83
2.02
3.64
1.91
1.64
-2.24
0.1
0.28
0.72
-1.62
1.74
-2.23
-1.83
-2.02
-3.03
-2.13
3.39
-2.51
-2.49
-0.04
-1.22
-2.29
3.11
-3.17
0.39
0.67
2.29
2.45
1.45
-2.82
1.2
2.14
-1.46
3.27
-1.87
-3.12
-1.49
2.17
1.54
-3.65
-3.89
-1.24
-0.04
-0.21
-1.71
2.83
2.6
0.03
3.88
-3.17
-3.23
1.68
1.62
-3.91
1.21
-2.55
2.92
2.8
-2.48
-3.04
-0.53
1.66
2.84
-0.46
1.18
3.6
3.24
-1.1
3.86
-3.92
3.37
-2.78
-0.04
-2.84
-0.15
-3.98
1.75
-0.68
2.55
1.56
2.08
-1.74
2.57
0.61
-3.6
3.52
-3.49
-1.55
-1.95
-3.33
-2.03
-0.28
0.64
0.57
0.88
-1.54
-0.08
-3.58
2.61
-1.31
3.6
-0.3
0.18
3.8
-2.54
3.55
-2.28
0.45
0.24
1.19
-0.29
-0.41
-3.76
-0.04
-1.12
-2.79
3.09
-1.78
-0.87
1.66
3.09
0.79
-3.16
3.19
2.12
-0.35
0.58
3.39
0.28
-2.61
0.1
1.33
0.71
-0.14
1.97
-1.62
2.08
2.78
-0.85
-3.15
1.8
0.06
2.21
0.87
0.97
2.39
-0.53
-3.32
-2.32
-0.33
-0.63
-2.3
1.29
-3.05
-0.4
-1.2
-1.15
0.99
-2.33
1.82
-1.04
-1.67
-3.84
-1.15
-2.92
2.38
2.88
0.39
1.99
-3.5
-0.87
-3.69
3.08
-1.72
3.86
-0.98
2.59
-0.03
-1.78
3.73
-3.83
-0.1
1.7
-3.39
2.02
-1.6
-3.96
-0.24
-3.75
-0.84
3.53
-2.91
1.1
1.33
1.9
-0.54
-0.11
-0.65
-0.22
2.59
3.51
3.09
-1.31
-2.82
-3.47
-0.94
-1.38
-0.99
-2.91
-3.42
0.22
2.88
-1.23
-2.05
1.64
3.07
0.63
3.56
0.83
2.69
2.34
-0.88
0.13
-1.17
-3.03
-1.96
-0.79
-2.25
0.38
0.4
3.13
-0.77
-3.81
-0.37
-3.78
-2.91
-2.8
0.52
-3.93
-1.04
3.78
1.03
-1.34
3.68
2.95
-3.35
2.32
-0.85
3.69
2.83
2.83
0.34
2.53
1.09
-3.76
0.39
-1.05
3.87
-3.8
2.5
3.86
-3.13
2.63
0.7
-2.55
-3.01
2.69
3.15
-2.27
0.55
1.86
-3.89
3.48
-2.13
2.92
-2.69
-3.55
0.46
-0.12
-3.68
-0.27
-3.95
-1.94
1.56
1.57
-1.22
0.71
-0.9
-0.61
-0.17
2.14
-2.67
0.31
-2.42
-0.89
2.9
2.41
1.97
2.22
1.95
-2.04
3.17
-2.58
-0.87
-3.04
2.72
0.87
0.65
2.18
2.94
-0.07
2.5
-0.02
3.89
-1.23
3.8
2.81
-2.93
3.14
2.68
0.28
-0.41
-0.24
1.9
2.42
0.53
-0.19
1.89
2.77
-3.99
-1.1
-1.51
2.25
1.93
2.36
0.56
2.64
2.93
0.59
2.85
1.91
-3.95
0.92
0.45
3.91
3.64
1.35
0.42
2.81
-0.69
-3.91
1.33
2.83
3.55
-2.33
2.38
-0.59
-0.47
0.72
0.44
-1.09
2.98
1.89
2.16
0.03
-2.56
-3.75
2.05
-2.48
2.21
-2.85
3.88
0.49
-3.72
-3.24
0.23
2.67
3.31
1.99
2.78
3.18
3.39
3.09
-0.55
3.93
1.57
-0.34
2.7
0.26
3.99
-2.86
-0.89
-1.79
-3.86
-0.06
2.94
-1.83
2.77
-3.59
2.47
3.38
3.3
-1.1
-3.41
-1.84
-3.79
-3.16
2.55
2.78
1.44
3.71
0.1
1.54
1.94
1.27
-0.48
3.9
-1.57
2.24
2.46
1.78
-2.45
-2.21
-2.47
1.07
2.05
1.66
0.34
0.34
-2.18
-1.95
3.91
2.89
3.53
3.4
3.88
0.49
2.49
-2.71
3.71
0.73
1.12
3.93
2.83
-3.73
1.04
1.58
0.28
-1.12
-3.58
3.04
3.75
-3.48
-2.05
-3.32
1.83
1.51
-2.64
-0.47
0.12
-1.45
0.51
-1.8
0.95
-0.61
3.81
1.21
2.01
2.54
1.39
3.04
-2.59
-2.86
2.53
-2.27
-3.34
-2.37
-1.03
-2.74
-3.98
-3.54
-2.62
-2.54
-0.08
-1.21
-1.69
3.38
0.94
2.84
-2.43
-1.64
-0.87
-1.05
1.17
1.16
-3.79
-1.09
-1.03
-0.57
-3.53
3.83
3.57
1.75
1.49
-2.62
1.63
2.6
-2.01
-3.78
-3.98
0.19
-1.46
-3.9
-0.49
-0.35
-2.83
-0.96
2.29
-1.84
-2.93
-3.58
-3.73
3.18
0.96
-0.97
-0.09
2.47
-0.03
-2.64
-2.49
1.76
2.67
3.54
-3.22
-3.81
-3.1
-0.36
-0.02
-1.47
1.17
-0.29
1.39
0.72
2.82
1.38
3.82
-0.98
3.44
-2.48
-0.01
1.18
0.63
-3.2
-1.64
-3.95
3.56
-3.61
-3.22
-1.54
1.48
3.16
-1.37
-3.37
2.71
-1.73
1.53
-0.99
3.32
-0.69
-1.25
1.53
3.07
-0.25
1
1.36
-0.96
-0.44
-3.65
3.58
-0.79
-3.12
3.03
-1.55
1.38
0.34
-2.88
1.86
1.17
-3.28
-3.36
-3.49
-1.15
-2.48
1.05
2.01
-2.92
0.75
2.02
0.55
3.86
0.81
-0.3
0.13
2.78
2.46
2.11
-3.13
-0.19
1
1.02
-0.01
-3.97
-2.8
3.25
0.6
-3.87
-3.82
-0.75
-1.64
-2.86
3.68
1.84
2.59
-1.33
-1.76
-1.32
1.55
2.7
2.99
0.27
2.29
1.55
-0.2
3.73
2.4
1.18
-1.1
-0.33
2.92
2.24
-3.75
-1.96
-3.83
-0.29
0.65
-3.53
-2.36
-1.73
-3.55
1.88
-3.1
-2.5
-0.35
-0.59
-3.83
2.97
1.11
-2.55
0.54
-0.22
-3.44
-1.83
0.82
-3.28
2.73
2.44
0.24
-2.52
-3.16
3.42
1.24
0.51
0.34
0.12
-3.11
1.63
1.67
-1.13
2.02
-2.23
-2.96
-0.72
2.25
-2.89
-0.63
0.79
-2.11
-3.61
3.56
3.44
-3.94
-2.56
3.14
-0.86
1.68
2.08
1.23
3.45
0.99
2.22
0.24
-3.84
-2.58
-2.96
-3.37
0.4
1.17
3.54
-1.48
-1.46
-2.71
-1.76
-0.56
-1.23
-1.26
1.28
-0.07
-0.3
1.36
-2.06
0.54
-0.16
-2.08
-2.59
3.36
-0.21
1.37
-2.81
2.45
-1.19
-3.6
2.23
1.89
3.81
1.53
-3.13
-2.15
1.2
-3.52
2.97
3.63
-1.64
1.88
1.01
2.14
1.83
2.01
0.37
-3.6
-3.61
-1.86
-2.47
-1.92
-0.96
-2.33
-3.61
2.24
-3.99
-2.31
0.84
3.04
-0.03
-2.92
3.71
-1.86
-0.93
0.35
-0.37
1.24
-2.14
-0.57
2.73
-0.78
2.4
-1.68
-1.82
1.96
0.92
-0.73
-2.48
1.79
-3.01
-3.22
2.06
-3.34
2.88
0.15
-1.15
2.14
1.14
-1.37
-2.16
-0.49
-0.36
3.94
-0.35
-2.73
2.18
-1.14
-0.93
-2.52
-1.63
3.14
2.55
0.96
-0.59
2.31
-0.31
-3.28
3.49
-1.56
-2.68
0.74
-3.84
3.06
2.04
-0.82
-0.97
3.04
-0.73
2.93
-2.5
1.5
-3.9
3.23
-2.42
-0.78
3.58
2.46
2.67
-3.1
3.79
-1.95
-3.81
-3.96
-0.58
-2.14
-1.76
-2.91
1.26
-3.44
-3.55
-1.88
2.65
-1.31
-2.69
1.11
-0.65
0.59
-2.1
-3.54
2.25
3.14
3.59
0.15
3.99
0.87
3.04
3.32
-0.62
-3.81
2.74
1.23
-1.95
2.59
-1.34
3.27
0.54
-3.88
-0.37
0.17
-3.07
-2.06
-2.22
-1.29
2.47
3.38
2.86
1.41
1.92
0.48
3.88
-1.01
0.56
2.2
-1.34
-3.36
-1.53
0.05
-3.95
2.55
-1.17
-1.07
1.71
1.06
-2.17
-0.78
-3.93
-3.95
-3.97
-1.95
-3.44
-0.78
-3.05
1.73
3.54
0.3
1.36
0.88
1.69
-3.4
2.02
-2.38
-2.6
2.9
-3.68
-0.26
-3.33
-0.15
-0.07
-1.98
0.8
-3.51
-3.94
1.09
-2.66
2.01
0.23
0.73
-3.12
-0.76
3.31
2.8
1.38
-0.14
-0.09
0.65
-1.96
2.83
2.67
2.36
-0.71
1.59
2.36
3.46
-3.48
-2.8
-2.47
2.82
0.73
2.09
-1.45
0.22
0.12
2.02
1.25
-3.93
-0.85
-0.14
0.39
-2.47
-3.94
-3.38
0
-1.56
-2.7
3.23
0.25
1.54
-1.02
-0.33
-2.3
-2.16
1.19
