-3
2.73
3.21
-1.87
-3.39
0.57
-3.86
0.47
1.42
4
-1.21
-3.32
-0.92
-1.33
3.37
2.61
-0.16
-2.5
2.18
-1.56
1.14
2.29
-1.34
-2.41
-0.08
2.16
-2.7
0.95
-0.01
-0.17
-2.95
0.39
-3.29
3.04
2.55
3.29
2.05
1.95
-1.46
3.3
0.24
1.06
-1.35
-3.37
-2.8
-2.25
2.22
0.55
0.89
2.93
3.15
-1.83
-0.48
3.4
-3.96
3.29
0.07
1.62
2.22
-1.54
-0.74
-0.81
-3.52
-2.42
2.94
2.4
3.98
0.05
0.12
-3.93
-3.44
1.9
2.96
2.89
2.2
-3.93
-0.36
-1.97
-3.62
-1.84
3.94
0.76
-3.94
1.07
0.69
2.89
-3.13
-2.69
2.99
3.27
-0.78
-3.57
3.74
-3.92
0.03
-2.95
0.58
-2.94
-2.31
-1.19
-2.22
-1.84
-3.58
0.81
2.36
-2.75
-0.78
0.63
-2.81
3.98
-0.36
-1.97
1.23
0.05
-1.48
2.51
-0.88
-0.58
0.89
-3.95
1.52
2.66
1.07
0.86
0.86
-3.87
2.16
2.88
-1.15
1.15
-0.5
-1.43
-3.67
1.58
-3.62
1.78
0.33
-0.75
2.71
-0.56
-0.34
0.24
-3.88
3.02
-0.37
-2.82
-0.8
-0.32
1.57
1.53
1.93
-2.85
0.18
-2.36
1.29
-0.88
1.1
-0.43
3.96
2.23
-0.91
0.34
-2.22
0.05
0.47
-2.94
-2.3
3.65
-0.33
0.74
-1.83
3.88
0.71
-2.55
0.39
-2.73
2.54
2.06
-2.78
-0.32
0.93
-1.52
-2.69
1.33
3.22
-1.65
2.4
2.7
-3.71
1.26
-3.33
-3.24
-0.7
-3.53
-3.65
3.32
-1.54
0.08
-1.45
-1.44
3.48
-0.45
-3.99
-3.18
-0.65
2.06
0.44
-1.27
1.25
0.01
0.59
3.05
-1.66
0.27
-2.71
-3.39
-0.97
0.45
0.83
-1.88
-1.34
-0.99
3.36
2.41
0.07
-2.59
0.58
0.23
-2.91
1.07
2.82
-1.54
-0.5
2.67
0.2
-2.63
-1.54
-3.52
-2.03
-2.85
1.91
-0.33
-2.56
0.28
-3.33
-2.37
2.42
3.03
3.19
3.75
0.29
2.01
3.25
-3.57
3.9
0.47
0.2
-2.4
0.76
-2.06
-2.52
-3.8
-2.37
-3.82
1.2
-1.87
-0.46
-0.32
-3.93
3.92
2.15
-1.46
-1.52
-0.32
0.21
3
-2.43
-0.93
1.73
-1.57
-1.01
1.55
1.05
-2.65
-3.22
-3.2
-0.79
-0.93
2.77
3.74
1.18
-3.14
-0.27
-3.98
3.68
1.7
-1.96
-2.75
3.09
2.55
2.1
-1.26
2.96
3.27
-2.41
-2.26
-0.47
-0.43
0.22
-3.1
-1.1
-2.88
-0.13
-1.68
2.95
-0.07
-0.84
-3.72
3.41
0.39
2.92
-3.54
0.91
-3.66
-1.26
1.28
2.82
-1.55
0
2.52
0.96
-3.69
-0.01
3.19
0.33
-3.75
2.6
1.78
3.76
3.05
1.28
3.65
2.86
1.87
0.83
0.06
0.99
-2.6
-2.93
-0.26
-1.47
-2.24
-2.15
-1.31
3.64
1.63
1.84
2.62
0.53
0.31
-1.07
-2.93
3.57
1.7
-0.05
-1.41
1.14
0.69
1.99
2.7
1.34
1.39
-3.48
-3.65
3.12
3.27
-2.39
3.04
-0.49
2.68
-3.71
1.41
-2.63
-3.74
-0.02
-0.81
2.46
-2.71
3.56
2.71
-1.59
3.98
-2.76
-0.56
0.12
0.2
-3.92
-2.85
-2.08
-1.76
2.93
-3.7
-0.58
-1.62
2.4
1.15
-2.77
-2.51
-0.43
-3.64
0.02
2.81
-0.9
1.85
0.02
1.52
3.7
3.31
-2.29
-3.25
0.13
-0.16
1.14
3.29
0.29
1.36
0.14
1.09
0.24
-1.08
3.19
-3.55
1.11
-2.74
3.76
3.99
-2.02
3
-2.14
2.84
-2.04
0.96
1.73
3.19
-1.32
-0.39
0.87
-0.61
3.42
2.6
0.51
-3.23
3.44
-2.83
2.12
-0.92
-0.83
0.13
2.1
-2.97
-2.99
0.15
1.26
-3.35
-2.83
-0.44
-2.31
-2.16
2.1
0.03
-0.47
-3.31
1.44
-1.12
2.79
3.17
2.12
1.95
0.6
-3.33
-3.52
-3.26
1.67
1.65
2.41
2.41
-2.99
-0.06
-0.85
0.67
0.82
1.86
-3.1
-3.18
1.82
1.81
3.71
1.07
2.01
3.12
-2.08
-0.97
1.3
-0.62
-0.94
-0.19
-0.66
0.56
-1.62
2.95
0.97
1.22
3.53
1.42
-3.45
-3.73
2.49
3.62
-1.76
-1.24
-1.45
1.75
2.7
-2.58
3.22
1.68
3.8
0.61
1.06
-3.03
3.47
-2.96
3.95
1.49
2.75
1.46
-0.56
-1.72
-1.41
-1.4
-0.93
0.46
-2.44
0.2
3.71
3.6
2.33
-0.52
-3.73
1.55
3.33
-3.91
-1.18
-0.76
0.57
0.17
0.34
-0.12
0.17
1.38
0.02
2.73
3.51
-2.6
3.49
-0.08
1.28
-1.96
2.67
-0.91
0.83
0.2
1.03
3.65
3.7
2.1
0.19
-1.51
-2.28
3.62
3.35
0.31
0.34
3.51
-2.35
3.38
2.23
0.7
-3.09
-1.42
-2.88
3.57
2.11
1.21
2.58
0.35
0.96
-3.85
0.72
-0.22
-1.68
0.28
0.81
1.18
-3.28
-0.87
-0.93
-0.83
-0.45
2.47
3.98
-2.16
-1.84
0.55
2.03
3.71
-1.61
4
3.76
-3.89
1.7
-3.42
-2.87
0.09
-2.03
1.27
2.09
3.82
-2.94
-0.66
-2.86
0.04
1.78
1.94
1.3
-0.93
3.5
3.16
2.79
2.53
0.3
-0.95
-2.86
-1.56
-1.39
3.28
1.4
-2.45
3.18
2.87
-2.04
0.96
-3.6
0.6
2.09
-2.27
-0.85
-3.28
-0.79
-0.54
1.04
-0.75
-1.89
-3.79
1.33
-0.06
0.07
0.22
3.26
-1.04
-3.79
-0.77
-2.79
-2.77
-0.19
-1.36
3.45
2.69
-2.52
-1.3
3.87
0.54
-3.37
-1.81
-2.62
0.18
-0.37
-2.83
3.86
-0.44
3.92
2.78
-0.05
-0.68
-2.52
-2.95
-3.06
-3.08
1.12
2.67
-0.79
-2.82
-1.7
0.22
2.66
2.73
-0.25
3.18
-3.21
-0.56
-1.71
0.47
3.24
-3.5
-0.4
-3.5
-1.39
3.92
2.83
-2.86
-3.7
-1.11
0.37
-0.3
-0.95
-2.57
3.29
1.89
3.75
-1.24
-2.3
2.52
-2.43
-1.19
3.49
2.68
-1.77
0.42
-0.47
-1.34
-3.57
0.46
-3.62
0.42
-2.74
-0.55
3.54
-0.56
3.73
-3.02
2.44
-2.97
-1.9
-0.03
2.37
-3.69
0.82
2.6
-2.84
1.23
3.44
1.87
3.43
2.04
-2.27
-0.22
-1.11
0.43
-2.99
0.92
2.27
2.19
0.38
0.16
-3.29
-0.16
-1.49
3.95
-1.57
3.61
-2.11
-0.16
2.16
2.76
0.32
-3.33
0.41
1.61
0.44
3.17
-2.14
-0.36
-0.74
2.31
-0.77
-1.44
1.04
-1.65
-1.32
1.49
-3.45
-0.89
-1.58
-1.19
-1.28
-3.76
0.65
1.94
-0.75
-1.47
1.81
0.87
0.17
-2.44
-0.67
-0.41
3.72
-3.33
-2.29
-2.95
3.37
1.29
3.99
-2.16
-0.95
-1.37
-1.07
2.07
-3.07
2.16
2.81
-3.84
1.26
0.94
3.06
2.79
-2.58
-0.66
0.04
0.07
0.03
2.48
-1.64
-2.09
-2.64
1
3.47
-2.31
-1.03
3.64
-1.15
0.37
-3.37
-2.37
2.13
-0.74
-0.87
-3.43
3.76
-3.91
1.32
2.58
1
1.09
-0.27
1.65
3.61
3.23
-1.49
0.55
-1.83
0.37
0.63
1.64
1.03
-3.12
-1.07
2.07
-3.52
2.06
-0.84
-2.76
-0.9
-2.7
-0.69
-1.56
3.53
-0.37
2.82
-0.21
-0.35
-3.16
-0.42
-0.05
2.76
1.45
-2.53
1.27
2.19
-0.28
1.39
-3.76
3.18
2.42
1.47
2.48
3.74
-1
0.6
1.24
-3.67
1.06
-3.91
-2.3
0.93
0.07
-0.52
-0.3
-2.22
-2.71
2.12
-0.02
-3.6
2.72
-3.1
-2.68
-3.22
-3.32
2.88
3.59
3.42
1.67
3.89
0.77
-3.33
-1.09
-1.94
0.68
-0.16
0.83
-1.3
0.53
3.04
-2.42
-0.54
2.6
-3.25
-2.12
3.02
-1.32
-2.03
1.78
-0.52
0.9
1.6
-2.59
3.84
-3.55
1.52
0.14
1.69
3.05
0.12
1.01
1.83
-1.34
1.17
-0.67
-2.98
-1.99
-1.99
2.8
3.87
0.96
2.59
-2.41
0.94
2.83
-0.74
-1.7
-3.43
2.91
-2.33
0.19
1.62
-2.37
-1.82
-1.01
3.17
3.27
-0.92
-2.4
3.17
3.7
3.15
-0.35
-3.6
-1.98
-0.25
-3.21
-2.58
1.43
-3.14
1
-3.33
-0.83
1.92
2.53
2.31
0.01
0.47
-2.99
1.2
-0.79
-0.43
2.79
1.38
3.94
3.4
0.19
-3.52
-1.82
0.16
-2.24
2.94
-3.6
3.63
-3.84
1.82
-1.07
-2.81
-1.08
-0.92
-1.53
-3.12
-0.85
2.05
0.68
-0.49
-1.56
-0.28
-0.34
0.68
-0.85
-1.21
-1.94
0.41
-0.05
0.13
-3.65
2.28
-3.54
-1.38
3.56
-3.69
3.24
-2.74
3.1
2.06
-3.74
-0.45
1.75
-3.29
-0.62
-1.18
-2.45
1.93
-1.28
-1.68
-3.59
-3.26
-3.3
0.42
0.96
-3.53
0.82
1.5
-2.99
2.97
0.87
0
-0.32
0.04
1.46
0.65
-3.28
-3.71
-0.48
-1.84
-2.35
-2.11
2.95
2.62
-0.75
2.9
1.97
-1.05
-2.7
-3.67
-2.76
0.14
-2.32
-2.38
-0.29
3.62
1.58
0.05
1.67
3.09
-0.51
-2.27
-3.76
-3.87
-2.82
0.26
3.87
-2.3
-0.75
2.73
-1.91
-2.74
-1.59
-3.44
-3.33
2.53
-2.2
-1.92
-2.83
2.07
-1.5
-2.13
0.2
-3.33
1.73
-3.27
-1.68
-1.95
-3.68
1.85
3.08
0.68
-1.37
0.44
2.68
3.92
-2.36
2.82
1.44
2.99
3.03
0.27
3.7
-1.42
2.24
3.98
-2.28
-2.89
-3.06
1.19
1.82
-0.5
-1.12
3.6
0.58
-2.39
1.54
3.58
-1.6
-3.56
-2.06
1.82
-2.62
1.41
3.66
1.42
2.64
1.98
-2.11
-3.24
0.88
-1.02
0.65
-1.82
3.05
2.24
-1.82
-2.38
-1.56
1.75
3.02
-2.8
-2.9
-0.87
-3.97
-0.43
-2.2
-0.97
3.86
1.06
-1.62
-1.93
0.41
0.99
1.04
-2.8
-1.12
-1.72
-1.08
-3.18
-2.66
-0.25
3.22
-3.82
-3.69
-1.17
2.86
-3.31
-3.46
2.35
3.43
-0.08
1.13
0.65
-2.57
-3.27
0.71
2.25
1.38
0.08
-0.38
-0.4
2.12
0.83
2.39
-1.2
2.58
3.66
1.14
1.84
-0.65
3.9
2.7
-2.39
0.41
-0.74
-2.01
-3.08
-1.18
1.2
0.72
-2.9
-1.52
-2.49
1.64
2.47
0.94
3.76
-0.44
0.31
0.49
0.64
0.91
2.85
1.21
1.75
1.64
-1.62
-2.21
1.51
0.25
3.21
-0.45
-1.29
-1.01
3.53
1.22
-0.48
-3.76
2.17
2.75
-0.21
-0.57
-3.83
3.37
-1.49
-2.89
0.6
3.2
3.93
1.87
2.82
0.09
-3.17
-2.66
2.72
-1.01
3.86
0.41
2.67
1.63
3.61
3.13
1.32
-3.05
1.52
1.56
3.78
2.53
2.11
-2.76
-2.58
3.52
1.4
1.56
-3.3
-2.8
0.73
3.48
-1.31
0.63
-2.97
-0.81
-2.13
3.65
1.43
-0.89
-1.29
-2.64
0.27
0.53
1.37
3.11
-2.43
-3.46
3.14
0.66
2.11
3.23
-2.15
0.96
-2.67
2.07
-2.92
2.68
0.45
3.31
2.7
-0.72
-3.36
1.51
2.26
-3.63
-2.29
-1.97
0.59
0.42
1.25
1.68
-0.48
-1.6
-1.16
2.42
-1.74
-2.42
-0.13
-1.69
1.94
0.86
2.43
0.04
-0.91
1.51
1.63
1.74
-0.71
-1.03
-1.9
-0.8
-0.81
2.13
0.42
3.44
-3.29
2.76
2.27
1
1.39
3.55
-0.05
-1.28
3.42
-3.57
-0.3
3.45
-1.88
-1.09
-0.19
3.51
-1.2
-1.87
-2.63
-2.16
0.85
0.6
-1.59
-3.25
-1.26
-0.02
2.74
-2.38
-1.68
-1.95
-1.52
1.4
1.99
-0.6
1.71
-0.5
-0.69
2.88
0.92
2.4
-3.1
-0.29
0.63
-1.34
-2.2
2.18
-0.38
-3.62
3.16
-1.41
-3.61
-2.94
0.76
-1.43
-1.42
0.12
0.34
1.52
-1.75
-2.59
-3.2
-1.68
-3.61
1.36
1.96
2.31
-2.54
2.72
1.21
-3.7
0.2
-0.07
1.21
-1.03
-3.07
-2.86
3.98
3.76
2.95
0.57
-3.64
2.36
-1.54
3.73
-2.34
-2.59
-3.36
-0.59
-3.19
-2.42
3.17
1.79
0.63
-0.49
1.6
2.58
-0.69
3.28
0.7
-0.5
0.72
0.9
-0.83
2.85
2.4
0.47
-0.15
-2.22
-2.37
-2.56
0.15
0.58
2.57
1.69
-2.95
-1.56
3.87
-3.33
-0.3
0.55
1.67
2.05
1.91
-0.38
-2.86
2.42
3.3
-2.3
1.38
-1.64
1.84
-3.31
-0.94
-0.55
3.85
-0.54
-0.81
-0.38
-2.67
1.2
1.57
2.86
-2.23
3.38
1.44
-1.42
3.22
2.94
-1.54
-0.85
2.72
-1.37
-0.43
-3.85
1.83
2.68
3
3.55
1.71
3.98
1.17
-1.86
0.4
3.28
-0.4
-0.55
-2.48
-0.89
1.85
1.59
3.26
0.24
3.34
2.51
2.98
2.81
0.27
2.53
2.19
2.56
3.2
-3.64
3.25
-1.78
-0.36
-0.8
1.12
-1.09
1.63
-2.83
0.47
-0.36
1.91
-2.65
-3.98
-0.58
-1.55
-1.51
-0.23
-2.01
-2.94
0.11
-2.91
0.87
-0.1
-1.53
-0.71
1.07
-2.83
3.03
-1.6
-3.54
-2.64
3.15
-3.22
0.8
-1.11
-1.82
-0.36
-3.61
2.33
2.61
1.49
0.67
-2.89
-0.39
2.34
1.99
2.48
-0.44
0.35
-2.23
-1.25
0.19
1.5
-0.92
3.27
-1.62
2.32
-2.84
3.91
-3.95
-2.27
2.6
2.77
0
-1.72
2.77
-3.44
-0.78
-3.48
-3.73
2.86
-0.62
-0.33
-1.55
2.62
0.42
-0.24
-3.71
0.14
1.31
2.6
1.61
-1.33
-3.37
1.71
1.17
-2.35
1.7
1.54
-3.49
-0.14
-1.53
-3.52
2.28
0.88
2.9
1.91
1.11
-2.67
3.57
1.42
-0.75
-0.97
0.07
-1.08
3.38
-3.48
-0.96
0.47
-1.16
2.62
2.03
1.02
-1.4
-2.55
0.12
-0.08
2.14
