-1
1.91
-0.09
2.5
0.51
2.89
2.53
-2.61
2.43
-2.42
2.84
2.3
3.53
-3.2
-1.82
-2.44
-2.29
-2.72
-1.67
1.66
3.98
1.11
-3.61
2.57
-3.54
-0.34
-1.23
3.58
-0.89
-3.49
0.16
-0.81
-2.4
3.68
1.35
-0.6
2.9
1.95
-0.29
2.51
-2.83
1.54
1.22
2.5
2.05
-0.58
-3.79
3.13
-3.27
1
2.44
0.07
-3.98
3.21
2.98
-2.33
1.51
1.34
2.03
-3.16
0.11
2.95
2.29
1.91
1.42
-0.36
0.69
3.85
-0.55
2.79
-1.34
-0.24
1.57
-0.17
0.48
-1.57
3.9
-2.11
-3.48
1.05
-0.55
-0.35
2.84
2.12
-1.92
-3.92
-0.83
-1.6
-3.3
-0.32
1.89
-2.44
3.92
-1.13
-1.61
-1.78
3.26
3.31
-2.93
-1.6
2.73
-3.63
-0.33
-2.05
-1.67
-1.33
2.5
0.2
-1.28
0.55
-2.22
-0.38
0.81
-3.02
1.4
-3.54
-3.89
-3.83
-0.18
1.34
-3.53
-1.71
3.14
3.78
-3.11
-2.9
-0.15
-1.3
-2.57
-1.74
-0.82
-3.42
-3.19
2.13
2.33
-0.93
3.98
0.88
-0.22
3.42
-2.42
2.97
3.68
0.16
-2.1
-1.73
0.75
2.94
1.47
-2.08
-1.89
3.09
-0.52
-0.26
-2.07
0.44
-2.77
-0.1
-2.94
-2.77
2.83
-0.2
-1.24
-3.54
-2.64
-2.81
-1.2
2.69
-1.34
-1.67
-3.52
-0.77
0.39
0.41
-0.25
-2.5
-1.39
-1.02
1.87
2.63
0.36
0.92
1.24
3.52
-3.85
0.1
1.1
1.07
0.19
-2.12
-2.16
0.08
-0.18
-1.45
-3.41
1.79
0.21
3.22
-1.21
-3.3
3.47
2.06
0.27
-0.86
-2.56
2.88
-1.31
3.07
4
-3.58
-2.17
2.25
2.03
-1.57
0.88
-2.1
2.56
-0.75
-3.7
1.27
0.1
1.73
-1.51
-3.23
-3.52
0.41
3.42
-2.16
-0.18
1.96
1.3
-0.61
-3.81
1.16
3.16
2.3
-3.36
-1.9
2.08
-2.72
-2.59
2.03
1.07
-0.23
-3.96
-0.41
2.06
-2.62
1.67
2.69
3.24
-3.04
2.91
1.52
0.61
-2.26
-0.44
-0.5
-1.35
1.04
3.47
-3.16
-0.75
-1.96
-0.87
2.45
2.05
-3.14
-0.72
2.58
-2.74
0.46
1.18
3.03
-0.14
2.07
-3.35
2.73
-3.28
0.89
2.35
2.03
0.17
1.14
2.73
0.34
0.48
-1.32
-3.46
1.41
-1.27
1.15
3.45
-2.96
-2.18
-3.43
-1.22
-0.97
-3.36
-2.4
1.55
1.19
2.1
3.1
1.43
-1.22
-0.21
3.88
-2.34
2.55
-2.92
0.84
-1.23
1.76
2.69
-2.57
0.67
2.11
-0.68
2.79
-2.04
-0.63
-3.69
1.87
-0.15
0.12
1.01
0.13
1.21
-0.71
-0.72
1.63
2.09
3.13
3.35
-2.84
3.93
1.08
3.72
-0.05
-3.45
0.6
-2.99
-2
0.33
1.9
-1.63
-2.31
-1.64
-3.62
-0.1
0.68
3.72
-2.15
3.64
-1.83
0.87
-3.78
-0.75
-2.7
1.77
3.66
-1.33
2.38
-0.74
-0.55
2.76
-0.35
2.41
1.52
-2.49
3.59
2.39
3.38
2.24
1.37
-1.65
2.32
-2.46
1.96
-2.26
-0.68
-2.23
0.83
3.39
2.61
1.92
0.23
3.49
1.18
0.3
3.7
-2.17
2.41
2.18
-3.1
-2.07
-1.36
2.75
-3.13
3.14
2.73
-0.72
0.84
2.88
0.32
2.29
-3.67
-0.39
-1.73
3.82
2.56
2.69
1.29
3.57
-1.55
1.88
1.84
2.99
0.65
1.54
-1.48
0.17
-2.77
-2.78
-2.19
1.75
3.99
-2.81
1.34
-0.57
3.72
3.57
-3.34
2.82
-0.99
-3.97
0.94
1.96
-0.94
-3.68
1.58
-3.38
1.21
1.37
1.74
-2.99
0.54
2.84
-0.27
-0.98
0.09
-0.35
-1.91
-0.66
0.62
-1.44
-1.96
-0.38
1.06
2.58
2.3
3.15
2.28
2.84
-3.9
2.99
2.03
2.48
0.56
-1.59
-3.06
3.89
-0.08
0.33
3.97
-2.1
2.96
-0.13
-0.52
-3.2
-2.8
-2.86
1.47
-1.69
3.35
0.06
1.48
1.33
-1.81
-3.55
2
-2.68
-3.11
0.49
-1.98
2.44
-1.66
2.37
1.27
2.76
-1.02
2.07
-1.72
-2.69
-1.92
0.21
3.74
1.77
-0.62
-1.28
-0.4
2.18
-3.87
0.26
1.37
1.16
-2.33
-0.04
3.5
0.04
-2.49
-3.31
0.28
0.1
0.42
3.62
2.99
3.44
-1.7
-2.48
3.56
-3.41
2.61
0.73
1.82
-0.86
2.86
0.15
-3.77
-0.87
0.33
3.72
-2.05
3.48
0.85
3.82
-2.82
0.64
3.13
0.86
0.76
2.38
2.87
-2.78
1.25
-1.71
-2.22
2.19
0.9
-1.54
1.22
-3.7
-0.54
-2.15
-0.84
-0.99
3.58
-0.59
2.44
-1.78
2.31
1.52
-0.27
0.37
3.72
-2.2
2.75
0.8
3.26
0.6
2.43
-1.65
-3.7
1.45
0.76
-2.83
-2.28
1.38
3.49
-0.47
-2.64
-3.33
3.26
1.77
1.92
0.03
0.25
-3.9
0.32
-2.16
-3.76
1.78
2.2
0.9
2.56
3.25
-1.35
-1.5
-2.49
-0.55
-0.46
0.98
2.93
-3.71
0.03
-1.14
4
2.01
1.09
-2.02
-2.72
-1.81
-0.08
-1.09
-3.14
1.63
2.27
1.97
2.45
-0.31
1.55
2.65
-3.52
1.41
0.36
-3.35
0.16
-0.6
2.89
1.52
2.53
3.23
-0.13
0.04
3.99
0.38
-2.26
2.96
-2.27
-0.95
0.03
2.24
-0.99
-1.66
-3.45
2.05
-2.15
-0.72
0.03
-3.08
-3.03
0.69
0.05
1.82
1.9
0.9
0.49
-2.49
-0.07
-0.62
2.71
0.59
3.13
3.57
-0.55
-1.94
2.32
3.89
-1.07
0.48
-0.11
3.32
0.23
-0.6
3.66
3.31
-0.37
2.15
0.86
2.32
2.8
-3.13
3.37
1.97
0.54
-2.16
-0.83
2.06
2.14
-0.91
3.89
-3.78
-0.98
2.36
0.35
3.44
3.12
-0.56
2.89
2.49
3.73
-2.03
-3.65
3.56
1.04
-2.34
-3.54
-3.35
2.16
2.6
-2.74
2.35
0.66
1.62
0.59
1.83
1.22
-2.84
-0.98
-2.39
2.9
-3.74
-2.25
3.84
0.59
-0.34
0.29
1.87
3.06
-3.79
-3.82
-3.82
3.27
2.37
2.6
0.83
-3.48
3.82
-3.08
-1.12
-2.62
-1.48
3.9
3.55
-2.18
-2.46
-0.44
1.4
-2.23
2.53
-1.78
1.96
-3.59
1.27
3.6
3.46
-3.79
-3.49
-1.04
-2.63
1.37
-1.41
-2.41
1.95
2.41
-2.93
3.09
2.3
3.03
3.77
1.31
1.4
-3.77
-3.86
-3.77
0.37
-3.63
-1.79
2.02
-0.95
-3.91
2.89
0.1
-3.47
2
-1.77
3.77
-2.01
2.77
3.14
0.61
-4
0.86
3.56
1.51
2.79
-3.08
-2.06
-2.87
-3.26
-1.54
1.27
2.38
-2
-2.79
0.82
1.73
-3.73
1.04
-0.78
3.08
2.01
-1.5
3.91
-2.73
2.48
2.5
-2.94
3.95
0.18
-2.7
1.09
3.53
3.89
-0.85
1.3
-3.46
-3.32
-1.37
-2.55
-0.55
2.43
-2.93
1.27
-3.41
-1.17
-3.49
-1.91
3.32
-2.82
0.51
3.5
0.96
-0.46
-3.95
2.6
1.5
0.96
2.28
3.03
-3.71
3.86
-2
0.96
3.45
1.37
1.75
2.49
2.86
-0.08
0.28
1.04
1.64
-0.41
3.78
-3.36
0.94
1.23
3.32
2.45
1.97
0.4
-2.25
2.76
3.67
-2.19
-3.87
-0.02
3.83
0.56
3.81
-0.42
-1.6
-0.4
-2.85
-0.41
0.43
0.11
1.83
-0.78
1.08
-1.97
-0.76
-0.6
0.91
3.47
-2.15
-2.63
-0.23
3.42
-2.34
-3.74
1.64
3.83
-2.94
-0.11
2.11
-0.75
1.3
1.63
1.24
-2.24
2.66
-1.71
0.12
-3.31
-1.36
-1.96
-1.57
0.19
0.22
-3.18
3.41
0.09
-2.64
-0.06
-2.84
2.36
-2.15
-3.8
3.97
2.76
-3.79
-3.59
-1.1
3.54
1.95
-1.43
-1.46
1.27
1.48
-2.82
2.82
-3.81
1.99
-0.69
-0.63
-3.06
3.29
0.22
0.83
3.82
2.95
3.59
-0.81
-3.17
-3.14
-2.46
2.47
1.13
-1.28
3.76
-2.61
1.09
1.67
2.48
-2.45
2.24
3.4
0.58
-1.25
-3.94
3.51
1.16
2.71
-0.96
-1.99
3.21
2.11
2.05
-3.44
-3.79
3.07
1.64
-0.63
-3.86
3.82
-3.38
1.22
-1.94
2.67
0.4
0.11
1.41
-1.45
1.72
3.79
-2.28
-1.47
3.51
-2.24
1.13
-2.46
-1.3
-2.54
0.76
-3.69
-2.22
-3.13
-3.85
2.83
-2.35
-0.56
-3.59
0.56
-1.5
-3.32
-0.24
-2.28
1.52
2.66
-3.08
-2.98
1.34
1.92
2.36
-0.04
-1.91
-1.39
-3.02
-0.74
-3.72
0.68
2.6
0.29
-0.56
2.67
0.37
0.17
2.62
3.84
2.04
3.76
1.07
-0.77
1.01
-3.05
-0.3
-3.15
-3.96
1.03
0.02
-4
1.01
-3.15
-3.17
0.11
0.21
0.79
-0.89
-3.2
2.22
3.18
3.9
0.9
2.54
0.98
0.84
0.12
-2.88
-0.17
0.32
3.59
-0.89
1.69
-3.38
-2.83
-0.05
-1.9
-3.1
1.4
-3.75
-2.76
-1.43
-0.05
3.24
-3.72
3.67
1.75
-0.55
3.34
-1.54
3.59
-2.95
1.81
-2.39
2.86
3.87
-3.83
0.7
-3.98
0.12
3.58
3.73
0.21
-3.29
0.43
0.9
3.33
-3.78
3.67
-3.85
-1.89
-0.12
1.72
-3.46
0.98
0.61
-0.06
1.67
2.26
1.32
3.1
-3.34
-2.21
-2.63
0.73
2.54
1.3
0.07
-2.24
-2.69
-0.22
1.41
-3.13
-2.73
-3.32
-2.49
2.36
-0.77
-1.2
-0.61
-3.67
1.52
-0.21
3.18
-3.65
-0.3
-0.66
1.26
0.64
-1.75
-0.08
-1.49
2.44
-1.29
1.03
2.91
1.94
-1.17
-0.01
1.9
3.6
-0.74
2.46
2.35
0.38
0.7
-0.99
0.44
3.87
-0.53
2.25
-3.3
-1.14
-1.13
0.98
-2.43
0.87
-1.39
-2.98
-2.97
-0.81
-3.97
3.44
3.52
1.39
-2.73
2.97
2.16
0.25
-2.23
-0.43
-0.47
3.25
0.9
-0.21
1.08
3.06
1.45
-1.2
-0.35
-3.31
2.9
1.4
-2.83
0.01
-0.78
3.65
-0.43
1.73
-0.55
-1.97
-0.68
-2.2
-1.05
-1.3
3.57
-0.17
2.95
-3.05
-0.9
1.74
0.85
-3.81
2.09
3.9
-1.29
-2.55
1.97
3.09
3.91
-1.49
3.43
3.82
1.38
-3.67
0.3
-1.37
2.26
-0.49
-1.83
-2.38
-0.6
-3.57
-3.21
3.75
-3.75
-2.28
0.29
-1.81
0.23
-2.75
-3.89
0.49
3.7
1.92
-0.16
2.71
3.32
-2.72
-2.71
-2.23
-2.32
0.49
1.83
-3.06
-1.4
-0.49
0.43
-1.38
2.41
0.93
1.57
-0.56
2.79
-2.52
-1.67
0.42
3.4
2.35
3.64
-3.01
1.16
-0.23
-1.15
2.65
-1.6
-1.06
-3.88
3.47
0.5
1.6
-0.68
0.98
-1.79
-3.6
3.95
2.92
-1.39
3.86
1.14
0.75
1.3
-2.33
-0.21
3.3
-0.31
0.67
1.7
2.22
-0.42
3.43
3.31
-3.03
-2.36
-3.7
0.61
1.92
-2.37
3.18
2.54
3.67
-0.61
0.97
2.12
-3.19
-2.39
-3.42
-2.78
2.39
-2.47
-0.59
-2.2
3.55
-2.8
-1.11
-0.3
-0.52
3.98
-0.44
-1.04
1.73
1.24
-2.1
-0.12
1.07
2.3
-1.66
-0.66
-2.09
-0.21
-1.97
1.29
-0.57
-2.69
1.47
-2.64
-3.68
-0.45
-1.02
1.69
-0.9
-0.55
3.32
0.68
-3.83
1.62
3.76
3.77
2.75
0.6
-2.87
1.94
2.08
0.21
-3.19
-1.57
-2.52
-2.91
-2.95
-1.49
3.27
1.24
3.31
-1.4
3.51
2.13
2.37
2.24
-0.26
-2.47
-0.63
3.93
1
1.87
3.86
-1.72
1.93
1.22
-0.29
3.45
2.54
-1.42
0.6
1.32
-1.34
0.09
3.22
3.23
-3.5
-0.96
3.88
3.24
-1.5
-3.54
2.42
1.87
0.14
0.71
1.18
-1.96
3.25
-2.48
0.02
1.21
-2.77
-2.8
-3.07
-3.8
0.36
2.53
0.5
0.26
1.38
-2.4
-0.03
0.69
-3.36
-2.01
3.95
-0.59
2.91
3.15
1.73
-3.3
-2.34
0.14
1.43
0.54
3.46
-2.01
2.14
-2.79
-3.96
-2.34
-3.81
1.02
2.56
3.39
0.08
-2.55
-0.85
3.02
-1.14
-2.03
2.54
-0.38
-2.15
-3.1
0.49
-2.27
1.23
-1.85
0.77
-2.24
-0.87
-3.9
-0.21
-0.68
-0.45
1.1
-0.22
0.4
-3.25
-1.64
-3.61
-0.71
0.21
-0.28
-2.6
2.96
2.14
-2.75
1.91
2.49
-3.75
3.9
0.28
-0.24
-1.84
2.04
-1.72
0.52
-3.96
1.72
0.77
-0.01
0.44
2.29
2.53
-3.91
-2.78
-0.77
-0.16
2.99
1.68
2.76
2.26
-3.5
-2.42
-0.75
3.41
2.14
3.5
1.54
-0.4
-0.03
0.24
2.29
-2.5
-0.76
-0.18
-3.97
-2.85
1.51
-1.19
3.26
0.35
-0.97
1.6
0.4
2.85
1.93
1.2
-2.7
1.73
-1.1
1.41
2.92
-3.2
-2.5
-2.37
-0.22
-1.83
2.92
2.64
0.14
1.03
-1.49
-1.88
-3.21
3.76
2.16
0.79
-0.71
0.28
-2.81
-1.93
2.34
0.18
2.42
-1.6
-0.77
-1.1
1.18
0.4
-2.52
-3.06
2.2
3.82
-3.31
2.57
1.32
1.48
4
-2.4
-3.96
1.86
-1.77
2.87
2.67
-1.77
-2.16
-3.1
0.81
0.65
-3.31
-2.87
-2.1
1.03
0.53
-3.18
3.07
-1.26
-1.62
3.11
2.41
-3.12
1
-1.48
1.15
-0.8
2.83
-1.31
-2.57
-1.78
-1.57
-3.33
0.79
-2.32
0.24
-0.67
3.85
3.47
1.51
0.19
-3.45
-1.68
2.09
-3.48
-0.29
-3.66
3.04
-2.84
-0.72
3.87
3.5
-1.43
-0.91
-3.11
-0.8
3.16
-3.14
3.72
-2.28
-0.53
-0.6
3.15
3.48
-1.42
-1.79
-3.99
0.34
-3.79
-3.21
-2.8
-3.02
3.61
1.24
2.2
2.55
0.08
-1.21
0.47
2.81
0.8
0.17
1.67
3.42
-2.44
