0
-3.22
0.45
-2.79
-2.39
-1.65
-0.42
1.33
-0.56
0.49
1.22
0.31
3.36
-3.59
3.37
2.47
0.09
0.92
-2.62
1.69
-1.69
-2.53
0.21
-2.54
3.79
1.12
2.36
3.28
3.62
3.07
-1
-2.57
-0.24
-2.9
-0.95
-0.2
2.74
-1.42
-1.99
0.49
-1.59
-3.94
-0.41
1.05
-0.38
1.05
-0.48
-1.41
2.1
-2.86
1.15
-1.05
3.07
-1.32
-0.58
2.66
0.69
2.69
-1.39
1.72
0.27
-1.47
-2.33
2.6
-0.75
-2.08
0.71
-3.39
2.59
1.3
-1.14
2.65
1.89
3.34
2.68
-0.23
-0.23
1.2
-2.91
-3.42
3.42
-0.17
-3.04
2.8
-3.17
-3.57
0.2
-0.86
1.38
2.21
2.93
-3.83
1.52
-1.41
-3.12
0.06
-3.89
3.26
-2.77
-3.46
0.5
1.28
0.16
-1.13
1.66
-3.48
-3.14
-1.73
-0.62
0.64
3.94
-0.91
1.78
3.11
-2.8
-3.03
0.49
1.61
-3.15
2.05
1.92
-0.59
