-6
3.72
0.2
-3.36
2.55
-1.05
-3.32
2.37
1.02
2.01
-1.06
-3.33
-3.66
-3.7
-0.27
-0.65
-0.23
1.21
1.96
-1.5
-3.61
-0.75
3.62
0.95
-0.97
-0.41
3.69
3.65
-1.05
-1.74
-1.7
1.37
1.91
1.3
-1.47
-0.51
0.63
2.67
0.63
1.96
2.24
2.08
-1
2.54
0.04
-2.5
3.68
1.52
3.27
1.14
-2.8
-3.12
3.57
-1.82
2.46
3.97
-3.9
3.25
1.62
-1.05
-0.73
-2.97
-0.59
-1.25
-0.3
1.58
-1.23
-0.95
1.78
-3.77
2.73
1.1
-3.43
-4
0.27
-1.68
-3.75
-2.93
-3.1
-2.48
-0.08
-1.84
-3.63
1.82
-2.94
-2.58
1.8
-0.28
2.85
-1.43
-0.61
1.39
-2.95
-2.32
-1.31
1.2
-1.34
-3.76
-1.17
2.47
2.74
0.62
3.75
3.03
2.42
0.1
-3.7
3.57
1.92
0.14
3.71
3.03
2.34
0.09
3.03
-2.9
-3.34
1.6
-2.31
-1.72
3.78
3.05
0.21
-0.79
0.85
-2.67
0.05
2.9
1.32
3.07
3.67
-3.99
2.25
-1.56
-1.21
3.31
-1.58
-2.66
3.4
0.96
-2.89
2.23
1.81
-1.29
-1.14
0.37
3.06
0.96
-1.34
-2.42
0.54
1.07
2.56
-3.46
2.7
3.69
-3.59
0.54
-1.82
1.08
-3.95
-2.59
-1.75
2.85
0.47
3.69
-3.22
-0.1
-2.7
3.73
2.68
3.32
2.2
0.73
-2.83
-2.45
-2.76
-2.5
-3.66
-3.52
-1.72
3.09
0.24
-0.27
-1.47
-1.41
-2.54
1.7
-0.25
-0.9
2.89
1.89
3.17
-1.68
0.9
3.7
-0.02
2.97
2.24
-0.83
-0.42
-0.84
-0.34
-1.06
-1.1
1.22
2.88
-2.18
3.38
1.14
2.45
2.92
0.19
-2.3
-1.21
-3.03
1.17
2.52
0.31
-2.12
2.23
-0.92
-3.86
2.2
-3.17
-3.21
-3.86
-0.13
3.84
-2.53
1.57
-1.73
-0.73
1.17
0.9
3.13
-0.57
-2.7
-3.17
1.31
-0.28
3.64
2.33
2.61
0.66
3.97
-2.31
1.47
3.53
-0.07
-1.48
1.46
-1.34
0.35
0.95
-3.51
-0.99
1.46
-1.9
-1.89
1.08
-1
-2.02
1.9
3.57
0.17
-0.35
3.03
0.8
-0.33
1.54
-0.13
1.69
3
2.17
2.59
0.76
-2.46
-2.46
-3.13
3.1
-1.32
0.34
-0.1
2.95
-3.89
3.62
2.92
-3.79
0.4
0.12
1.98
3.21
2.73
-3.77
-3.29
1.65
-3.58
3.04
-3.52
0.31
-1.34
-3.34
-0.14
2.39
2.66
3.78
-0.34
2.19
2.36
-0.26
-2.54
-0.08
-2.77
-0.99
-1.61
2.67
2.09
2.95
3.46
0.56
0.74
2.81
-3.6
3.55
3.57
0.67
2.97
2.77
1.45
-3.07
0.34
-1.49
-2.95
0.56
0.43
-1.99
-3.53
1.52
-3.71
-3.67
-0.04
-3.27
-2.14
-3.34
-1.35
-1.95
1.98
-0.29
1.85
-1.95
3.57
-2.52
3.58
-0.07
3.58
-0.14
-3.74
0.32
2.83
-2.01
-3.19
0.89
-3.27
1.42
3.4
2.96
-1.14
0.67
2.58
-3.63
2.19
-3.43
2.65
3.12
-3.41
0.01
0.95
3.74
0.89
1.51
2.7
-0.75
-3.08
-0.6
-2.63
-1.15
-1.07
1.12
0.98
-3.43
-2.25
0.16
2.69
2.31
3.53
3.07
4
0.44
-2.74
-0.3
3.19
-2.7
1.13
1.47
-0.14
3
-1.17
-3.55
-0.67
-0.43
2.91
-3.48
3.43
-2.69
-0.71
1.56
-0.03
1.33
0.05
0.55
0.02
1.74
3.69
2.01
2.63
-1.98
-2.12
-3.66
3.59
-2.47
0.01
-3.5
2.48
-2.81
2.32
1.39
2.12
-0.55
3.54
-1.63
-3.98
-1.53
-2.22
-2.59
-2.34
-2.78
0.74
1.38
-0.99
-2.03
-0.91
-1.33
-3.61
0.72
3.69
-2.56
-2.39
3.13
2.85
-2.16
1.12
-1.51
-3.13
-2.2
3.56
2.41
-1.95
2.24
-1.01
1.91
3.45
-3.49
1.79
-2.33
0.53
-2.46
-0.04
2.28
0.34
1.41
1.29
0.5
1.34
1.62
2.44
-2.66
-3.89
-2.24
-2.49
0.87
-0.22
3
0.61
1.7
1.26
1.53
-2.4
3.99
-2.15
-0.74
3.17
2.51
-1.61
1.11
-1.47
-1.42
0.88
2.72
-3.81
2.14
1.49
-0.66
-1.21
-2.56
0.56
-3.38
1.16
-0.75
-0.63
2.22
2.29
-3.71
0.72
2.12
-1.88
-3.55
-0.09
-3.91
0.42
3
3.94
-0.03
0.42
-2.93
2.24
2.79
-1.9
-3.78
-0.91
-0.14
0.46
-2.61
-2.43
-0.63
3.39
-3.56
0.2
-0.83
-2.86
0.63
-3.63
2.36
0.61
-0.36
0.97
2.88
-2.22
0.28
-1.02
-1.93
2.67
0.79
-1.7
-2.81
2.2
-2.48
2.92
-2.29
-0.8
1.77
2.52
0.93
-3.85
3.52
-2.25
0.9
2.73
-2.65
2.74
-2.32
0.25
-3.27
2.95
3.79
2.62
-2.42
3.37
-3.22
0.1
3.36
1
1.83
1.25
-2.99
1.19
3.68
3.1
-3.63
1.18
1.86
-2.48
-1.52
3.97
-0.63
2.12
-0.55
2.2
1.1
-2.12
-3.93
-3.86
-3.57
1.55
-2.7
1.83
1.94
1.84
-1.49
-1.43
0.62
-1.85
2.14
1.62
-0.16
-3.23
-3.31
3.68
3.14
-1.67
-1.92
1.81
2.36
0.18
-3.13
-3.85
-2.24
-3.24
-0.42
-2.33
-0.83
-0.62
-1.74
2.9
0.03
3.22
0.57
-3.72
-0.05
-0.81
3.25
-2.17
0.58
1.8
-3.45
-0.29
-0.61
0.87
0.12
-1.4
1.43
-0.23
3.07
-1.24
3.81
-1.74
-2.21
0.26
0.67
-2.86
0.07
1.17
-1.74
-3.16
3.41
-2.76
3.89
3.24
-2.41
0.63
0.2
-3.6
-0.27
-0.05
-0.92
-3.76
-2.78
-3.45
-0.38
1.17
0.77
0.9
0.64
-3.03
0.24
3.4
0.32
3.51
3.1
-2.24
1.42
-3.69
-0.39
-1.2
3.13
-1.93
3.58
-0.26
2.39
3.32
-0.18
0.16
-0.72
3.49
2.4
1.02
-3.97
-0.89
3.69
3.56
-2.97
-2.77
-3.37
3.51
0.38
3.17
-3.47
-2.72
0.6
-4
0.92
-3.62
-3.87
3.83
3.22
-0.11
0.8
-3.08
0.83
-2.99
-3.33
1.49
-1.83
0.3
-2.65
-3.4
-2.39
1.15
-1.42
3.23
3.36
-2.8
3.82
3.55
-3.28
0.18
3.68
0.11
2.43
3.96
-2.46
2.29
3.14
2.38
-1.61
-0.57
0.02
-0.55
-3.73
-1.5
-3.78
3.12
2.28
2.67
2.89
-0.45
3.07
0.34
2.16
-0.23
1.56
-0.62
2.71
1.38
-3.35
-0.28
-3.44
-3.41
3.1
-0.97
0.22
-3.32
-1.51
0.88
3.47
-1.62
2.35
-0.21
-2.09
1.93
0.59
2.16
0.88
-3.92
3
-3.76
-1.08
-2.85
-3.35
1.18
1.11
-0.67
1.96
-1.34
-1.6
2.16
3.59
-2.24
1.73
2.68
-1.14
-0.57
0.36
1.24
2.28
3.54
0.62
-2.6
3.2
0.5
1.2
-0.72
-1.58
-3.77
3.18
3.4
2.51
2.63
2.38
-3.6
-3.21
3.42
3.94
-2.08
1.93
-3.12
-1.27
3.84
-1.52
-2.69
-1.2
0.59
2.06
-0.76
-0.94
-2.84
-2.2
3.64
-2.2
3.46
-0.37
-2.49
-2.05
0.16
3.98
-2.17
-3.09
1.72
-0.52
-1
3.66
-3.04
-0.62
1.33
1.88
-0.56
-0.51
-1.57
3.32
1.4
0.8
0.78
2.93
1.89
-2.3
-3.39
1.22
3.19
1.17
2.02
1.59
2.87
0.82
2.92
0.77
3.28
1.47
-0.22
-2.06
0.09
3.98
1.01
0.35
3.48
-2.35
-2.16
-2.79
-3.27
1.36
3.63
1.67
3.37
-3.68
0.41
-1.34
2.85
-1.41
0.06
-1.54
3.37
0.61
-2.28
-3.45
1.47
1.41
-3.22
0.14
0.46
-3.45
2.6
1.98
3.71
-3.52
-0.78
1.42
3.79
-3.57
3.46
0.24
3.86
3.41
0.49
-2.17
1.55
-3.66
2.22
2.55
-3.59
0.26
1.93
0.69
-2.59
-2.68
-1.42
3.49
2.26
0.46
2.89
-1.94
-3.13
1.71
0.75
-3.83
2.76
-2.35
1.96
2.89
1.1
2.99
-1.13
2.42
-0.86
3.83
-1.4
3.97
-3.88
3.89
-0.99
1.12
3.19
-1.77
-0.28
-3.81
-1.37
-2.09
0.56
2.39
1.91
-0.26
3.17
-0.67
-2.45
1.39
-0.63
-1.85
-1.35
0.31
-0.93
-0.1
-1.62
3.34
-2.55
-2.57
-2.61
3.51
-2.45
-2.42
2.73
-1.38
3.36
2.37
-2.55
-2.24
-1.13
2.64
-2.02
0.55
1.54
0.85
1.09
3.58
-3.03
-2.65
3.83
3.54
0.87
1.75
0.45
-3.56
1.31
-0.18
0.81
3.12
-1.27
3.86
-3.22
-1.72
2.81
-0.88
-3.64
-1.03
3.67
-0.71
0.39
-3.21
-2.12
3.79
-1.49
0.74
-3.84
2.11
2.77
2.23
2.81
-1.19
2.36
-3.91
-2.4
-2.15
-1.36
-0.2
1.14
2.28
1.31
-0.46
-2.45
-1.66
3.04
-0.98
1.85
3.7
1.75
-1.58
0.49
-1.89
3.92
1.69
0.97
3.04
1.66
1.08
-0.76
3.72
-3.73
3.21
1.05
2.59
-3.7
3.93
-2.51
-3.31
-3.32
0.95
-3.52
0.56
1.84
-2.61
1.98
-3.16
3.24
3.55
-3.26
3.49
2.89
-3.53
-3.65
0.35
-2.26
0.7
-1.1
-3.34
-0.88
-1.43
0.2
1.56
-3.44
1.42
2
2.11
2.49
-1.03
-1.96
3.12
-2.47
1.15
3.02
-3.21
-2.07
3.93
0.27
2.52
3.72
0.12
3.8
2.12
0.34
-0.25
-3.18
3.81
2.85
-3.3
0.84
-0.4
1.02
-3.18
1.57
2.11
-3.25
-1.08
0
-3.58
-0.61
3.87
-1.64
0.26
1.5
-2.37
1.96
-2.26
-2.55
3.57
-1.59
-2.19
-3.58
0.38
-3.05
3
-1.22
2.08
-2.78
0.81
0.59
2.19
3.26
1.79
2.13
2.44
-1.91
-3.3
3.58
-3.09
-3.96
3.02
-0.07
-0.16
-0.87
3.85
-2.24
-0.46
-3.39
-1.3
1.79
3.09
2.36
3.29
2.29
-0.97
-0.83
-3.36
3.88
2.58
-0.67
-1.33
-2.31
3.19
-0.16
1.2
-3.4
0.57
2.13
3.07
3.54
1.26
-1.84
-3.47
3.53
-0.6
1.89
0.59
-2.75
-2.9
1.24
3.24
1.47
2.53
3.03
1.5
3.84
3.98
3.51
-0.9
-0.74
-2.55
-3.17
-3
1.59
1.37
1.32
0.74
-4
1.93
3.24
1.2
1.41
-2.46
-0.83
-3.47
0.92
1.82
3.77
-1.11
1.14
2.59
3.4
2.77
-2.67
0.09
1.21
-0.83
-3.84
2.34
1.36
-3.37
1.07
-0.98
-0.2
2.08
0.42
-2.84
-1.05
-1.85
2.08
-2.86
0.58
-0.68
-2.14
-3.96
-2.17
-0.08
-0.65
2.49
-3.43
-1.98
-3.79
0.61
1.97
0.68
-1.94
-1.94
3.67
-2.5
-3.84
-1.85
0.58
-2.33
-3.44
2.61
-3.88
-1.62
1.75
1.09
0.11
-0.24
-1.14
1.61
0.81
-0.01
-1.99
0.07
0.9
-2.71
-1.75
-2.72
3.82
-2.33
1.76
-0.66
-3.59
-3.55
1.06
3.13
0.02
-1.64
-2.51
-2.55
-2.02
-0.07
0.57
-1.09
-1.25
-0.74
3.92
3.45
2.18
2.27
-1.62
0.82
3.16
-1.4
3.81
-2.03
-1.33
1.99
1.16
2.37
3.25
2.89
-1.67
-1.1
-0.09
1.23
2.19
3.68
1.33
2.62
-2.94
-2.26
-1.73
-2.59
-0.37
-3.12
3.43
3.1
-2.68
-2.36
-2.62
-1.2
-0.89
-2.45
3.3
-3.06
0.18
1.81
-3.35
-0.91
0.46
2.03
1.21
-0.88
-1.8
-0.9
-2.4
-2.33
3.01
1.53
1.07
-3.76
-1.88
3.56
1.21
-3.37
-1.46
1.75
2.98
2.93
-1.45
-0.43
0.67
-0.49
0.99
0.44
-0.23
-3.22
-0.39
-1.04
-2.96
-3.62
3.02
-1.77
-1.84
-0.97
0.54
3.15
3.21
-3.47
3.28
1.75
-3.91
-0.21
0.58
-2.87
-3.32
-0.44
0.35
2.67
2.41
2.43
2.84
-2.28
-3.46
-3.12
-2.64
-2.31
2.13
1.77
3.33
-3.18
2.07
0.04
0.48
0.69
-2.78
3.89
1.4
-1.83
0.09
-0.61
2.55
2.44
3.65
0.8
-0.52
-3.13
2.94
-0.14
-0.24
-3.79
0.44
0.95
0.56
-1.39
-2.46
1.3
-2.31
-2.73
-2.33
-1.15
-2.98
-2.56
-2.8
2.46
3.69
0.05
3.31
3.89
3.92
-3.21
2.16
-1.83
-1.43
-0.99
3.89
-3.61
-1.92
-0.26
1.41
-3.52
-1.25
-1.73
-1.99
3.12
0.39
-2.89
3.48
-2.13
-0.85
-0.07
2.2
0.12
-3.5
-2.77
-1.63
1.1
1.24
-2.82
1.11
3.43
-2.43
3.05
-0.05
-1.04
-1.95
-1.74
-1.63
-2.45
-1.28
-2.86
-0.79
1.95
-0.13
-2.82
-3.91
2.76
3.44
-1.91
-1.93
2.58
0.57
1.44
0.74
-0.02
-1.41
-1.96
-2.33
-2.67
-3.37
-1.22
-0.84
-3.11
2.64
1.98
2.92
-0.29
2.33
3.05
1.06
-1.88
2.75
1.93
3.15
-2
-3.29
-3.76
-3.76
3.32
-2.87
-0.38
1.67
-0.85
3.12
2.54
-1.15
0.13
-1.7
3.97
-3.64
-4
-3.42
-2.97
-3.09
3.95
1.99
-1.68
3.32
1.9
-1.74
0.39
-3.58
-3.62
1.03
3.95
3.83
2.65
2.3
-1.26
-0.73
-1.65
-2.21
-1.64
-3.8
1.02
1.11
-4
-2.22
-3.9
-0.88
-1.21
-2.6
2.36
2.68
1.05
-2.46
1.71
1.01
3.2
0.02
2.4
-3.07
-1.65
1.05
0.74
-0.81
1.29
2.13
3.17
2.71
0.21
1.83
3.57
0.7
2.02
2.22
2.23
-3.17
-0.1
-1.17
1.98
-3.47
3.21
-1.23
3.48
-1.01
-1.93
-2.29
3.98
2.41
-1.89
-2.37
3.1
2.72
0.87
-2.59
3.45
1.31
-0.54
-2.18
3.83
-2.12
-1.39
-2.61
2.92
0.96
-2.17
-2.34
-3.35
2.84
-0.69
0.88
-2.89
0.37
2.04
1.86
-2.28
3.59
1.58
-2.25
-2.88
-0.43
2.15
-3.25
0.6
-1.42
2.73
-3.15
3.83
0.6
2.77
-3.09
1.38
-1.93
-1
0.1
