-2
1.54
-0.68
2.06
2.86
-1.49
0.58
0.24
-0.33
-3.92
-0.36
3.5
3.9
0.91
-2.39
0.56
3.56
-1.22
1.97
2.37
2.92
0.87
-3.17
0.27
0.76
-3.74
1.58
-3.13
-0.14
2.52
-1.2
-1.2
-3.58
-3.42
3.19
2.33
-0.95
1.2
3.38
-1.56
-1.13
-1.63
3.54
-3.64
1.17
3.98
1.4
-2.64
-2.89
-2.98
3.44
3
1.81
-2.66
3.87
-2.53
0.7
3.05
-2.71
2.59
0.94
-0.3
-3.63
1.15
1.28
-3.16
3.07
3.32
1.72
-0.72
-2.49
-1.65
-0.59
-0.48
-0.51
0.55
1.33
-3.53
3.1
0.79
-1.13
0.22
3.77
-1.17
3.09
-0.19
0.99
3.08
-3.29
1.72
-2.37
0
-0.09
-3.22
1.51
3.17
-2.01
-1.61
-0.92
0.33
-3.1
2.09
-0.36
1.84
3.52
1.08
-0.42
-1.71
1.86
-0.68
0.14
0.23
3.96
0.51
-0.28
-3.28
-0.06
1.54
2.07
-2.53
-0.15
4
2.6
-4
-2.36
1.51
2.45
-1.38
2.01
0.32
-1.45
-1.06
1.39
-1.23
-0.12
0.79
-3.42
-2.08
-0.68
-2
-3.78
-1.3
-2.78
1.4
-2.43
1.41
0.05
3.4
1.06
0.79
-0.78
0.46
0.33
-2.39
-3.53
-3.09
3.49
-0.37
0.19
-1.99
2.63
-3.04
0.28
-2.47
-3.24
-2.8
2.85
1.18
-3.38
2.94
-3.87
-1.99
-1.78
0.06
-2.76
-2.86
2.77
-2.8
2.44
0.24
-2.54
3.05
1.56
-2.79
-2.9
2.1
2.62
-0.23
-1.7
-1.04
1.3
0.95
1.74
-2.69
-0.63
3.27
2.43
3.7
0.64
-3.64
2.56
2.88
2.77
2.13
0.65
-2.8
-1.76
-3.74
-3.63
3.33
-1.85
2.29
1.19
3.95
-3.46
3.59
-0.6
-0.94
-3.57
-1.34
-1.41
-0.93
-1.12
1.67
-2.36
-0.81
0.28
-3.09
-3.32
-2.03
-1.28
3.07
0.56
2.08
1.68
-1.41
-3.72
3.44
0.57
3.9
-0.15
2.35
-0.6
-1.03
-3.19
3.02
3.77
1.8
-3.24
-0.21
-0.13
-0.64
3.27
-2.03
1.78
-0.51
-0.01
-2.9
0.49
-2.54
0.93
-2.67
3.59
2.4
0.6
-0.92
-2.28
3.11
-1.74
1.96
3.31
-0.04
2.5
-3.47
2.81
0.25
3.68
3.91
0.85
-1.38
-0.58
2.48
-3.86
0.89
2.11
3.37
3.81
-1.41
-3.7
-1.81
2.6
3.18
-1.05
-0.9
-1.04
-1.48
2.76
1
2.38
1.74
1.29
-3.35
-0.47
-1.2
0.49
3.91
0.87
2.73
-0.84
-2.48
-0.18
0.09
0.25
-2.14
2.04
2.45
-2.82
-1.3
-3.71
1.24
-0.73
3.13
2.81
-3.93
3.37
-3.88
-2.99
-0.61
1.58
0.29
1.49
-1.33
-2.47
3.12
1.34
-1.23
-1.05
1.35
-3.61
2.21
-1.5
-2.92
3.44
2.78
2.38
-1.5
-1.08
-2.91
1.07
0.51
-2.66
0.05
0.71
-2.87
-1.54
2.16
-2.16
-0.54
-0.57
0.36
2.9
-2.53
-2.86
2.87
0.04
-2.86
-1.44
1.14
0.53
-0.73
-0.5
-0.17
-1.7
-1.92
-1.26
-1.81
3.7
-3.97
-2.3
0.87
1.21
3.92
2.33
-2.93
-1.05
-2.57
1.97
-3.61
0.65
3.18
-3.08
3.5
-2.08
0.03
3.31
-2.98
3.94
-3.44
-1.26
1.23
3.94
1.79
0.57
-2.2
-3
1.51
-2.26
-1.38
2.4
-3.73
2.47
-2.19
-2.24
2.56
3.16
2.98
-0.85
-3.93
-0.08
-1.4
-0.83
-1.83
-3.52
1.35
-1.66
0.01
-2.09
2.28
-1.23
-2.29
-1.75
3.13
1.29
0.47
0.93
3.43
-0.65
0.52
-3.94
1.44
3.69
-0.66
-2.01
0.38
-3.3
3.11
1.73
-0.64
0.87
-3.67
1.88
3.87
0.64
-3.86
-1.95
1.77
1.3
3.22
3.47
1
-0.4
-0.53
3.85
0.69
2.02
3.34
0.53
1.29
-2.38
3.74
-0.37
2.63
-3.99
2.49
-1.09
3.84
-3.83
0.1
0.65
-0.77
2.28
2.55
-2.6
-1.56
-0.16
-1.61
-1.51
1.15
-1.59
3.17
-1.88
0.13
1.06
-0.94
-2.16
0.22
-0.51
1.31
2.37
-2.64
-1.42
-3.57
-2.27
1.14
0.7
3.25
3.86
2.16
1.23
-1.78
1.59
-2.81
-1.43
0.23
2.72
1.05
-1.93
1.41
-3.15
-0.37
0.85
3.38
-1.12
-1.54
1.62
3.51
-2.43
0.95
0.64
2.69
0.34
-1.13
1.74
-0.72
-3.36
1.84
0.82
0.26
1.75
0.59
-1.47
0.33
3.92
-3.82
-2.43
-3.08
-2.44
-3.18
0.35
0.8
-1.86
2.09
0.46
-1.27
0.52
-0.79
1.56
3.28
3.53
1.19
1.67
-1.09
-2.48
2.55
1.89
-1.28
-0.54
3.29
-0.41
-3.13
-3.78
1.81
3.66
0.26
-2.91
-3.49
3.46
-1.31
-3.12
0.69
1.95
-3.26
-3.4
3.84
0.55
2.25
2.41
-0.99
2.77
1.44
-3.72
1.54
0.74
-3.45
2.93
3.63
-1.19
-2.63
-1.7
2.86
1.47
-1.73
1.24
-0.53
0.57
0.34
2.44
-3.8
-2.37
0
-0.25
-1.14
2.39
-1.17
3.25
0.93
-1.69
-2.32
-2.01
3.65
0.32
-3.55
-3.48
2.15
-3.41
-1.31
-2.94
3.11
1.34
-2.54
1.71
2.09
-3.61
-1.97
3.23
-0.33
-0.5
1.13
-0.73
-3.8
3.82
2.21
-2.63
-1.24
-2.32
1.43
3.16
-2.09
-2.7
-2.01
1.32
-2.88
3.38
-1.34
-1.47
1.01
-2.25
3.1
-1.12
-2.12
-0.73
3.34
-1.13
-3.83
2.3
1.67
-1.54
0.36
-0.4
-0.42
-2.58
1.18
2.42
-2.21
3.83
2.11
3.09
1.76
0.47
-0.84
-0.47
3.16
1.8
-0.66
0.15
0.58
2.71
1.74
3.5
-1.79
-2.08
0.41
-1.75
-2.62
0.93
-3.52
-0.66
-2.81
0.47
0.02
-1.04
-1.21
2.31
1.73
-3.44
-3.87
-1.29
1.59
-1.17
0.43
1.93
-0.01
-1.38
3.72
2.35
0.12
-2.47
3.53
0.02
-2.29
2.96
0.73
0.86
-2.61
-2.35
1.02
-1.07
1.03
0.86
3.35
-1.23
1.89
-2.71
-3.55
-3.8
-3.27
-3.16
-3.94
-1.23
0.01
-2.14
-2.89
-1.1
-0.93
0.28
1.94
-2.22
-1.46
-0.96
-3.19
2.95
-0.19
1.18
-1.25
1.06
2.23
1.94
0.92
0.08
-0.45
1.21
1.69
-3.27
-0.51
-2.35
-3.96
-1.3
-1.83
3.51
1.61
-0.72
-2.53
0.76
-3.99
3.85
1.84
-2.18
-2.22
1.11
-0.28
-0.77
-3.62
-2.01
0.05
-3.61
2.97
-3.3
2.54
-0.61
-2.03
-1.2
-0.07
-0.02
3.22
2.8
0.18
-3.62
3.42
-2.58
0.23
-0.77
3.62
-0.97
1.43
1.53
1.47
3.06
1.17
-1.09
3.22
0.41
0.15
3.81
-3.65
-3.68
0.83
-0.3
0.69
-0.91
-1.31
3.34
0.16
2.79
1.53
-1.19
3.36
1.49
1.54
-2.79
-0.33
1.46
-1.6
-3.64
-3.13
-3.52
-0.38
1.35
0.56
2.52
-1.07
3.92
-0.46
-0.37
0.17
1.57
2.66
0.12
-0.37
2.9
-2.03
-3.53
-0.3
0.33
2.73
0.9
3.08
-3.17
1.51
-1.38
2.18
3.99
-2.49
-0.05
3.24
-2.24
-2
-0.22
2.93
3.88
0.71
3.48
3.15
2.17
-3.84
-1.22
-0.2
-3.47
-1.39
3.97
0.16
-0.77
-2.14
2.65
3.25
-0.81
-2.25
2.08
-2.37
-0.02
-2.59
-1.22
3.85
-2.07
-3.66
-1.06
2.4
3.6
0.39
-1.6
-0.43
-1.13
1.2
-0.24
-1.82
-1.51
-2.67
1.54
0.17
-0.05
-2.9
2.54
2.22
1.54
2.47
-1.05
2.12
-1.14
0.7
0.04
-3.99
-0.08
-1.86
-1.06
2.46
-2.08
3.63
1.21
1.83
1.22
0.38
0.2
0.14
-3.8
0.39
-2.72
2.03
2.11
0.46
0.75
-2.15
0.22
-2.09
1.69
-1.12
-1.12
0.57
-1.7
-0.53
1.4
0.83
-0.47
-1.11
-3.65
-1.61
3.65
-3.28
-1.75
1.3
-3.74
-1.13
0.13
3.71
2.95
3.58
0.9
-1.6
2.02
-2.85
1.18
0.92
-3.99
2.41
3.95
-1.82
-0.21
-1.99
0.46
-3.94
-0.42
1.36
1.32
-2.27
-3.57
-3.62
-3.16
-2.7
-0.21
1.81
0.75
-3.44
-0.22
-3.2
0.19
-2.12
1.73
0.51
-1.04
2.11
1.98
-3.52
2.56
-2.85
2.3
-3.53
0.82
1.13
-1.05
2.17
2.6
1.64
0.27
-1.81
-2.28
-1.09
1.55
-1.6
3.28
2.57
2.74
-0.4
2.61
-3.8
0.4
0.62
-2.87
3.21
-1.79
2.07
0.46
3.29
3.05
2.36
-1.92
-0.9
2.81
0.16
-0.56
3.96
-0.43
-0.29
2.36
1.63
3.22
3.12
0.3
-2.41
3.08
-2.72
0.33
-0.68
1.23
0.4
3.38
-1.62
-2.13
2.36
0.76
-2.33
3.35
1.61
-1.09
0.88
-2.3
3.32
2.59
1.91
-3.9
2.63
0.11
-2.61
2.97
3.33
-1.01
-0.98
1.24
-3.02
-3.02
1.29
-3.68
3.55
-3.88
-3.07
-2.26
-2.87
-1.95
-1.35
2.99
3.7
-2.78
-3.55
3.41
-2.24
-3.39
1.97
-3.21
-2.52
-0.08
3.9
-3.47
2.39
-2.52
-3.55
1.18
-1.07
0.36
1.91
-2.6
0.35
1.15
-3.12
1.37
3.48
-2.65
3.8
1.48
-2.02
-0.86
-3.44
1.27
-0.07
2.93
-3.59
1.4
-0.34
-2.01
1.2
2.72
1.03
-1.78
-0.24
1.07
-2.91
0.76
-2.06
2.07
3.68
-0.25
2.81
0.78
0.15
-2.76
-1.37
-1.45
-3.67
-0.92
3.94
-3.59
-3.18
-3.52
2.82
2.35
-0.65
-1.37
0.6
3.46
-2.94
-0.95
-2.49
-3.06
3.16
3.19
0.38
-1.88
-2.62
-0.18
0.28
-1.29
3.41
-2.28
1.81
2.23
0.33
-0.21
-2.89
-1.32
0.3
1.86
1.06
-3.43
-1.95
0.79
1.9
0.54
-0.59
1.42
-2.29
2.46
-3.85
-1.51
1
0.62
-1.76
1.86
1.62
0.96
0.87
-3.5
-2.84
0.52
2.81
1.22
-3
3.1
-1.32
-3.42
-1.99
3.57
-2.49
-2.09
-0.85
-0.79
2
-3.06
2.9
-1.63
-2.71
3.84
2.72
-0.03
-1.89
1.82
-1.45
0.92
0.72
-2.81
-0.01
2.48
2.17
0.16
1.81
-0.21
0.7
-3.46
-2.24
0.84
-0.22
2.8
-2.14
-1.17
-0.6
-1.86
0.94
2.25
3.34
-2.21
2.63
-2.71
2.97
-0.76
-0.33
1.04
-2.21
1.19
-1.6
-3.01
-1.34
0.08
-1.63
-2.51
0.59
-0.46
-2.61
1.36
0.1
3.36
2.51
1.45
3.18
-1.95
2.59
-1.51
1.97
-0.11
-3.44
3.97
-3.13
0.31
1.59
-1.08
-1.44
-1.3
3.51
-1.07
-3.51
-3.23
-2
3.51
2.15
-3.23
-1.83
3.71
0.42
-3.63
2.24
3.87
-3.25
3.59
-1.86
3.98
-0.71
-2.83
-1.88
0.91
0.65
-2.83
3.07
1.91
0.62
-1.56
-3.89
2.35
2.5
3.46
2.93
-2.11
0.03
2.47
0.87
-0.68
1.36
3.01
3.31
2.41
3.88
2.89
2.07
1.6
1.65
-3.3
3.22
-2.71
-1.83
1.62
3.64
-2.61
-3.42
-1.4
2.28
3.32
-2.29
0.1
-1.12
-0.29
-3.35
-0.17
-2.79
0.97
-2.55
0.35
-0.16
-1.71
-1.28
2.82
-1.39
0.29
-2.13
-0.29
1.03
1.77
-0.9
-2.53
-3.75
-0.08
-0.77
2.83
0.18
-3.13
3.82
1.53
-2.69
-2.57
-3.81
1.55
-2.39
-2.75
0.12
-0.4
1.75
0.05
1.68
-2.9
0.15
-2.7
0.87
0.92
2.57
-0.64
-1
-0.65
3.53
0.87
1.57
-3.5
0.22
-3.76
-0.16
2.97
-3.53
-2.17
3.65
-3.67
1.16
-0.08
-0.97
-1.6
-1.9
1.18
1.2
-2.64
-3.84
2.27
1.96
-3.02
-3.91
-2
1.32
2.96
3.06
2.31
-3.75
-3.18
1.88
0.46
2.01
0.45
-0.13
3.69
-2.67
-2.63
1.42
1.16
-0.88
-0.08
0.41
1.35
-0.06
-3.78
2.27
-1.54
-1.18
-2.61
2.16
-2.36
-0.81
-2.75
2.91
0.59
-3.59
-1.79
-1.08
0.88
3.91
-1.83
-2.43
2.83
-1.55
-3.3
1.91
2.59
2.54
-1.59
-0.15
-0.17
-0.06
-0.99
-0.85
-1.97
0.57
-1.26
2.07
1.1
-3.31
0.6
-0.52
2.87
-1.34
0.24
-2.73
0.76
1.54
3.28
3.27
3.12
2.45
-3.47
1.25
-3.06
-1.65
1.58
-1.11
-0.76
-1.68
3.68
-0.08
-3.6
1.55
-1.68
1.7
-3.83
2.1
0.87
-3.99
1.68
0.15
1.83
0.19
-0.69
2.7
-1.29
0.16
2.21
3.43
-2.86
-2.95
3.27
-0.85
0.73
1.38
-0.59
1.77
-1.79
3.69
3
3.85
-1.18
-1.23
-2.98
-3.32
-0.93
-2.69
-3.66
2.55
-2.91
2.67
-3.34
3.27
-2.41
-1.03
-3.38
0.34
-2.07
-1.76
3.65
-2.58
0.69
-0.19
-2.82
2.62
0.66
1.26
-3.18
0.95
-1.72
-1.6
-0.11
1.19
-2.98
1.83
-2.68
-0.94
-0.83
-1.37
-0.37
-2.61
-0.18
3.67
2.33
-1.52
-3.61
4
-2.44
-2.25
0.76
3.07
-0.17
3.97
-3.97
1.57
-0.84
3.02
-2.41
-1.6
0.03
1.82
-3.51
-0.61
0.27
2.7
-1.23
-0.53
2.25
-0.24
-2.35
1.57
-2.83
3.31
2.62
2.25
1.6
1.03
1.48
2.7
2.23
0.66
-0.31
3.07
-3.82
-0.79
2.58
-0.07
1.15
-0.55
-1.34
-1.7
-2.54
-3.23
2.61
1.82
-3.1
-3.58
-0.6
3.64
3.71
0.92
-2.25
1.8
-3.9
3.2
1.9
0.53
-2.65
-2.21
3.98
2.14
-2.47
-1.11
0.17
3.37
-1.88
-2.57
-0.79
-2.95
-3.89
2.85
2.33
-1.21
-2.91
3.35
0.1
-3.6
-3.31
-3.21
1.35
1.18
-2.37
1.84
3
-2.69
-1.09
1.89
2.97
-3.01
1.32
-1.96
-1.43
-0.64
-0.52
0.53
-3.24
2.58
0.6
3.24
-0.3
3.48
1.22
-1.66
3.52
-3.14
2.6
2.96
0.71
-3.25
