-10
3.79
1.71
-1.38
-3.89
3.04
3.17
-0.62
-1.6
0.23
2.64
-1.84
2.38
0.27
3.62
1.17
-3.97
3.99
0.35
2.64
-1.45
1.46
2.09
-3.33
-2.26
-3.7
1.72
-3
-3.36
2.62
0.83
-2.94
3.18
2.98
3.3
-3.65
-2.93
0.35
-0.93
-2.26
-0.83
1.84
2.83
2.55
-0.53
-0.94
-0.68
-0.51
-2.97
-3.31
3.17
2.14
-1.59
1.84
2.29
-1.31
1.15
-1.06
0.83
0.29
-0.41
-1.28
-1.26
0.69
1.33
3.6
0.97
3.05
-2.48
2.1
2.54
-0.96
2.54
-1.59
1.2
2.43
-0.89
2.79
-3.01
-0.36
1.19
-0.26
-2.36
3.96
2.98
2.59
-0.18
2.75
2.49
2.46
-2.97
2.78
-1.66
1.63
3.82
3.44
2.93
2.81
1.37
3.4
-1.19
0.24
-0.72
2.96
-0.98
0.02
2.36
0.84
0.73
1.99
3.94
-1.13
-1.35
0.63
0.73
3.2
-0.23
-4
-0.46
2.65
-0.41
3.69
