-5
-1.9
3.29
1.26
0.72
-2.47
-2.1
-3.04
2.68
-1.44
1.77
-1.89
1.86
0.53
0.69
1.99
3.37
-0.69
-0.63
-1.13
-3.97
2.75
-3.62
1.14
-0.17
-2.57
0.36
-0.95
0.07
-3.25
-3.15
-3.64
-1.71
-2.37
-2.34
-1.08
-1.52
2.65
3.24
-0.76
1.7
-1.67
0.1
-0.88
-2.58
-1.92
2.81
1.94
2.35
2.63
3.53
3.77
-3.17
1.89
3.06
2.95
-2.28
3.57
0.82
-1.98
-0.06
0.21
-2.84
-2.2
0.32
-1.79
-2.55
1.68
1.68
-3.72
-1.04
-2.2
-0.82
-2.5
2.29
-1.66
1.41
3.84
-1.24
-3.27
2.47
-0.44
-1.78
-1.11
2.69
-3.17
-0.42
-2.96
-0.79
-2.45
0.56
0.64
1.11
2.07
3.63
2.66
2.26
-2.26
-2.4
-0.91
0.81
-1.86
-0.9
-1.47
-2.92
3.56
-1.98
2.87
3.61
2.43
-2.05
1.14
0.25
3.25
-1.47
0.28
0.05
1.98
-1.06
0.44
-2.84
-2.25
