-3
-1.28
-2
0.54
-2.37
-1.65
-0.42
-2.95
-1.36
-2.2
1.22
0.81
1.35
2.83
-0.75
-2.63
0.09
-3.59
0.77
-2.09
3.5
-2.53
0.36
-2.6
2.36
2.48
-3.13
3.42
3.62
3.07
-1
-0.46
-3.54
-0.93
-0.95
-0.2
0.37
-1.42
1.11
-3.58
-1.59
-3.94
-1.31
1.05
-0.38
1.05
-1.37
2.57
2.1
-1.64
1.15
-0.77
3.07
1.96
-1.94
3.17
0.87
2.69
3.92
-2.51
0.27
3.28
-2.33
0.84
-0.75
-2.08
1.54
2.37
-1.15
1.3
-1.14
2.65
1.89
2.22
-0.1
-0.37
0.14
2.44
-2.91
1.68
-0.73
-0.17
1.97
2.8
2.04
-3.78
0.47
1.49
1.38
2.65
-0.04
-3.83
1.52
4
-2.69
-2.98
-0.87
3.26
3.49
1.35
3.92
-2.01
0.16
-3.95
1.15
-3.48
-0.79
-1.73
-0.35
0.55
-3.06
3.35
1.78
0.48
-0.12
-3.32
0.49
1.61
-3.15
-3.3
3.62
3.97
