-9
-2.76
0.99
-3.27
-3.89
3.04
3.17
-0.62
-1.6
-3.54
-0.92
0.43
2.38
0.62
3.62
1.17
-3.97
3.99
1.62
-3.63
-1.45
-0.58
2.09
-3.33
-2.26
-3.7
1.72
-3
-3.36
2.14
0.83
0.62
3.18
0.88
3.3
-3.65
-3.47
0.35
-0.93
-2.26
-0.83
1.84
-2.7
2.55
-0.53
-0.94
-0.68
-0.51
-2.97
-2.94
3.17
-2.99
1.45
-2.38
2.29
-1.31
1.15
2.93
0.98
0.29
-1.02
-1.28
-1.26
0.69
1.33
3.6
0.97
3.05
-2.48
3.39
2.63
-0.96
2.54
-1.59
1.2
-3.67
0.97
2.79
-3.01
-0.36
1.19
-0.26
-2.36
2.03
2.98
2.59
0.72
1.96
2.49
-2.41
-2.97
2.78
-1.66
3.6
0.74
3.44
0.46
-1.43
1.29
3.4
-1.19
0.24
-0.72
0.45
-0.98
0.02
2.36
0.84
0.73
1.99
1.72
-1.13
-1.35
-0.85
0.73
3.2
-3.82
-2.04
1.8
-2.5
-3.94
3.69
