-3
-1.28
0.45
-2.79
-2.37
-1.65
-0.42
-2.95
1.95
-2.2
3.34
0.31
-0.16
2.83
-0.75
-1.75
2.52
0.92
0.77
1.69
-1.69
-2.53
-2.77
1.81
2.36
2.48
2.36
-1.28
3.74
3.07
-1
1.28
3.69
-0.93
-0.95
-0.2
0.37
-1.42
-3.03
2.48
-1.29
-0.65
-1.31
1.05
-0.38
1.05
-1.37
-3.41
2.1
-0.66
1.15
-1.05
3.07
1.25
-1.94
1.39
2.73
2.69
3.92
1.72
0.27
-1.47
1.05
0.84
-0.75
-2.08
2.12
-3.39
2.41
1.3
-1.14
2.65
-1.42
3.34
1.07
-0.23
-0.23
2.44
-2.91
1.68
-0.73
0.32
-3.04
2.8
2.04
-3.57
0.47
1.49
1.38
2.65
-0.3
-3.83
1.52
-1.28
-2.69
-1.97
-0.87
3.26
-2.77
1.35
3.92
-2.01
0.16
-3.95
1.15
0.01
-3.14
-1.73
-0.35
1.04
2.52
2.44
1.78
0.48
0.93
-3.32
0.49
1.61
-3.15
2.05
3.62
3.76
