-3
-1.9
3.29
1.26
0.72
1.44
-2.1
-3.04
2.68
-1.44
1.77
-1.89
1.86
2.57
0.69
1.99
3.37
-0.69
2.32
-1.13
0.92
2.75
-3.62
1.14
-0.17
-3.94
0.36
-0.95
0.07
-3.25
-3.41
-3.64
-1.71
-2.37
-2.12
-1.08
-1.52
2.06
3.24
-2.58
3.6
-1.67
0.1
-0.88
1.06
-1.92
1.96
1.94
2.35
2.63
2.02
3.77
-3.17
-0.8
3.08
2.95
2.81
3.57
-2.93
3.11
-0.06
0.21
-2.84
-2.2
0.32
2.29
-2.55
1.68
1.68
-3.72
-1.04
-2.2
1.84
-1.63
2.29
-1.66
0.67
3.84
-1.24
0.33
-0.4
-0.44
-3.77
-1.11
2.69
1.62
-0.42
2.38
-0.79
-1.61
0.56
0.64
-3.05
2.07
0.54
2.66
-1.08
-0.33
-2.4
-1.75
-0.88
1.57
-0.9
-1.47
-2.92
3.05
-1.98
2.87
-3.37
2.43
-2.05
1.14
0.25
0.65
-1.47
0.28
2.12
1.98
-1.06
0.44
2.84
-2.25
