-8
2.25
0.99
-1.36
-3.89
-0.62
0.41
-0.62
-1.6
0.23
-0.92
-1.84
-3.77
0.62
-3.41
-1.73
3.01
0.66
3.29
-2.06
-1.6
1.46
2.48
-3.33
-2.86
-1.61
-2
1.73
-2.32
-1.54
2.37
-0.08
2.86
3.11
3.2
-3.65
-2.59
-2.1
-0.48
-0.35
1.2
-2.88
-1.66
-0.72
-0.53
-0.94
-3.95
0.06
-1.09
-2.45
-0.52
-2.14
1.78
-0.73
0.35
0.5
1.15
3.77
-1.89
0.36
-1.02
0.21
-1.34
3.22
1.24
2.5
-1.2
3.12
-0.66
1.79
2.54
3.91
0.5
-3.07
3.42
2.43
0.97
0.17
0.79
-0.36
2.27
-0.1
-2.36
3.79
2.98
3.03
0.39
1.96
2.49
2.88
-2.97
-1.86
-1.64
3.17
3.59
-0.95
2.85
1.49
1.37
0.93
-1.19
-3.22
-0.72
2.96
-1.94
0.35
2.36
-3.51
-2.52
-2.61
3.76
-1.13
-1.93
-1.92
3.04
3.44
-3.11
-1.21
1.8
-1.78
3.53
3.69
