-3
2.89
3.09
2.06
-1.26
1.07
-0.94
1.38
0.97
-3.32
2.73
-1.98
2.22
-2.88
1.68
-0.96
-2.68
-3.28
1.27
1.06
-0.57
-1.06
0.97
-2.8
-2.17
-1.99
-2.47
3.7
-3.3
1.44
3.46
-2.67
1.4
2.55
2.6
2.44
2.27
-2.92
-1.73
2.27
-0.63
3.84
-3.43
-3.54
-3.05
-1.03
0.6
-3.82
-3.3
1.44
-3.32
-3.95
2.36
-2.73
-0.93
3.38
-1.37
0.34
-2.94
1.38
-2.82
-1.97
-3.74
-0.72
-1.81
-3.57
-0.48
3.67
1.97
-0.42
-3.28
0.18
-2.39
3.01
2.94
3.01
0.25
2.89
1.2
2.21
1.27
-2.99
-3.45
-2.23
-0.43
-0.27
-3.31
-0.68
-3.82
-1.81
2.95
-2.23
1.3
0.89
-1.48
0.22
-3.6
1.28
2.92
-0.77
-0.97
-0.82
-1.06
-0.4
-1.06
3.22
-0.42
-3.58
2.74
1.07
-3.54
1.1
-3.76
0.58
0.91
-1.01
2.87
-1.09
-1.83
1.11
0.58
-1.76
