0
-2.63
-3.13
-2.66
-0.33
-3.57
3.85
0.09
0.48
-0.2
-0.74
0.38
2.92
0.23
0.11
-1.18
-0.91
-0.94
1.91
-1.78
-3.81
2.49
1.06
1.03
-1.47
2.67
-3.05
2.58
-2.82
3.08
-1.98
0.34
-2.87
-0.68
2.53
1.51
-1.75
1.66
0.37
1.46
3.4
-1.82
-2.34
-0.11
-2.95
2.2
1.95
-3.28
2.88
3.24
1.87
2.53
-1.53
2.81
-2.82
1.37
-0.18
-3.22
-3.91
1.22
0.85
0.42
-1.84
3
0.91
-0.12
-1.94
-2.63
-0.8
-3.44
2.63
3.76
-2.49
-2.55
-0.32
3.61
2.57
3.34
-1.43
-2.94
3.45
2.51
-2.2
-1.05
-0.66
-1.83
-0.35
1.29
1.41
1.55
3.39
1.7
0.05
-0.42
3.04
3.91
-3.86
-1.99
3.73
-2.11
2.77
-1.74
-3.35
-0.43
-1.58
-1.93
-3.79
3.23
-3.81
-3.88
-3.57
1.79
-1.13
1.87
0.68
2.36
1.21
-3.29
2.37
1.16
-3.58
-0.36
