-3
-3.22
0.45
-2.79
-2.39
-1.65
-0.42
1.33
-3.31
-2.24
1.22
3.75
-3.04
-3.59
3.37
2.47
0.09
0.92
-2.62
1.69
-1.69
-1.17
0.36
-2.54
2.36
2.48
2.36
3.28
3.62
3.07
-1
-2.57
-2.93
-2.69
-0.95
-0.2
2.74
-1.42
-1.99
0.49
-2.12
-2.87
-0.41
1.05
-0.38
1.05
2.66
-1.41
2.1
-2.86
-1.83
1.94
2.01
-1.32
-0.58
2.66
0.87
2.69
2.97
-2.88
-2.08
-1.47
-2.33
3.79
-0.75
-2.08
0.71
-3.39
-1.6
0.39
0.29
3.02
-2.97
3.34
1.95
-0.23
-0.23
1.2
-2.91
-1.24
3.42
-0.17
-3.04
2.8
0.78
-3.57
0.2
-0.86
3.45
-1.95
2.93
-3.83
1.52
-3.08
1.76
-1.66
-2.05
3.26
3.29
-3.46
0.5
1.28
0.16
-1.13
1.66
-3.48
-3.14
-1.73
-0.62
-3.25
3.94
2.44
1.78
1.82
0.93
-3.03
-3.4
1.61
-3.15
2.05
1.92
-3.89
