0
-0.22
-3.4
1.15
2.31
-2.6
3.7
0.09
2.67
-3.66
-0.74
0.38
-2.35
-3.28
0.97
2.25
-0.12
1.87
-4
-2.68
3.25
3.87
3.97
-0.37
-3.44
-1.31
-1.67
-2.85
-2.82
-3.38
3.57
-3.71
-2.87
1.36
-2.62
1.51
2.5
0.56
0.87
1.94
2.9
-1.82
-2.48
-3.38
-1.65
-3.81
0.1
-3.28
2.88
3.19
3.08
2.53
-1.53
-2.21
-2.53
0.26
-0.05
-1.6
1.21
2.99
-0.8
3.11
-1.84
-3.6
-0.9
-1.85
1.06
3.11
-2.45
-3.79
0.26
-3.62
-0.45
-2.55
1.41
1.34
2.19
3.13
-1.67
-3.07
3.45
0.05
-2.87
-3.88
-1.28
-0.09
-0.35
0.98
3.89
1.55
-3.67
1.7
-3.76
-1.91
2.75
-0.82
-3.86
3.14
1.3
-2.11
2.77
2.04
-0.95
-3.9
-1.58
2.47
2.51
-2.51
-1.18
0.25
-3.57
-2.77
-1.46
-2.09
0.68
-1.76
-2.93
2.55
1.46
1.16
3.76
-2.22
