-10
3.79
1.71
-1.36
-3.89
3.04
3.17
-0.62
-1.6
0.23
2.64
0.43
2.38
0.62
3.62
-1.73
-3.97
3.99
1.62
-3.63
-1.6
1.46
2.2
-3.33
-2.26
1.18
1.72
0.56
-3.36
2.62
0.83
-2.94
3.18
2.98
-3.63
-1.32
-2.93
0.35
-1.01
0.1
-0.83
1.84
-1.66
2.69
-0.53
3.79
-0.68
-1.92
-2.97
-2.94
3.17
2.14
-1.59
-2.38
1.64
-1.31
1.15
3.44
1.73
0.29
-1.02
3.99
-1.26
0.69
1.33
3.6
-0.69
3.05
-0.66
2.1
2.54
-0.96
2.54
-1.59
1.2
-3.67
0.97
2.79
-3.01
1.48
1.19
-0.26
-2.36
3.96
2.98
2.59
2.15
1.96
1.37
2.46
-2.97
2.78
-1.64
1.63
3.82
1.65
2.93
-1.43
1.29
0.93
-1.19
0.24
-0.72
2.96
-0.98
0.02
2.36
0.84
0.73
1.99
1.72
2.56
-1.93
0.63
0.73
3.2
0.49
1.79
-0.3
-2.5
-0.41
3.69
