-2
-1.05
1.06
3.86
0.2
-1.94
2.98
0.15
1.17
3.08
-3.07
2.95
-3.15
-2.32
1.06
-0.45
-3.31
1.02
-3.45
-1.54
0.47
1.1
-2.35
2.17
0.21
0.16
1.33
1.37
-0.42
0.6
2.03
-3.64
-1.39
0.19
0.16
-1.09
3.83
3.65
3.23
3.06
-3.86
-2.97
-3.87
3.76
-0.47
0.84
2.94
-3.02
-2.19
-1.05
0.92
-3.95
-3.06
3.72
1.28
-1.25
0.17
-0.23
3.06
-0.96
-4
3.22
-0.55
-2
0.38
2.28
-3.38
-2.75
-3.7
1.87
-3.57
0.08
-1.09
-3.49
3.13
-0.98
-0.51
-3.34
-0.2
1.95
3.77
0.36
1.29
3.17
-3.22
-1.36
-2.04
0.2
3.28
1.92
-2.3
3.71
1.25
-0.72
-3.6
1.62
-1.37
1.22
3.84
-0.03
3.84
-2.65
3.96
-2.41
-2.04
-2.78
-3.83
-2.42
0.25
3.37
-3.2
-2.34
-2.65
2.09
1.87
-0.43
-0.24
3.21
-3.78
-2.06
-2.54
0.18
