-8
0.01
1.99
-2.16
-2.3
-1.8
-2.13
3.87
2.23
-3.15
2.42
-2.65
-2.32
-1.11
-0.55
-1.52
-1.72
3.64
-0.32
-1.48
2.21
1.09
0.7
-0.77
-1.59
0.24
1.03
2.34
-1.3
-1.6
1.08
-1.33
0.59
1.65
-2.38
-0.32
-1.89
-1.87
0.76
2.42
2.51
1.67
-3.81
-3.35
0.16
-2.24
3.88
2.55
-1.31
0.9
1.9
2.86
2.76
-2.54
0.31
-1.23
0.22
2.53
0.78
0.18
-1.16
-0.58
3.52
-0.05
2.93
1.32
-1.01
-0.49
3.86
2.12
-3.64
1.13
-3.55
-1.18
2.12
-1.23
0.45
-3.07
3.45
-1.55
0.59
0.48
-0.56
3.52
-3.36
-2.55
-3.35
3.98
2.87
-3.93
3.14
1.72
-3.12
1.54
-1.81
1.61
-2.42
0.68
-3.03
0.26
2.39
3.97
0.4
2.3
0.43
2.56
1.87
-1.83
-3.28
2.06
-2.33
3.43
-1.62
-1.86
0.81
-2.94
-2.5
0.61
-3.49
3
3.62
0.24
