-10
3.79
1.71
-1.38
-3.89
3.04
3.17
-0.62
-1.6
-3.54
2.64
-1.84
2.38
0.62
3.62
1.17
-3.97
3.99
1.62
-3.63
-1.45
1.46
2.2
-3.33
-2.26
-3.7
1.72
1.73
-3.36
2.14
-2.56
0.62
3.18
0.88
3.3
-3.65
-2.93
0.35
-0.93
0.1
-0.83
1.84
-2.7
2.55
-0.53
-0.94
-0.68
-1.92
-2.97
-2.94
3.17
-2.99
-1.59
-2.38
1.64
-1.31
1.15
-1.06
0.83
0.29
-1.02
-1.28
-1.26
0.69
-1.47
1
0.97
-0.54
-2.48
2.1
2.63
-0.96
2.54
-1.59
-0.01
2.43
0.97
0.8
-3.01
1.48
1.19
-0.26
-2.36
2.03
2.98
2.59
2.15
3.22
2.49
2.46
-2.97
-2.72
-1.66
3.6
3.82
3.44
0.46
-1.43
1.29
0.93
-1.19
0.24
-0.72
0.45
-0.98
0.02
3.03
-3.51
0.73
1.99
1.72
2.56
-1.35
0.63
0.73
3.2
-3.82
-4
1.8
2.65
-0.41
3.69
