-7
-1.05
1.06
3.86
0.2
-1.94
2.98
0.15
1.17
3.08
-0.05
2.8
-3.15
-2.32
1.06
-0.45
-3.72
1.02
-3.45
-1.54
0.47
-1.74
0.58
2.17
0.21
3.97
-0.12
3.94
1.46
-0.84
2.03
-3.64
-0.06
0.61
0.16
0.94
-2.38
-2.12
3.23
3.06
-2.98
-2.97
-3.87
-1.6
-0.47
0.84
2.94
-0.17
-2.19
-1.05
0.92
-3.95
-3.06
3.72
1.28
-2.63
-0.24
-0.23
0.96
-3.57
-4
3.22
-0.55
-2
0.38
2.28
1.22
-2.75
-3.7
1.87
-3.57
-2.43
-1.09
0.56
1.37
-0.25
-0.51
-3.34
-0.2
-1.21
3.77
0.36
1.29
3.17
-3.22
1.46
0.42
0.2
3.28
-0.84
-2.83
-2.53
1.25
-0.72
-3.6
1.62
-1.37
1.22
0.12
-0.77
3.84
-2.65
3.96
-3.16
-2.04
-3.63
-3.83
-2.42
0.25
3.37
-3.2
-2.34
-2.65
2.09
-3.27
-0.43
3.03
2.57
-3.78
-2.06
-2.54
-3
