-1
1.71
-1.52
-0.2
0.02
-2.53
2.06
-1.47
-3.98
-3.4
2.33
3.25
3.72
1.1
-0.55
-2.93
-1.72
2.61
-2.27
2.09
-0.2
1.09
0.54
-0.77
-1.59
1.84
3.74
2.34
1.83
-0.23
-0.13
0.76
-1.11
0.53
2.35
-2.82
-3.97
-1.88
-1.56
1.04
2.14
1.67
0.05
2.93
-3.51
-0.84
-0.43
-3.09
3.31
-3.04
-1.48
2.86
-2.93
3.89
-2.24
-1.82
0.22
3.25
-2.61
-1.82
2.25
-1.25
3.39
3.94
0.74
-2.43
0.36
-0.49
0.79
-1.43
1.55
3.17
-3.42
-2.64
3.95
1.18
2.93
3.1
-2.5
1.26
-0.85
1.73
-2.76
0.87
0.51
-1.18
-0.32
-3.45
0.6
0.17
-2.88
-2.49
0.53
1.54
3.19
3.54
2.15
0.11
-1.81
2.93
-3.89
-3.95
0.12
2.98
0.68
-1.1
3.47
0.77
-1.61
-2.78
3.34
1.12
0.52
-1.86
-1.84
-0.46
-2.5
-4
3.75
-3.09
1.89
-2.09
