-8
-1.36
1.06
3.3
1.33
-3.17
0.9
-2.91
-1.64
-1.6
-0.41
1.48
-2.11
0.47
0.69
0.13
2.29
-1.67
3.21
-1.86
1.61
0.24
-2.84
2.17
-0.7
-1.2
-3.11
3.43
0.22
3.44
2.03
-3.72
-0.06
1.25
1.73
3.91
-3.64
-2.95
2.02
1.11
-2.98
-2.97
2.68
2.23
3.29
-1.54
-0.96
-3.74
-2.19
1.83
3.81
-0.41
2.88
1.38
2.34
-3.99
3.12
2.9
-1.18
3.26
-0.5
1.48
-3.44
-2
0.38
-0.69
2.25
1.13
-1.59
0.78
-2.37
0.08
3.53
-3.49
0.11
-0.25
3.94
2.88
-3.36
2.38
2.54
-3.37
-0.63
2.39
3.64
-1.57
-0.24
2.57
0.07
0.15
-2.57
-2.53
-2.72
-0.4
2.69
-0.45
-2.27
2.14
-2.46
-0.03
0.21
3.71
3.96
2.38
0.2
-1.43
-3.83
-1.23
0.25
-1.42
3.88
-0.37
-3.99
3.99
3.3
3.38
3.87
-2.6
-0.71
0.41
-3.55
2.31
