-8
3.41
-1.02
2.93
1.79
-2.53
-1.29
3.87
2.23
-3.15
-1.5
-3.92
-2.32
-1.11
-0.55
1.54
1.71
2.27
-2.05
0.97
2.21
-1.97
-2.51
2.32
2.55
1.9
2.64
2.34
-1.3
-0.67
2.25
-1.33
-1.11
3.24
1.05
-0.83
2.11
-3.42
0.76
2.42
1.87
1.67
2.37
-0.56
0.16
-2.24
3.51
-0.45
1.09
0.9
-3.45
2.86
3.44
1.12
-1.86
-1.23
-2.29
2.53
3.12
1.31
-1.16
-2.34
-2.85
-0.05
-2.25
0.8
-3.98
-3.24
2.6
2.12
-2.22
0.36
2.15
-1.18
3.64
-1.23
0.45
-3.07
-0.78
-3.73
0.59
1.73
-0.56
3.52
1.91
-2.55
0.44
3.98
-1.48
0.17
-2.88
3.16
-3.12
-0.71
1.62
1.61
-2.95
0.68
2.95
-2.32
2.8
-3.95
0.12
2.3
0.43
2.56
1.87
-1.83
0.39
2.06
-0.08
-2.54
1.19
-1.86
0.81
-2.94
1.86
-4
-1.65
-1.91
3.62
-0.98
