-5
0.8
3.64
1.26
-3.62
1.44
-2.1
1.72
2.68
-3.08
1.77
1.11
2.47
0.06
0.69
1.99
-3.95
0.87
-1.44
-1.13
3.71
2.92
2.11
-0.59
2.41
-3.94
3.22
-0.19
2.31
0.65
-3.41
2.41
-3.76
-1.02
-1.91
1.98
-3
2.06
2.74
-2.58
-0.41
-1.67
2.57
2.62
1.22
-1.07
-0.45
-1.24
-0.76
1.2
-3.91
3.77
-3.17
1.89
3.08
2.95
-2.28
3.57
2.85
-1.98
-0.38
0.93
3.42
-0.38
0.32
2.29
1.4
-2.1
-3.63
-3.72
-1.93
1.7
-0.72
1.31
-0.03
2.07
3.46
-2.33
3.29
-3.27
-1.89
3.28
2.44
-1.11
-2.52
2.9
-0.42
2.38
1.95
1.34
0.56
1.1
-3.05
2.07
0.54
2.66
2.26
-2.26
0.1
2.7
0.81
0.71
-0.9
-1.47
0.56
1.48
-1.65
-3.86
3.28
-1.48
0.12
-0.14
0.25
3.25
1.78
0.28
0.05
1.98
0.45
-0.51
-2.84
-3.96
