-1
-2.68
3.29
1.26
0.72
1.44
-2.1
3.81
2.68
2.9
0.41
-1.25
2.32
0.53
-1.86
3.93
3.37
-0.69
-0.63
-0.73
0.92
2.75
-3.62
1.69
-0.17
-3.94
0.36
-0.95
-0.1
-3.25
-3.41
-3.64
-1.71
-2.37
-2.12
-2.68
-1.52
2.65
3.24
-0.76
3.6
-1.67
0.11
-0.88
1.06
-1.92
-0.45
0.38
-1.33
-1.75
3.53
-3.19
-3.17
1.89
3.08
2.95
-0.4
1.74
-2.93
-1.98
-0.06
0.21
-2.84
-0.38
0.32
-1.79
1.85
-1.9
-3.63
-3.72
-1.04
-2.2
1.84
-1.63
2.29
-1.66
1.41
3.84
-1.24
0.33
2.72
-0.44
-3.77
-3.18
2.69
-3.17
-0.42
-2.96
-0.79
-3.34
0.56
0.64
-3.05
2.07
3.63
2.66
3.15
-3.35
-2.4
-0.91
0.81
1.57
-0.9
-1.47
-2.92
0.8
-1.98
2.82
-3.37
2.43
-2.05
-0.93
0.25
-2.75
2.96
0.28
2.12
-0.37
-1.41
0.44
-2.84
-2.25
