0
1.43
-3.4
1.15
-3.53
-2.76
1.67
-0.13
3.69
-0.18
-0.67
-0.41
-2.35
-0.46
0.73
-3.09
0.14
1.87
2.97
-1.69
-3.81
3.87
0.76
-0.37
3.85
-0.32
-1.81
2.58
2.33
0.14
1.36
1.94
1.21
-1.92
-1.43
-2.59
-2.21
2.53
-1.69
3.2
2.97
-1.14
-2.34
-2.11
-2.95
2.83
-1.07
-1.95
0.78
3.41
3.43
-1.34
0.1
-0.19
2.3
-3.48
-2.93
2.99
2.97
0.79
3.05
3.32
-3.61
-0.44
1.32
1.74
1.82
1.32
-3.36
-0.68
3.51
-3.39
0.15
-3.01
2.62
3.88
-2.73
-1.6
-0.9
-2.94
-3.89
2.51
-2.2
0
1.07
0.91
-2.16
2.41
2.05
-1.45
-3.67
-1.57
3.57
-1.33
0.16
-0.42
1.32
3.14
-3.69
-0.68
2.77
1.62
-2.41
0.22
-2.28
2.47
-3.64
3.23
-3.81
0.09
-2.56
-2.05
-0.12
1.96
-2.09
-3.46
-2.93
-2.46
1.46
1.16
-3.58
-2.22
