-2
2.81
0.99
-1.38
3.84
2.25
3.17
1.57
-2.23
3.48
-1.93
1.24
2.38
2.47
1.88
0.27
3.37
3.36
-1.9
-2.3
2.17
-1.99
-0.52
-3.22
0.49
-1.61
3.58
1.07
-2.11
-2.43
0.64
-1.52
1.76
-1
-2.43
2.14
-2.02
-2.1
-0.93
3.63
2.23
2.82
-2.7
3.21
0.94
-3.97
-2.29
3.07
0.19
-1.95
2.43
2.14
-1.59
1.48
2.54
-2.34
-1.53
-2.86
3.56
-3.05
0.06
2.82
-1.34
0.26
-1.47
2.5
-0.43
3.4
0.95
2.1
1.13
3.68
1.94
-1.53
-3.72
-3.67
-3.29
0.28
-0.16
0.7
-1.52
1.52
3.53
-1.01
0.23
-1.91
0.87
-1.2
1.37
2.88
-2.97
-3.01
-1.66
1.63
3.59
0.13
2.05
-1.43
2.74
2.45
0.46
-1.69
1.11
0.45
0.68
-1.43
3.6
1.92
3.19
1.3
-3.06
-1.13
1.3
3.07
0.73
-2.86
-3.46
1.79
0.55
-0.27
-2.38
-1.83
