-8
1.91
-1.02
1.08
0.02
-2.53
-2.92
-0.17
-3.98
3.05
-1.43
-0.21
-1.7
2.36
2.69
1.54
-3.12
2.61
-1.78
2.73
3.64
1.09
-0.69
2.38
-1.59
-2.39
2.38
2.34
-0.99
-0.23
0.18
1.58
-0.24
3.24
3.77
-0.32
-0.24
1.92
0.29
1.04
2.29
-3.43
2.37
-3
0.16
-0.84
1.96
-3.09
1.09
-0.51
3.27
0.22
2.76
0.82
-1.86
-1.82
-1.4
0.6
-2.61
0.18
0.9
-1.25
3.52
0.25
-1.95
-2.77
-3.98
-3.24
2.6
2.12
1.55
0.36
2.35
1.14
3.95
3.07
0.16
3.1
-0.76
2.45
-0.35
1.73
-2.76
-0.93
1.91
3.97
1.08
2.94
1.09
0.17
-2.88
3.16
0.29
1.13
-3.81
-0.61
1.29
2.55
2.95
0.26
-3.94
-3.95
0.12
2.98
-0.29
-1.1
0.76
1.4
-1.61
-2.78
2.02
-3.71
1.03
-1.86
-1.84
1.12
-2.5
-4
-2.1
-1.45
0.15
0.59
