-1
-1.36
1.06
3.3
-1.98
1.48
-2.49
-0.35
1.17
-1.6
-0.41
1.48
-2.11
0.47
2.35
0.13
2.31
-3.05
3.21
3.36
0.12
-3.94
-2.84
2.17
-3.06
3.5
-2.01
3.82
-0.42
-3.75
0.15
-3.72
-0.06
0.19
0.16
-1.09
3.53
1.56
-3.45
3.14
-2.98
-0.46
1.11
0.83
3.29
-1.43
1.76
-3.74
-2.19
0.42
-3.86
2.8
0.52
-1.73
0.57
-3.99
2.18
-2.86
2.36
1.83
-4
-2.3
-3.44
-2
3.97
-0.69
-3.42
-2.75
-3.7
-3.62
1.95
0.08
-2.9
-3.49
-0.64
0.57
-3.48
1.85
-1.73
-3.19
2.54
-0.31
1.61
-0.65
-3.22
-1.57
-0.24
-1.45
-3.96
0.15
-2.16
-2.53
3.14
-0.4
2.69
-0.45
-3.53
2.14
2.94
-0.03
-2.98
3.71
-2.51
2.38
-3.35
2.73
0.07
-1.45
2.92
4
-3.2
0.1
2.88
1.61
1.38
3.79
-1.38
1.55
-0.87
-2.06
3.55
2.03
