0
2.89
-1.25
-2.81
-0.84
1.07
-2.7
-2.42
-1.43
3.59
3.22
-1.98
-1.92
3.85
1.68
-2.58
-1.93
-2.16
-1.3
1.11
-0.95
3.2
-3.21
-2.8
0.73
2.99
-2.8
3.89
-2.3
0.25
2.57
-2.67
0.6
2.55
-1.16
2.14
0.49
0.82
1.27
3.9
1.29
-0.06
3.05
-0.76
0.01
-3.76
-2.28
-0.7
-2.07
-3.51
2.69
-2.49
-0.64
1.67
1.39
-0.98
3.2
-3.86
2.75
0.62
-1.24
-2.48
-3.99
-2.15
-2.99
-1.6
3.3
2.54
1.25
2.6
-0.85
-3.26
-1.66
-1.1
2.94
3.12
3.49
-0.12
1.2
-1.33
3.02
-0.03
-2.9
-2.79
-0.43
1.08
2.01
2.93
2.15
3.83
2.95
2.95
2.07
3.94
1.14
-0.13
3.43
-3.72
-1.78
1.98
-3.53
-1.95
3.25
-3.82
-3.33
2.33
3.18
-3.58
2.74
-3.67
-2.54
-3.98
0.5
0.58
1.6
-1.15
-3.69
-0.79
-2.22
0.28
0.39
2.39
