-5
2.89
-3.69
-2.81
-0.84
1.07
-3.76
-2.42
0.97
2.13
0.8
-1.98
2.22
-3.91
1.68
-0.96
-3.88
2.33
0.48
-0.48
-0.57
-3.34
-0.29
1.33
-2.42
-2.98
1.93
3.7
-2.58
1.44
2.6
1.36
1.4
2.55
3.56
2.44
2.27
-1.21
1.66
-1.2
1.29
3.84
2.25
-0.19
-3.05
3.78
-2.28
3.18
-2.76
-3.51
-3.32
-2.49
2.62
-3.41
2.36
3.38
1.58
-3.86
2.82
0.17
-1.24
-1.97
0.68
-1.85
-1.8
-1.6
3.79
-2.81
-2.44
2.6
0.78
-3.26
2.1
3.97
3.83
3.83
0.81
2.89
1.64
2.21
-2.89
-2.99
0.79
-2.23
3.52
1.08
2.01
2.93
-0.45
-3.82
-3.55
-2.23
-3.74
-1.68
-2.57
0.22
3.36
-1.6
2.92
-2.75
-0.97
2.23
1.3
-1.61
3.01
2.33
-0.42
-2.59
2.74
-3.67
-0.47
-0.69
0.31
2.26
1.6
-1.21
2.87
-1.09
-1.15
2.62
0.58
2.49
