-4
-0.51
0.45
-2.79
-1.21
0.68
3.28
-2.95
1.95
-2.2
-1.16
0.56
-0.16
-3.59
2.06
-1.75
2.52
0.92
2.37
1.69
2.52
0.07
-2.77
1.81
0.56
0.24
-3.82
3.42
3.62
-0.76
3.59
0.99
0.42
2.05
3.94
-1.94
2.86
2.26
-3.03
2.48
-1.29
-0.65
-0.84
3.79
-0.38
1.05
-3.97
-1.41
-1.99
-0.66
-1.11
0.46
1.75
1.96
-2.32
3.47
0.87
2.69
-0.76
-2.51
-1.02
3.28
1.05
0.25
0.54
2.94
1.54
-3.39
0.31
0.88
-1.14
3.04
2.57
3.34
1.07
-3.4
0.14
-2.72
-2.91
2.57
3.23
-2.98
2.28
-3.44
2.04
-3.78
-3.53
1.47
-0.39
-0.01
-0.3
-0.29
1.52
3.02
-2.69
-2.98
-2.95
-1.89
-0.76
-1.21
-3.84
-0.89
2.19
-1.13
-2.76
-1.95
-2.25
-0.38
-1.78
0.55
2.12
-1.68
1.83
0.48
-0.12
-3.32
-2.07
1.61
3.83
2.05
0.31
2.52
