-8
3.41
-1.02
2.93
1.79
-2.53
-2.13
-2.79
2.23
-2.1
-1.43
1.1
-2.32
-1.11
-0.55
-1.52
1.71
1.3
-0.32
0.97
-0.2
1.29
-1.1
-0.77
-3.01
1.9
-3.17
2.34
-1.3
-0.23
-2.33
-0.58
0.59
-0.12
1.05
-0.32
2.11
-3.42
0.76
-1.28
3.8
-2.67
-2.28
-3.35
-3.37
0.55
3.51
-3.09
1.09
3.36
1.9
-2.46
2.99
-2.54
-2.24
-1.23
-2.86
2.53
3.12
0.18
-1.16
-0.58
-2.85
-0.05
-2.2
3.9
0.36
-2.7
1.84
2.12
-2.22
1.13
-3.55
1.14
3.95
-1.23
0.45
0.88
-1.27
-3.73
-0.21
1.73
-0.56
-1.44
-1.96
-2.55
0.44
-1.03
1.09
0.17
3.14
3.16
-0.2
-0.71
1.62
1.61
-3.19
0.11
2.95
0.26
1.48
-3.93
1.96
0.74
0.43
2.56
1.87
-1.83
0.39
-1.25
-1.63
3.43
-1.62
-1.86
0.81
-2.94
-2.5
-1.48
-3.01
-1.45
3.62
0.24
