-6
0.58
0.06
-1.21
-1.37
-0.28
3.76
-1.85
3.91
-2.7
3.9
-3.24
1.74
-2.72
3.68
2.77
-2.36
-0.12
1.77
2.2
3.31
-1.98
-3.55
1
3.72
-3.74
0.51
3.71
4
-1.7
-3.94
3.89
-1.71
1.77
2.23
-0.96
-3.35
-0.96
-1.23
3.05
-2.6
1.87
0.6
-1.46
-0.92
2.6
-1.72
3.51
-1.21
-0.84
-2.4
3.41
-3.14
-2.59
3.46
-0.41
-3.19
3.81
0.88
1.23
1.56
0.52
-2.16
0.17
-0.72
-2.31
0.01
-3.03
2.67
-0.94
-0.49
0.66
0.13
0.24
3.42
2.32
-0.49
0.2
1.81
-3.76
2.33
-2.42
2.83
3.02
0.31
1.85
-1.68
-3.75
1.74
3.15
2.79
-3.91
2.23
2.52
-2.39
2.21
2.25
3.57
0.87
2.83
2.52
3.69
-2.81
1.7
1.1
-1.73
-0.42
-0.17
1.73
-2.67
-0.86
-0.6
1.05
2.85
-1.87
-0.58
-3.18
-1.48
0.98
0.67
0.73
-0.36
