0
-1.36
3.44
-1
2.31
-2.6
1.97
0.09
0.48
-3.66
-0.74
0.38
-3.41
-3.84
2.44
-1.6
-0.12
1.87
-4
1.58
3.25
-2.04
3.97
-1.98
2.4
-3.49
-1.67
2.58
-3.57
3.08
3.57
-3.71
-2.87
-1.56
0.98
1.51
2.5
-2.22
3.47
1.94
2.97
-1.82
-2.48
3.27
-0.93
-1.52
1.95
2.66
2.88
3.19
3.43
-2.03
-2.68
0.87
-2.82
0.05
-0.18
-3.22
-3.91
2.99
-1.61
3.32
-3.79
-0.44
-0.9
3.68
-0.86
-0.85
3.74
-0.68
-3.39
3.76
-0.45
-2.55
2.62
3.61
2.57
3.13
-1.43
-2.99
3.45
2.51
-2.2
-1.05
1.07
0.91
1.32
1.29
3.23
1.55
-3.67
0.82
3.84
-1.91
3.04
3.91
1.32
-1.99
3.57
-2.11
2.77
0.61
2.92
-0.43
-1.58
-1.93
1.46
3.23
-0.68
-3.88
3.64
1.79
-1.6
3.43
-2.09
-0.25
1.21
2.55
1.46
0.45
-2.7
-2.22
