-5
-0.68
-3.86
2.78
0.35
-2.94
-0.14
0.43
2.33
1.31
-2.45
-1.25
-1.98
0.53
2.97
1.99
-3.95
-2.85
-1.44
-1.13
3.71
2.75
-3.62
2.6
2.41
0.53
3.22
-0.19
1.39
0.65
3.19
2.41
-3.76
-1.36
-1.91
-0.53
-0.08
2.13
-1.28
-2.58
3.6
-1.67
2.57
-1.48
1.22
-1.92
-2.96
-1.24
1.38
-0.98
-3.84
3.77
0.12
-2.04
-3.62
-3.86
-2.28
2.82
-2.62
0.52
-2.18
-2.91
3.4
-0.38
0.32
0.74
1.52
0.79
-3.63
-3.96
-1.93
1.7
-0.82
-1.63
-0.03
-0.55
-2.12
-2.33
3.92
0.33
2.72
0.46
-3.75
-3.18
2.25
2.9
-0.42
2.38
-1.75
-1.61
3.17
1.1
1.11
2.07
3.63
2.66
-1.08
-0.33
2.2
-2.61
-2.05
-2.83
-3.68
1.33
-2.92
1.48
-2.78
-3.86
3.71
3.36
-1.18
-0.93
-1.42
-1.48
-2.37
0.34
0.68
-3.02
1.78
-0.51
-2.84
-0.09
