0
-3.8
2.78
1.78
0.02
1.36
-2.54
0.09
3.69
-2.37
-1.75
-0.41
-2.35
-0.79
2.08
0
0.31
1.87
1.91
1.58
-1.58
-0.5
0.3
-0.37
3.85
-3.49
3.74
2.35
-0.44
3.08
2.51
1.94
3.86
0.34
-1.43
1.51
-2.21
-1.51
3.47
1.94
2.97
-1.46
2.6
-2.11
-2.95
3.64
-1.07
-3.28
0.78
-1.67
3.43
-1.34
0.1
2.81
2.3
3.64
-0.05
2.99
1.21
0.79
-2.75
2.63
-3.79
-2.22
-1.94
1.39
-2.39
1.32
-2.45
-3.44
-3.39
3.76
0.15
-3.01
2.62
1.34
2.19
3.13
-1.43
-2.99
-3.89
2.51
-2.2
-1.05
1.07
0.91
1.32
2.41
2.05
-1.45
-3.67
0.82
3.35
-3.72
2.89
0.09
1.32
3.14
-3.69
3.31
-2.99
-2.25
-2.41
2.75
-1.2
2.47
2.51
3.23
0.4
-3.05
-0.74
-2.05
-1.6
1.96
0.68
-1.76
-2.93
-3.29
-1.01
-1.27
-3.58
3.98
