-8
1.39
-2.66
-1.31
-1.37
-1.57
1.7
0.04
2.86
-1.88
2.29
-1.05
1.74
-0.67
3.68
2.77
1.26
-2.56
-1.22
-0.32
3.31
-3.67
-3.55
1.76
3.72
-2.96
-2.92
-1.92
4
2.16
1.32
0.74
-1.71
0.76
1.01
-0.96
-3.35
-2.24
-3.9
1.87
3.66
0.29
2.19
3.65
0.03
0.82
2.75
-2.85
-1.24
-0.84
-3.17
-2.4
0.92
4
3.46
-2.41
-1.54
-2.63
1.63
3.66
0.26
-0.8
-3.79
1.74
-0.72
-1.39
0.01
-3.03
2.67
2.43
-3.29
-1.83
-2.66
1.47
2.09
2.32
-1.85
-3.2
1.35
-3.95
-0.22
-2.42
-3.4
-3.1
0.31
1.85
-1.87
-3.75
0.88
-0.41
2.79
-0.13
1.46
1.5
-2.39
-2.35
0.08
-3.15
-0.14
-2.52
-3.19
3.72
1.58
-2.67
1.06
3.44
2.07
-2.5
-3.95
2.13
3.44
-2.35
-1.55
2.85
-2.68
-1.32
-3.18
-0.96
0.42
0.67
-3.7
2.17
