-4
-1.23
-2
-1.71
2.19
0.68
-1.31
1.58
1.95
-3.16
-1.16
0.31
-2.51
2.81
-0.75
3.24
2.52
-3.59
-2.12
3.76
-1.69
0.07
-2.77
-3.49
2.36
-2.7
2.36
3.31
3.74
3.07
-1
0.99
0.42
2.05
-1.48
-0.2
0.37
2.36
1.41
-3.68
-1.83
2.68
-1.31
3.83
0.72
1.05
-1.37
-3.53
2.71
-3.37
-2.38
0.46
-0.42
-3.9
-1.94
1.39
-3.91
2.69
-2.97
1.72
0.27
-1.47
-2.62
1.03
-3.29
-2.08
2.49
1.69
-0.68
1.3
-1.14
-0.99
0.95
2.22
-0.82
0.94
2.87
-2.72
2.87
-2.7
1.42
-1.04
2.28
-0.96
-1.68
2.55
-1.77
0.63
3.15
1.93
-0.3
-0.29
-2.19
-0.09
-2.69
-2.98
0.78
2.87
3.49
-0.08
2.62
-0.67
-0.68
-3.21
3
-1.27
1.65
3.46
-1.78
1.12
-2.28
-1.68
-0.89
0.48
-1.17
-2.7
-2.07
2.87
0.74
1.39
-3.5
-2.14
