-2
-3.39
0.99
-2.4
3.84
3.04
0.94
0.56
-1.6
2.69
-0.65
-2.67
2.38
-2.44
-2.4
-1.73
3.37
-2.4
1.62
-2.23
-1.6
-3.15
-0.52
-3.33
-2.86
0.2
3.14
0.42
-1.91
1.08
0.64
0.86
1.76
2.98
3.3
3.41
-2.02
-2.1
-2.59
-0.35
2.23
-3.84
-2.7
2.55
-3.79
-3.97
-3.95
3.07
-0.48
3.23
-3.15
2.14
-1.59
1.48
1.64
4
-2.42
-2.86
0.83
1.44
0.06
2.82
-1.34
0.69
1.24
3.6
-0.43
3.12
-2.48
2.1
-3.72
1.21
0.5
-1.59
0.57
-1.76
-3.29
3.6
-3.06
0.7
-3.3
-0.1
-2.45
-1.01
0.23
2.81
0.87
-2.67
1.37
2.88
-2.97
-3.01
-1.64
1.63
-3.04
1.21
2.85
-1.43
2.74
-0.54
-1.19
-3.06
1.55
1.43
2.94
2.76
0.61
1.92
1.19
2.11
1.72
-1.13
-1.93
-1.15
0.73
-2.86
-3.11
3.55
0.34
2.65
-2.38
-0.08
