-8
-0.34
3.26
-3.25
-1.18
1.98
-3.94
-2.63
-1.84
-2.11
-1.62
0.04
-3.02
1.76
-1.65
-3.26
-2.19
-1.52
1.38
-2.04
-0.21
1.63
1.17
-3.42
-2.09
1.07
-3.25
3.8
2.78
-3.77
-2.33
-0.67
-3.99
-1.53
-2.56
2.54
-0.84
-3.42
1.14
2.83
-1.59
0.03
1.31
3.09
-2.05
-3.68
2.91
-3.38
1.67
3.92
-2.1
1.55
-0.15
-0.3
0.22
0.28
2.49
2.68
2.85
1.76
1.22
-3.73
-1.41
-2.07
-3.79
3.06
0.02
2.52
0.31
-0.18
1.59
-2.77
1.35
2.55
3.55
3.76
-3.69
2.09
2.64
-2.42
2.16
-3.88
-1.88
2.87
2.34
0.12
3.48
0.32
2.25
1.17
-3.96
0.48
-2.27
3.38
-2.39
-1.86
-2.57
-0.62
2.87
-1.1
0.31
-3.62
0.32
-2.15
-1.68
-3.34
-3.8
1.3
0.16
0.46
-0.04
-3.61
-3.96
1.27
3.61
1.09
2.15
-0.27
-0.4
0.1
3.58
3.71
