-6
0
3.38
-3.78
2.76
2.35
1.65
-2.12
0.07
2.16
-3.66
-2.24
0.25
1.16
-2.24
-3.42
-1.57
-1.37
-3.59
0.09
-1.67
2.93
2.83
-0.48
0.33
-3.96
3.6
-0.22
-1.26
-1.95
-0.62
2.54
-1.14
-2.61
-0.3
-3.83
-0.73
-0.54
1.12
-0.92
-3.15
-2.29
-1.93
0.66
-0.62
-0.12
-3.73
-2.61
2.5
0.61
-3.15
3.5
-1.1
1.77
-3.84
0.7
1.18
-0.15
-0.1
2.72
2.76
-2.13
3.14
-1.99
-1.22
-2.19
2.9
-1.15
-2.54
-2.42
1.31
2.98
1.51
1.33
-0.76
-3.38
0.85
-1.84
-3.86
-3.55
3.77
2.21
1.29
2.14
-2.81
-0.12
-0.37
1.09
-2.77
3.01
-1
3.42
3.57
2.41
0.33
2.99
-1.43
-3.95
-2.12
-2.43
0.98
1.43
3.93
0.91
3.31
-2.12
-2.02
1.58
-1.47
3.55
3.85
-0.99
-0.29
-0.56
2.95
-3.45
0.59
-3
-3.18
2.9
2.18
-2.2
