-8
-1.54
2.58
1.89
3.42
3.1
-3
0.26
2.05
0.8
-3.73
2.58
-0.52
-1.66
2.28
-3.63
2.84
3.31
-2.1
2.06
-1.44
-2.31
3.16
4
-0.29
0.12
3.46
-0.23
-1.6
-2.43
3.24
-1.01
-0.61
-0.83
-0.2
1.47
2.33
-2.59
-1.53
-1.12
0.57
2.28
-2.51
-0.96
-1.27
1.13
3.97
0.61
-1.73
0.21
-1.83
-2.49
1
-3.89
3.25
3.94
-0.7
2.59
-1.82
-0.71
3.64
1.23
-2.14
0.48
1.57
1.29
-0.82
-3.7
2.54
-3.19
-1.96
1.42
0.84
3.02
-2.52
0.28
-3.81
0.12
1.26
2.58
0.16
-1.15
-2.51
2.19
3.41
1.72
2
-0.72
-0.08
-0.13
-1.83
3.75
3.24
3.18
-0.76
3.35
0.42
1.02
1.48
1.45
-2.05
3.67
2.07
-2.54
-1.84
0.75
0.67
1.98
2.63
-1.04
3.74
3.19
-2.67
-0.4
3.14
0.79
-0.27
-0.33
1.08
3.85
3.29
3.91
