-4
-1.33
2.65
-1.7
2.19
1.66
-0.23
-1.86
3.87
-0.82
2.64
3.81
0.63
0.5
0.78
-3.97
0.02
-1.35
-2.96
-3.99
0.65
-3.05
0.13
-1.02
2.41
-0.36
-3.96
2.46
-0.38
-3.26
3.95
1.64
2.16
-1.96
-0.72
-0.6
-1.18
3.86
2.57
3.02
-1.79
0.49
-0.9
0.56
-3.46
-2.48
2.97
-1.36
-3.99
-0.3
3.65
-1.58
2.8
3.27
-0.74
-0.58
2.55
-0.34
-0.1
-1.45
1.61
1.32
2.53
3.12
-0.76
-3
-2.36
-1.42
-2.79
-2.62
1.21
0.17
0.09
-1.97
1.81
-3.85
1.86
3.57
-1.57
0.89
0.67
1.41
2.45
3.92
-2.9
1.52
2.84
2.89
2.79
3.86
0.86
3.17
-0.04
0.01
-2.6
0.9
1.97
-0.02
-2.68
3.55
3.88
0.39
-2.58
2.64
2.49
-0.52
2.33
0.77
-2.54
-0.9
1.57
2.98
-2.78
3.02
1.88
-3.8
2.87
2.61
2.02
1.72
-1.83
-1.25
