-5
-1.9
0.78
-3.73
-1.29
1.44
-1.32
1.72
2.68
-1.44
1.77
-1.89
1.86
2.57
0.69
3.93
3.37
-0.69
2.32
2.38
0.92
2.75
-3.62
1.69
-0.17
-3.52
-1.74
-0.95
0.07
2.69
3.52
-3.64
-1.71
-2.37
-2.12
-1.08
-1.52
2.65
3.24
-2.58
3.6
-1.67
0.1
-2.78
0.28
-3.08
-1.59
1.94
-0.76
2.63
3.53
3.77
2.15
1.89
3.08
2.95
-2.28
1.74
-2.93
-1.98
-0.06
0.21
-2.84
-0.38
0.32
-1.79
-2.55
1.68
-0.68
-3.72
-1.04
-2.2
-0.72
-1.63
-2.86
2.07
0.67
3.84
-1.24
0.33
-0.4
-0.44
-1.78
-3.18
2.69
2.9
-0.42
2.38
-0.79
-2.45
0.56
0.64
-3.05
2.07
3.63
2.66
3.15
-2.26
-2.4
-1.75
-0.88
1.57
-0.9
-1.47
2.65
0.8
-1.65
2.82
-3.37
2.43
-2.05
1.14
0.25
0.65
-1.47
0.28
2.12
1.98
-1.06
0.44
-2.84
-2.25
