-9
-1.05
1.06
3.86
-1.98
-0.75
2.98
0.15
1.17
3.08
-0.05
2.95
-3.15
-2.32
1.06
-0.45
-3.72
1.02
3.98
-2.41
-2.79
1.1
-2.42
2.17
0.21
-1.88
1.33
0.74
-2.84
-0.84
2.03
-3.64
-0.06
0.19
0.16
3.19
-2.38
-2.12
3.23
-3.73
2.8
-2.97
-3.87
-3.42
-0.47
0.84
2.94
-3.02
-3.65
-1.05
0.29
-3.95
2.97
-2.24
1.28
-2.63
-0.24
-1.83
0.96
-2.12
-4
3.22
-0.55
-2
0.38
2.28
1.22
-2.75
-3.7
1.87
-3.57
-2.43
-1.09
0.56
3.13
-0.25
-0.51
-3.21
-0.2
1.95
3.77
0.36
0.48
3.17
-3.22
1.46
-2.04
0.2
3.28
-0.84
-2.3
-2.53
1.25
-3.08
0.82
1.62
3.77
1.22
0.12
-0.03
3.84
-2.65
3.96
-3.16
-2.04
-3.63
-3.83
-2.42
0.25
3.37
-3.2
-2.34
-2.65
2.09
-3.27
-0.43
-0.24
2.57
-3.78
-2.06
1.71
-3
