-2
3.56
0.06
-1.31
-1.37
2.81
-0.4
-1.14
3.91
-1.88
-0.55
2.3
2.73
-2.72
2.05
2.77
4
-0.12
-0.72
2.2
3.31
-1.98
-1.86
-3.33
1.12
-3.74
-1.64
-1.92
-3.93
-3.22
-3.17
1.41
-1.01
-2.68
1.8
-0.94
-3.35
-0.92
-1.23
-1.77
-2.6
1.87
0.6
0.47
-0.92
3.37
0.54
3.25
0.12
-0.84
-2.4
3.41
0.92
2.51
-2.5
4
-1.57
-1.92
-3.4
1.23
-2.86
2.76
-3.79
-1.56
-0.7
-3.97
-3.71
1.34
2.67
-1.02
-0.49
-1.79
3.75
1.47
2.53
2.32
-1.85
-3.2
1.81
-3.76
1.38
-3.68
1.93
3.02
3.5
-0.78
-1.68
-3.75
1.31
3.15
3.9
-3.15
2.23
0.38
-2.39
-1.28
2.25
-3.15
0.87
-3.54
2.52
3.25
-2.81
3.35
-1.62
3.44
-0.42
-0.17
1.11
2.13
3.44
-0.6
-2.19
3.58
1.09
3.12
1.71
-1.48
0.3
-3.25
-0.22
2.17
