-10
-3.34
0.45
-2.79
-1.21
-1.65
-0.42
-2.95
-1.36
-2.2
1.22
0.31
-0.16
2.83
-2.82
-1.75
2.52
0.92
0.77
1.69
-1.69
-2.53
-2.77
1.81
-2.55
2.48
-3.13
-3.46
3.74
3.07
-3.46
-0.46
-3.54
-0.93
-0.95
-0.2
0.37
-1.42
-1.22
2.48
-1.29
-1.3
-0.1
3.79
-0.38
1.16
-1.37
-1.41
2.1
-0.66
1.15
-2.38
1.75
1.96
-1.94
3.47
-1.44
2.69
-2.31
-2.51
0.27
3.28
-2.33
1.03
-0.75
-2.08
2.12
-3.39
-1.15
1.3
-1.14
2.65
1.89
3.34
-0.1
-0.37
0.14
-2.72
3.45
0.6
-0.73
-0.17
-3.04
2.8
2.04
0.26
0.47
1.49
1.38
0.87
1.8
-3.83
1.52
-1.28
-1.39
-2.98
-0.87
3.26
-2.77
1.35
3.92
-2.01
0.16
-3.95
1.15
0.01
-0.79
-1.73
-0.35
1.04
2.52
2.44
1.78
-3.76
0.93
-3.32
0.49
1.61
-3.15
2.05
3.62
-0.25
