-2
1.43
-3.4
1.15
2.31
-1.18
0.96
0.09
2.67
-3.66
-0.74
0.38
1.87
-3.28
0.97
2.25
-0.12
1.87
-4
-3.63
3.25
3.87
3.97
-0.37
-3.44
-1.31
-1.67
2.58
-2.82
-1.45
-2.98
1.94
-2.87
1.36
2.53
1.51
2.5
0.56
0.87
1.94
2.9
-1.82
-1.79
-0.11
-0.93
-3.81
0.1
-3.28
2.88
3.19
3.08
2.53
-1.53
-3.28
2.3
3.64
-0.05
0.98
-3.91
2.99
-1.61
3.11
-1.84
3
-0.9
-1.85
1.06
0.96
3.74
-3.97
0.26
3.76
-0.21
-2.55
1.41
3.61
-3.56
3.34
-1.32
-2.99
3.45
0.05
-2.2
-3.88
-1.28
0.91
1.32
0.98
3.89
1.55
-3.67
2.95
-3.76
-1.91
2.75
-0.82
2.95
3.14
1.3
-2.11
2.77
2.04
-0.95
-3.9
-1.58
2.47
2.51
-2.51
-1.43
0.25
-3.57
0.42
-1.6
-2.09
0.68
-1.76
-2.93
2.55
1.46
0.45
3.76
-0.91
