-3
-1.05
1.06
3.86
-1.98
0.9
2.98
0.15
3.79
3.08
-0.05
2.95
-3.15
-2.32
1.06
2.66
-3.72
-3.05
-3.45
-1.54
1.71
1.1
0.58
2.17
0.21
0.16
1.33
1.37
1.46
-1.69
2.03
-3.64
-0.06
0.19
-0.96
0.94
-2.38
-2.12
3.23
-3.73
-3.86
-2.97
-3.87
-1.6
-0.47
0.84
2.94
2.82
-2.19
-3.43
0.92
-3.95
-3.06
-2.24
1.28
-2.63
-0.24
-0.23
0.96
-0.96
-4
3.22
-0.55
-2
0.38
2.28
1.22
-2.75
-3.7
1.87
-3.57
-2.43
0.32
0.56
3.13
3.8
-0.51
-3.34
0.13
1.95
3.45
-3.37
0.48
3.17
-3.22
-1.36
0.42
-0.2
3.28
-0.84
-2.3
-2.53
1.25
-3.08
-3.6
1.62
-1.37
2.14
2.63
-2.72
-2.11
-2.65
3.96
-0.84
-2.04
-3.63
-3.83
-2.42
0.25
3.37
-3.2
-2.34
-2.65
2.09
-3.27
-0.43
-2.15
3.21
-3.78
-2.06
-2.54
-3
