-10
0.84
-3.69
-2.81
-0.84
0.18
-3.53
0.95
-1.95
2.13
-2.2
0.88
2.22
-3.91
1.68
0.7
-2.68
3.61
0.06
-0.48
-1.93
-3.33
-2.05
-2.8
-0.18
-2.98
0.47
3.7
-3.3
0.25
3.46
1.36
0.6
-1.17
2.6
2.44
0.87
1.42
1.41
-1.2
-0.07
-3.34
-3.71
-0.19
-2.55
-1.03
-2.74
0.53
-2.76
-3.51
3.58
-1.71
2.62
-2.73
-1.93
-2.13
3.88
-3.86
1.49
0.17
-1.24
-1.97
-3.99
-2.15
3.46
-3.8
-0.25
-2.81
-2.44
2.6
-2.25
-3.26
0.47
-1.2
-0.95
-0.09
-1.37
-2.14
-0.12
-1.33
-3.26
-2.99
0.79
-2.36
3.52
1.08
2.01
-0.68
-0.45
-3.82
-3.55
-2.23
-3.49
-1.68
-1.48
-2
1.6
1.01
3.98
-2.75
1.82
3.01
3.25
-1.61
2.69
-0.82
-0.42
2.39
-0.94
-3.67
-0.24
-0.69
2.85
-3.59
-3.11
-1.55
-3.32
-0.79
-1.83
2.62
3.09
1.01
