-7
3.81
1.99
-2.16
-1.67
-1.8
-2.13
-0.51
3.66
-3.15
2.42
-2.65
-2.32
-1.11
-0.55
-1.52
-1.72
2.27
-0.32
0.97
2.21
-0.4
0.7
-0.73
-2.35
0.24
0.59
2.3
-1.3
-0.67
-2.33
-1.33
0.59
3.24
-3.42
-0.32
2.11
-1.87
0.76
2.42
-3.42
1.67
3.47
-3.35
-0.76
-2.24
3.88
3.45
-1.29
0.9
1.9
2.86
2.76
-2.54
-1.43
-1.23
0.22
-2.48
3.12
0.73
-1.91
1.9
3.52
-0.05
1.37
3.9
-1.01
-0.49
3.86
2.12
1.55
1.13
0.17
-2.04
2.12
-1.23
0.45
3.1
-1.54
-1.55
-0.85
3.75
-0.56
-0.21
-3.36
-2.55
2.95
3.98
-2.32
-3.93
3.14
-2.18
-3.12
-0.57
-1.81
1.61
-2.42
0.68
-3.03
0.26
2.39
2.95
0.12
2.3
0.43
2.56
1.87
-1.83
0.39
2.06
2.53
3.5
0.55
-1.86
3.3
-1.76
1.86
-4
-3.01
3
3.62
2.41
