-7
-1.9
3.29
-3.73
0.72
1.44
-2.1
1.72
2.68
2.9
1.3
0.6
1.86
0.53
0.69
3.93
3.37
3.39
-0.63
-1.13
3.61
2.75
-3.62
1.69
-0.17
-2.57
-1.48
0.46
-0.1
0.85
-3.41
-3.64
-1.71
-2.37
-2.34
-1.08
-1.96
-1.69
3.24
1.36
3.6
-1.39
0.1
-0.88
0.28
-1.92
2.69
0.38
-1.33
-1.88
2.71
-3.19
-3.17
1.89
-1.99
2.95
-0.4
-2.78
-2.93
-1.98
-0.1
0.21
-2.84
-0.38
-1.99
-0.19
1.85
-1.9
-1.28
-3.72
-3.83
-2.2
1.84
-0.87
-0.03
-1.66
1.74
3.84
-1.24
0.33
2.72
-0.44
-2.49
3.38
2.69
-1.97
-0.42
3.94
2.17
-3.34
0.56
-3.07
-3.05
3.18
0.54
2.66
2.26
-2.26
-2.4
1.62
2.89
1.57
-0.9
-1.47
-1.85
0.8
-1.65
2.87
-3.37
2.43
-2.05
1.14
1.22
-2.75
2.67
-1.19
3.68
1.98
1.78
0.44
-2.84
-2.25
