-5
0.8
-3.86
0.9
-1.29
1.44
1.82
-3.04
-1.45
-3.08
3.33
-1.89
2.47
0.53
-0.64
-3.64
-3.53
-3.42
-1.44
-1.13
-0.14
2.75
-3.62
-0.59
-0.17
0.66
-1.74
-0.6
0.07
-1.18
3.52
2.41
-3.76
-0.24
-2.34
0.4
-1.52
2.13
3.24
-0.76
3.6
-1.67
-2.27
-2.11
-2.15
-3.08
1.96
0.59
1.38
1.2
2.02
-3.19
2.15
-2.04
3.06
2.95
-0.4
3.57
3.66
-1.98
-0.38
0.21
-2.84
-2.2
0.32
2.29
-2.55
1.68
-0.77
-3.72
-1.04
-2.2
-0.82
-1.63
2.29
1.34
0.78
-2.33
3.92
0.33
-1.59
0.46
2.44
-1.11
-0.99
1.62
3.47
1.75
-1.75
-1.61
0.56
0.64
-3.05
2.07
0.58
2.66
-1.08
1.6
0.1
-1.75
0.81
-2.83
-3.68
3.86
-2.92
3.05
-1.65
2.87
3.61
-1.48
-0.97
1.14
0.57
-1.48
-1.47
0.34
0.68
1.98
1.66
-0.51
-2.84
-1.95
