-2
-2.76
-2.08
-1.38
-3.89
0.99
3.65
0.56
-1.6
-1.18
-0.43
0.43
3.11
0.37
3.62
-1.73
3.37
3.99
1.62
-3.63
-1.45
-0.2
2.2
3.33
0.49
0.2
0.83
-3
-0.34
2.62
-2.56
-0.08
3.18
2.98
-0.16
-3.65
-2.59
-2.1
-0.48
0.1
1.2
-2.91
-1.66
2.55
-0.53
3.79
-0.68
0.06
-1.09
-2.45
2.43
-2.99
1.78
-3.38
1.64
1.39
-0.65
0.2
1.73
0.36
1.12
0.21
-1.34
0.69
3.84
3.6
0.97
3.12
-0.66
2.1
-3.72
3.68
2.54
-3.84
-3.72
-1.94
0.97
0.8
-3.06
-3.69
2.27
-0.26
-2.36
-1.01
-3.56
2.81
0.39
-1.2
1.56
0.33
0.26
-2.05
-1.64
-0.75
3.59
-0.95
3.63
-1.43
1.95
2.45
-1.22
0.24
-0.72
2.96
2.94
0.02
2.36
1.92
1.19
1.99
1.72
-3.02
-1.35
-0.85
0.73
3.2
-3.82
1.79
-3.55
2.65
-3.94
3.69
