-10
-2.76
0.99
-1.38
-3.89
3.04
3.65
0.56
-1.6
-3.54
3.98
0.43
2.38
0.27
3.62
-1.73
-3.97
3.99
1.62
-2.06
-1.6
-0.58
2.2
-3.33
-2.26
-3.7
1.72
1.73
-3.36
2.14
0.83
0.62
3.18
2.98
3.3
-3.65
-0.08
0.35
-0.48
0.1
-0.83
1.84
-1.66
2.55
-0.53
-0.94
-0.68
-1.92
-2.97
-2.94
3.17
-2.99
1.45
1.84
2.29
-1.31
1.15
2.93
0.98
0.29
-1.02
-1.28
-1.26
0.69
1.33
1
0.97
3.05
-2.48
3.39
2.63
-0.96
2.54
-1.59
-0.01
-3.67
0.97
2.79
3.93
-3.69
1.19
-0.26
3.28
2.03
2.98
2.59
0.72
2.75
2.49
2.46
-2.97
-2.72
-1.66
3.6
3.82
0.85
0.46
2.81
1.37
0.93
-1.19
0.24
-0.72
0.45
-0.98
0.02
2.36
0.84
0.73
1.99
1.72
-1.13
3.24
-0.85
0.73
3.2
-3.82
-4
1.8
2.65
-0.41
3.69
