-2
-0.14
0.59
-1.74
-2.79
-1.25
-0.35
-1.88
3.42
3.43
-3.22
0.23
-2.19
3.25
-1.36
1.58
2.63
-2.33
-0.78
-0.87
2
1.93
-2.75
2.15
3.87
0.97
0.19
-0.96
-1.7
0.83
2.57
0.5
-3.77
2.6
-1.54
-0.67
-3.21
-3.04
0.97
2.53
0.65
-0.68
3.24
0.5
1.04
3.74
-0.3
2.15
2.83
1.98
-1.69
3.93
2.49
2.93
-1.26
-3.43
-1.39
2.45
-1.61
0.25
2.56
-3.39
3.83
-1.41
-3.15
0.29
0
-0.79
0.79
3.32
0.78
1.66
0.7
0.69
2.49
-1.32
2.69
0.75
-2.9
-3.87
-2.74
2.05
0.21
0.33
-1.49
2.65
2.02
-2.7
-0.15
-2.12
-3.28
-1.65
2.58
-3.28
3.97
0.03
-0.51
0.65
-0.35
-3.25
-0.26
-3.52
-2.64
3.52
-2.8
0.65
-0.78
-2.21
-3.56
-3.94
-2.11
1.87
1.34
-1.74
-1.02
-3.49
0.41
-0.5
-3.93
-1.79
2.27
-1.31
3.37
-1.1
2.6
-1.57
3.09
-0.02
0.73
-1.55
3.19
-1.96
-2.91
-3.65
0.39
-3.23
0.69
0.69
-0.87
1.86
-0.58
0.23
-3.14
-0.22
4
-1.14
1.01
0.31
1.74
3.46
3.63
4
0.57
-2.56
-1.51
-2.95
-2.88
2.46
-3.08
2.78
1.57
3.25
1.07
2
-3.13
3.85
0.77
0.99
1.87
-1.79
-0.17
3.72
-3.63
-1.78
2.79
-1.96
-2.17
-0.42
-1.1
-0.26
1.42
-1.23
2.24
1.28
-1.17
3.2
1.47
3.66
1.86
-0.66
3.66
2.23
-0.23
0.35
-3.71
0.17
3.17
-1.13
-1.1
-3.85
2.09
-3.99
2.44
-0.48
-0.38
3.91
3.63
-1.65
-1.35
-3.55
3.22
1.54
-0.44
1.19
-2.65
-1.21
-3
3.79
-0.84
-2.32
-1.63
1.11
3.13
-1.47
-1.44
1.61
-0.05
0.02
-2.07
-1.39
-1.13
2.96
-3.33
-1.25
1.65
1.4
0.33
-1.28
-2.35
-1.08
3.57
-0.88
1
1.41
0.12
-1.89
-1.34
2.58
-1
1.5
-0.84
3.38
3.71
-2.78
1.78
-3.02
-3.12
-0.09
-3.04
2.02
-0.05
-0.4
-3.58
-3.97
1.58
-3.75
0.86
-3.19
3.55
-0.05
2.47
2.29
2.14
-3.77
-1.89
3.26
-3.9
-2.28
2.41
-3.56
-1.06
1.38
-2.99
0.43
3.46
-0.5
3.26
3.46
0.98
0.67
0.52
-3.58
-2.25
-0.36
2.98
-0.03
-1.3
0.97
3.84
-0.14
1.26
-2.15
3.04
3.05
3.04
0.88
-2.76
3.47
3.11
2.52
-3.13
3.17
1.5
-3.49
-0.93
2.58
-1.42
-0.01
-3.42
-1.93
-3
1.4
-0.16
-1.12
3.44
2.04
0.53
-1.51
-2.74
2.15
0.55
-0.86
-2.12
-1.45
-0.81
-2.91
2.35
-2.03
1.4
-1.42
-1.75
3.79
-3.66
2.46
-0.21
1.35
-1.08
-2.76
-3.43
-3.6
-2.62
2.71
0.38
1.76
-1.14
3.86
2.02
0.16
3.62
-3.01
-3.66
2.76
2.21
-3.04
-2.04
1.74
1.29
-1.05
1.33
-2.02
-3.77
-3.39
2.59
2.01
3.82
-2.79
1.06
1.38
3.09
-1.91
-0.89
-0.71
-2.08
-3.14
0.77
1.84
2.76
0.12
3.69
-0.67
-0.93
-1.82
-1.64
0.41
-1.76
-0.5
-2.42
3.39
0.49
2.06
-3.95
3.98
-0.09
2.6
-3.84
-3.24
-3.88
2.38
1.94
-2.36
-1.2
-3.37
1.07
1.53
1.88
1.05
0.84
1.35
0.2
0.12
2.98
-2.84
-0.74
-2
2.91
2.05
2.26
-1.82
-0.23
0.32
3.63
1.68
-3.11
-2.98
-1.97
-0.86
3.39
-0.67
-3.31
0
1.72
-3.62
2.18
2.05
-3.47
-1.56
1.11
0.84
2.53
1.19
2.67
0.24
-0.81
-3.64
3.09
2.89
0.72
-2.09
3.69
-1.88
-1.5
1.94
-1.39
-2.38
-1.99
1.13
3.75
0.05
-0.51
-1.26
1.66
-2.5
0.66
-3.81
2.41
2.6
-1.01
1.22
-2.54
0.47
-3.07
-2.58
-0.34
2.58
1.65
-0.61
-1.52
-3.48
-2.06
-0.86
2.43
1.48
-0.36
2.57
-2.51
3.79
1.78
0.55
0.03
-0.59
-1.31
-2.94
-2.66
-0.22
3.54
1.16
3.59
-1
-2.04
-3.52
-0.1
3.5
-3.56
-0.78
-2.82
-2.92
-1.72
0.03
-0.02
2.63
-1.36
3.22
-1.89
-3.65
0.32
-3.83
1.87
2.09
2.7
2.63
-3.18
2.44
-2.81
2.06
-2.23
3.88
-3.92
3.88
3.04
-3.52
-0.19
3.49
2.57
-2.55
3.24
2.93
1.04
-3.58
1.38
-3.59
1.51
-2.26
-3.44
1.4
-3.23
-0.52
2.96
-3.02
3.47
3.36
3.3
-2.51
0.3
-0.66
3.67
1.46
2.31
-1.62
-2.56
-2.69
-3.01
-1.6
1
-0.5
-1.18
-0.85
-3.36
-3.35
-2.89
1.39
-0.86
1.45
-3.29
2.28
-2.89
3.08
1.87
-0.21
1.29
2.3
-3.09
3.1
-3.59
3.69
-2.81
-1.68
-0.81
-0.77
-2.22
-2.23
-3.39
-1.35
2.98
0.06
3.42
-0.9
0.75
1.07
-1.42
1.63
-1.17
2.3
3.87
-1.93
0.21
-2.15
-3.22
2.03
-1.78
-3.42
3.6
-1.48
1.1
-0.85
-3.6
-2.1
-2.01
1.31
-1.69
-3.5
3.97
1.42
2.87
3.35
0.77
-3.51
2.47
0.65
2.87
2.02
-1.67
-3.21
-2.8
3.67
-0.54
-1.39
3.24
2.34
-0.53
3.34
-2.47
1.16
-2.99
-2.8
-1.82
2.1
1.55
-0.17
-0.34
1.52
-2.89
3.44
-1.24
-1.92
1.66
1.42
3.44
-3.48
1.3
-0.28
-0.62
0.13
3.17
0.21
2.25
2.8
-2.69
1.44
3.69
1.79
-1.33
-0.34
-2.16
-1.03
2.97
-1.2
0.41
1.67
1.16
2.68
-1.06
-1.36
-3.01
-2.66
0.9
-1.1
2.04
3.13
-2
2.05
-0.82
2.71
-2.97
3.75
-0.04
1.4
2
0.81
-1.05
-0.61
0.79
-3.89
0.14
1.87
-1.15
1.46
1.59
3.8
-0.88
-1.14
-2.99
-2.24
-0.64
2.63
-3.22
-3.26
-0.86
1.82
3.31
-0.65
-3.25
-1.81
-0.57
-2.36
-1.39
-0.04
-1.38
-1.9
3.02
-2.44
0.8
3.61
-1.28
-2.23
-2.11
-1.18
2.5
-0.88
2.5
3.45
1.31
2.25
0
3.14
1.04
-2.59
-0.65
-1.6
2.97
-0.79
-1.74
-3.82
1.5
3.6
-1.37
-1.4
0.68
-1.5
-0.74
2.9
-1.17
-0.51
-3.22
-2.45
2.07
-2.59
3.05
-2.41
0.74
1.96
-1.76
-3.98
3.33
3.87
2.04
-1.49
2.19
0.3
0.61
-2.81
-3.4
-3.78
-0.86
-0.2
3.31
0.62
-1.9
-0.88
3.14
3.3
2.14
0
3.86
3.6
0.61
-2.18
1.46
-1.56
-2.93
-0.37
-1.64
-2.24
1.66
-3
-3.03
-1.77
-3.15
1.64
-2.44
-3.89
0.41
-3.62
1.9
-1.94
2.29
-1.4
-3.66
0.98
-1.75
-2.55
3.31
-0.07
-1.55
1.45
3.82
2.25
-3.84
3.73
-0.75
0.21
1.05
-0.26
-0.77
-3.03
2.84
2.85
-1.44
-1.87
-1.17
1.07
-0.24
0.47
-2.44
3.02
-1.12
1.76
2.11
1.8
-2.69
-1.99
-2.52
-3.52
-3.82
3.63
0.32
2.44
3.31
-3.79
-2.82
-1.28
-1.93
-2.87
-1.61
1.35
-0.93
-3.34
1.16
0.92
-0.77
3.44
-3.96
2.21
-1.85
1.19
1.69
-1.16
-1.63
-0.57
-1.43
-1.94
-3.86
-1.63
2.41
-2.76
-1.27
0.57
-0.45
-0.39
0.66
-3.61
3.54
-1.65
-3.05
-3.9
-1.01
-1.37
-1.92
0.21
-0.05
-1.79
-3.4
-2.81
-1.44
-2.13
-2.04
-0.73
2.33
-1
-2.07
-2.52
0.07
-0.12
1.64
3.13
-1.42
3.71
-1.28
-2.86
-1.39
2.5
1.12
-2.45
-3.75
-1.17
3.9
1.69
1.26
-1.95
-1.81
-0.94
-3.25
2.16
3.49
-3.65
-2.54
2.95
3.81
0.54
3.28
3.47
2.25
-3.45
-2.33
-0.83
0.33
-0.34
0.71
-2.17
1.53
-0.71
3.91
-3.07
-2.4
1.45
1.1
3.05
-3.07
3.73
-2.03
0.28
2.01
0.28
-3.2
2.87
-3.28
1.91
0.4
1.29
1.66
-0.37
3.9
2.19
-2.13
-0.86
-3.75
0.57
3.88
1.09
2.51
0.24
-3.02
-0.57
0.53
2.9
-0.84
3.83
0.55
-1.97
-0.74
-1.59
2.02
-3.93
-1.44
-1.01
-2.54
-2.03
3.75
-1.2
-1.56
2.42
3.27
3.43
0.17
-2.11
-0.6
-2.29
3.06
2.46
1.19
-3.47
3.18
-0.15
-2.78
1.74
-0.7
-1.43
3.76
-2.09
-0.29
-3.1
-2.64
-1.64
-1.98
-0.76
1.62
3.83
-0.37
2.88
-2.32
2.29
0.82
1.07
-1.36
-3.92
0.98
-2.45
3.26
-1.36
-0.5
-2.56
-3.23
2.1
0.84
-1.27
-0.76
-1.84
2.85
0.82
3.7
2.89
-1.79
1.84
3.1
-2.46
1.06
0.9
1.4
-3.08
0.27
-0.43
2.09
-3.83
0.78
2.91
-0.29
-1.9
-2.79
-2.86
-3.24
-2.26
-0.69
1.12
2.41
-1.73
-3.88
-0.74
1.53
3.29
-4
-0.55
-3.03
2.81
3.19
-1.21
0.07
2.99
1.98
-2.91
-0.97
-3.92
0.16
2.33
2.37
3.93
-0.64
-3.41
-2.69
1.93
3.03
-2.87
-3.05
1.71
0.06
1.96
-0.42
1.1
3.43
0.82
-2.58
-2.21
3.37
2.12
-3.08
-3.19
-1.4
3.28
-3.01
-2.01
-1.17
0.72
0.13
-3.89
2.11
-3.32
1.59
0.98
2.75
2.48
2.91
3.53
-2.05
3.6
-3.74
2.88
-1.51
-0.74
-1.25
-2.78
3.22
2.97
3.56
-2.85
3.68
-2.77
-3.29
2.05
1.41
1.55
1.33
0.08
3.61
3.33
-0.91
-1.7
1.01
-3.16
3.6
-0.62
-3.63
2.6
2.36
-3.05
1.91
-2.11
3.85
3.78
1.85
-1.95
2.32
3.35
0.53
3.77
-1.23
-0.13
1.17
-1.03
-3.56
0.88
3.97
3.55
3.58
-2.81
-2.85
-1.17
3.93
-1.38
0.5
1.96
-2.14
-2.35
-0.34
3.37
-3.15
-3.39
-3.39
2.61
-0.76
1.78
-2.61
-3.06
-3.81
-0.64
3.24
1.99
3.56
3.84
0.55
3.23
1.14
-1.97
-3.61
-1.28
-0.59
-3.17
3.03
1.16
3.8
-0.92
-2.04
1.22
-0.73
3.89
-3.82
0.66
-0.32
1.17
2.92
-1.84
-0.74
2.56
3.73
-1.34
-0.52
3.03
3.35
0.21
-2.04
-0.83
-0.72
-3.91
2.07
1.27
-3.18
3.84
-2.74
-3.06
-0.05
-3.98
-2.41
-0.55
2.81
-3.84
-0.18
0.17
1.67
-3.7
-0.82
-1.43
-1.7
-1.62
-3.09
-1.61
-0.03
2.58
-1.69
1.73
3.24
0.39
-2.52
-1.19
-0.8
0.63
3.81
-2.13
3.16
2
3.07
-3.65
-0.6
-1.26
-2.79
2.9
-3.44
3.81
3.76
3.57
2.85
3.31
-2.64
3.05
-2.97
3.39
-3.14
-3.11
3.18
-0.32
-2.7
-1.75
1.52
-0.46
-2.3
3.57
2.54
2.78
-3.76
-1.82
-3.65
-2.06
1.02
3.67
-2.76
-1.17
3.18
3.57
-2.83
-1.98
-2.18
0.16
2.83
-1.26
2.88
3.94
-0.98
-1.56
-2.22
-0.19
-0.24
2.92
-1.3
-0.52
0.7
0.82
-1.17
3.87
-2.97
-2.35
-3.65
-2.21
3.57
1.57
3.22
0.91
-1.71
-2.3
1.8
2.21
-3.79
-2.71
3.72
1.15
-2.15
1.15
-0.58
-1.22
0.66
-2.23
0.54
0.1
1
0.43
2.42
-2.57
3.24
-2.46
-1.03
0.43
4
3.32
2.54
3.52
-2.34
-3.97
0.6
-2.75
-0.47
-2.03
1.64
-2.68
0.64
-0.42
-0.4
-1.54
3.2
1.55
-2.38
3.56
-2.61
-3.96
-0.8
3.27
1.12
0.26
0.8
-0.87
3.15
1.78
1.67
-3.26
2.73
-2.63
2.21
-3.1
-1.24
-3.8
-0.52
-2.19
-3.46
-1.83
3.26
-1.31
0.13
-0.79
3.47
-2.59
-3.17
-0.05
-1.76
-2.31
3.92
-0.59
-0.97
3.96
0.11
3.27
-1.6
1.41
-0.76
-2.54
-1.9
1.75
0.31
0.9
-1.41
-0.74
1.37
-1.31
3.71
3
-1.93
3.81
3.01
3.23
-3.21
-3.49
-0.86
-2.1
0.8
-0.62
-1.71
-0.81
-0.46
-0.02
-3.18
-0.69
2.34
2.25
0.79
-0.5
1.81
2.08
2.58
3.09
-3.94
-2.5
2.38
3.24
-3.38
0.2
0.05
2.14
0.25
-0.75
3.63
-3.9
0.41
-0.19
3.16
-0.4
0.12
-3.51
-3.39
3.86
3.17
2.92
-1.79
-3.68
0.07
3.28
0.93
3.12
1.91
0.2
-2.82
-0.01
-2.77
3.93
3.17
3.29
-1.87
-0.09
-2.72
-3.41
3.34
0.16
2.95
-3.72
0.36
-3.29
2.91
-1.47
3.09
-2.81
3.38
1.31
1.46
2.72
3.92
-2.85
3.29
2.06
-0.84
-2.66
3.28
0.93
-3.77
-3.96
-1.94
-0.37
2.88
0.49
0.65
3.87
-2.54
-3.79
3.22
-3.99
-3.48
-0.99
3.98
-2.08
-0.03
-0.65
-3.63
-1.61
-3.98
0.71
0.83
-0.12
2.53
-1.49
-4
2.01
-4
0.08
-3.26
3.95
-2.68
-1.59
-0.08
2.9
2.23
-3.28
-2.16
-1.59
1.89
3.22
3.73
3.17
2.09
1.45
2.2
0.9
-2.82
1.37
-1.92
3.82
-3.04
0.88
0.9
-0.47
-0.78
2.18
1.1
0.36
0.48
2.64
3.87
1.39
3.47
3.28
2.69
2.12
3.1
-2.92
-0.31
-0.76
-2.49
1.96
0.51
-3.19
0.98
1.67
1.79
-2.92
0.32
-0.89
0.83
-1.37
-2.01
-3.07
2.98
0.45
1.52
-3.61
-0.33
-3.95
-0.37
1.48
1.93
3.26
3.36
-1.66
3.7
2.82
2.76
-3.93
1.8
-3.9
-2.33
2.84
2.3
-1
-3.63
0.09
2.55
1.56
-3.62
0.01
-3.96
-2.63
-2.2
1.23
-0.61
2.53
-3.7
-1.76
-3.4
2.71
1.41
-0.36
3.62
0.03
-3.97
1.26
-2.55
-1.36
1.97
2.98
-1.68
0.25
1.31
0.73
-3.04
-0.84
-1.37
-0.03
0.07
-2.57
-2.16
2.11
3.67
3.62
