-7
-2.29
0.38
-2.25
1.6
-1.17
2.29
-1.11
1.11
1.15
0.12
2.99
0.8
2.63
0.99
-3.08
-3.61
0.28
-1.14
2.12
-3.02
-0.71
-1.04
2.74
3.34
0.29
-0.32
0.54
1.72
2.78
2.61
-3.31
3.92
2.02
-0.27
3.38
-3.68
-2.12
-0.28
2.79
-3.35
1.56
2.44
-1.08
3.56
1.56
2.66
-2.19
-2.7
-2.59
-3.85
2.53
0.41
3.64
-0.06
2.99
2.75
1.64
-1.58
-2.7
3.15
-2.26
1.18
2.33
2.55
-0.58
3.07
2.78
-1.1
1.61
-3.41
2.51
-3.45
0.07
1.46
-0.57
0.85
-3.96
3.19
-2.22
1.64
-2.13
-0.76
0.31
2.63
-3.93
0.28
-3.73
-1.93
0.74
-3.37
-1.31
3.46
-1.59
3.65
2.92
-3.62
-3.89
0.37
0.13
2.49
3.88
2.91
-0.3
-3.19
-2.36
1.98
-3.66
-1.82
-3.49
-1.86
2.7
2.46
-3.36
-0.33
1.27
2.51
-3.14
3.71
2.47
3.15
2.79
0.71
2.17
0.98
1.9
3.06
2.14
0.43
2.55
-0.96
0.74
-0.33
-0.94
-0.71
1.77
-1.03
3.55
-0.5
0.98
-1.9
-0.07
2.1
-2.45
-1.4
-2.07
0.24
2.82
2.75
-1.63
-3.59
3.52
-3.6
1.9
0.98
3.7
-0.84
-3.26
2.73
-1.09
-1.41
3.84
-0.08
-0.37
1.47
1.41
-0.97
-0.61
1.35
1.9
-1.7
2.97
1.37
-1.28
0.37
-0.79
-3.31
-0.85
-0.44
-0.96
-2.34
-3.77
3.4
-1.95
2.14
-0.47
0.33
1.78
2.08
-0.41
-1.4
-1.78
-3.19
-3.42
-1.61
-1.73
-3.99
-1.54
0.09
1.2
2.91
-3.16
-2.53
-3.16
-3.93
-2.56
-1.85
1.68
-2.47
-2.23
3.01
-3.99
1.18
-0.32
-2.75
-1.64
-3.56
-2.14
1.5
-2.06
-2.93
1.26
1.32
-2.25
-0.7
-3.92
2.15
0.79
-3.68
-1.9
-0.81
2.23
3.07
2.37
0.14
-3.18
2.76
2.55
-2.02
0.69
-2.63
2.65
0.24
0.3
0.59
-1.41
1.04
1.14
3.34
-3.97
-2.18
2.16
0.97
-1.86
0.12
-2.35
-0.48
3.72
1.55
3.99
-0.7
1.37
1.35
3.43
2.58
-3.22
-3.06
2.82
3.55
-3.58
-0.4
-2.11
3.88
-3.19
-3.44
-1.58
-2.99
-2.98
1.17
-3.3
-0.96
-2.99
1.45
-3.71
-3.73
1.04
-2.74
0.92
-1.76
-1.52
1.3
3.05
-3
-2.01
-2.61
0.01
-2.71
0.82
1.72
-0.19
-2.36
2.23
1.59
2.91
0.44
3.94
2.28
0.16
-2.43
-2.3
-3.37
-1.5
-1.45
0.84
0.95
-1.71
3.92
1.06
3.16
-2.46
3.53
0.02
0.57
1.06
-0.87
0.56
-3.11
1.89
3.42
0.56
-2.88
0.2
-0.7
-2.64
3.07
0.81
-0.58
2.55
-0.15
-3.66
2.76
1.1
-0.65
-3.46
-2.15
-1.2
0.49
0.16
1.04
3.1
0.1
0.24
1.66
0.18
0.28
1.62
-2.34
-3.48
-0.22
3.89
3.04
-3.61
0.74
1.02
-3.43
0.44
3.2
-2.81
1.77
-3.86
2.87
-2.64
-2.8
2.81
-1.22
-1.58
-3.33
0.02
-0.79
-3.68
-3.94
0.73
-3.16
-3.68
-3.55
0.89
2.54
3.13
1.08
-2.56
-0.85
-1.11
-1.23
-0.03
-2.7
2.37
-3.64
2.34
3.98
1.41
-0.39
-0.7
2.39
0.9
-3.78
-1.26
-0.97
2.86
-2.61
-2.14
0.95
1.64
1.32
-0.54
3.82
-1.7
3.55
0.41
0.56
-0.32
1.9
-3.93
0.11
0.32
0.99
-0.02
2.6
1.24
1.5
0.41
-1.95
-1.66
0.05
1.8
0.72
0.77
2.35
-0.06
-3.91
1.72
-2.14
3.69
1.73
-0.79
0.5
1.51
1.58
3.32
0.15
3.01
2.83
-0.05
-2.23
0.29
3.51
-0.47
3.19
-1.94
3.91
0.25
0.14
1.8
-2.65
0.99
3.81
-1.39
-2.41
3.52
2.74
-0.95
-0.04
-0.4
0.32
2.85
-2.18
2.22
-1.65
-3.1
3.83
3.49
2.4
3.29
-2.92
2.5
1.59
2.11
-3.44
3.76
2.29
-2.82
1.58
0.28
0.04
-0.15
-2.43
0.06
2.34
-3.27
-0.59
-2.11
-0.08
2.07
-3.43
-2.91
-0.96
-0.78
3.64
-1.07
-1.54
-2.71
-2.82
2.29
-1.76
-3.58
1.85
0.86
0.71
-1.15
3.41
-2.3
-1.96
-2.17
-2.78
1.56
1.48
3.69
3.57
-3.53
1.27
1.76
3.89
-2.39
1.49
1.93
-0.44
-3.67
2.72
3.99
-0.55
-1.64
2.48
1.64
1.3
1
4
3.29
-1.97
-0.39
2
0.71
3.36
-0.52
-2.67
-2.3
3.86
-1.91
0.84
-0.99
-0.38
-0.64
-0.35
3.17
1.66
0.71
-2.6
3.58
-3.21
0.32
0.86
1.52
2.15
0.73
3.41
1.04
-0.77
0.41
0.54
0.22
1.57
2.19
1.65
-0.04
-1.53
-3.45
2.41
0.41
-3.72
-0.21
2.08
-2.53
-0.51
-0.3
0.37
-3.92
2.71
3.31
3.98
-3.42
-0.4
-3.58
2.5
1.72
2.75
-3.53
2.57
-1.38
0.08
0.29
2.48
-0.55
1.56
-3.38
1.45
1.43
1.72
3.7
0.69
1.1
2.3
1
3.29
1.01
2.25
-0.61
-1.98
-1.56
-3.64
3.32
2.33
-0.08
0.43
-0.05
-3.38
1.14
3.7
3.94
1.21
-2.01
-2.01
-0.22
-3.68
-0.01
1.31
-1.38
-0.09
-1.13
2.26
2.94
-1.63
3.02
-1.38
-1.13
-1.71
2.6
-2.87
-2.52
3.47
-0.64
2.46
0.12
-1.74
0.76
1.96
-1.44
3.02
-2.39
4
-3.7
1.74
1.78
-1.51
-1.31
-0.89
-1.49
0.67
-0.7
3.7
-0.38
3.48
3.15
0.18
-2.57
0.94
3.32
-2.7
-2.45
-2.35
-1.97
0.01
2.21
-3.54
-2.16
-0.46
1.87
-2.48
-0.43
2.04
-1.25
-0.39
-1.7
-1.12
1.96
-2.81
0.6
0.52
3.93
3.76
3.79
-2.08
1.83
-2.22
-0.15
-0.11
3.31
3.95
-3.17
3.83
2.64
-2.75
1.46
3.96
1.97
0.29
3.54
1.31
-3.36
3.16
1.25
-3.01
-2.9
1.27
0.95
-3.99
1.17
0.27
2.23
-3.77
-3.66
-1.2
-2.62
-2.2
-2.13
-3.9
2.18
0.42
0.62
1.96
0.24
1.93
-3.32
-0.26
3.4
-2.5
2.15
-1.66
0.92
-2.33
-2.35
3.29
-0.12
-3.24
-1.49
2.8
-3.18
-3.44
0.84
-0.17
2.72
-0.97
-2.29
-3.41
3.48
-0.16
3.87
-0.34
2.09
1.86
2.11
-0.88
-3.31
-1.31
-1.08
3.33
-3.7
1.36
1.87
-0.55
-2.13
-1.17
3.36
0.55
2.58
-2.95
2.92
-3.39
3.29
-0.92
3.28
1.61
3.58
-3.22
3.25
-2.8
0.21
-3.92
0.27
-0.45
-2.37
-1.52
0.26
3.06
-0.44
2.54
2.6
-2.82
1.85
-0.82
2.49
-0.53
-1.31
-2.61
-2.04
-0.11
-0.32
1.17
-1.98
2.42
0.92
3.26
0.37
-0.99
2.59
-3.51
-0.46
3.91
-0.56
-2.29
-0.88
-3.79
-2.91
-1.68
-2.18
3.39
2.57
-3.71
-3.01
-3.97
-1.54
1.74
-1.23
0.11
0.59
-0.19
-1.08
2.19
2.83
-0.64
1.52
3.05
2.07
1.85
2.63
-1.63
2.11
-2.75
-3.53
-0.94
-1
2.7
1.75
0.13
-3.94
2.27
-1.62
-3.63
3.58
-1.43
1.32
-0.62
0.18
-2.02
-0.04
3.19
0.49
-3.74
2.42
-1.23
1.58
1.36
-2.93
-3.92
0.2
0.08
-1.85
-0.76
-0.31
3.45
-2.72
1.32
3.83
1.93
1.04
-0.24
3.99
2.64
0.04
2.33
-2.57
-1.46
2.61
0.26
2.05
-1.87
-1.14
0.08
-2.12
3.44
1.89
1.85
-1.16
1.7
1.49
1.65
1.62
1.67
3.94
-0.01
0.11
3.14
0.68
-3.87
-2.71
4
-0.44
2.25
0.95
-3.81
3.21
1.86
0.22
-3.92
-2.66
-0.97
2.75
0.82
-1.96
-1.94
-2.79
2.07
-2.64
0.25
-2.45
-0.57
-1.52
-1.88
-3.56
3.39
2.14
-1.68
2.7
-3.95
-1.79
-1.7
1.86
2.48
-1.04
2.05
2.58
0.62
3.14
-2.31
-3.77
-3.97
-2.38
-1.25
0.36
-1.55
2.91
-3.2
-0.37
1.88
-1.23
2.05
1.78
-3.57
2.58
1.86
1.52
-2.57
1.81
1.56
-1.95
0.88
3.16
0.16
1.88
3.05
1.18
-3.74
-2.15
-0.01
-0.51
0.6
2.94
3.67
0.01
-2.48
-2.2
3.74
1.77
1.99
-3.52
1.34
2.7
-3.19
1.29
0.17
0.53
1.43
3.91
1.11
-3.48
1.14
2.81
-2.43
3.64
-0.64
-3.13
1.47
0.87
1.32
1.28
2.65
2.95
3.64
-1.61
2.18
3.11
2.11
0.42
1.06
0.05
1.79
-0.33
3.82
1.08
0.72
2.19
2.34
2.88
-2.29
-1.48
3.75
-3.65
0.75
-0.53
2.35
1.79
1.37
-3.97
-3.35
-3.36
0.34
-1.14
-3.55
-3.29
-2.17
2.39
3.07
2.43
3.11
1.06
2.42
-2.99
-1.15
-2.95
-1.27
-2.54
2.99
0.49
-1.08
1.18
-1.46
2.59
-0.84
-1.2
1.54
2.29
-1.8
0.17
0.04
-3.61
-2.26
2.08
-0.23
0.42
3.72
-1.07
-0.78
3.11
-0.75
2.33
3.13
3.92
3.78
0.65
0.1
2.73
1.51
-0.3
-3.27
0.88
2.8
-3.13
1.12
-0.52
2.1
1.75
3.7
1.65
-0.82
-0.46
0.19
-1.11
-1.62
2.71
-0.68
-3.66
1.25
2.44
-2.66
3.81
2.25
3.89
-2.76
0.59
2.05
-1.37
2.82
2.52
2.7
2.81
-3.22
2.5
-0.57
3.16
-2.41
-3.13
-3.04
-3.72
2.32
-2.04
-0.77
1.57
-0.08
3.71
-1.86
0.23
1.53
-2.94
-2.68
-0.25
-2.52
3.08
-1.64
-3.08
2.64
2.92
3.63
-3.48
1.43
-0.53
2.94
-2.82
2.96
0.38
-1.24
1.69
3.47
-0.77
1.12
-1.55
3.39
0.96
-3.89
3.39
0.57
-3.33
-0.04
-2.46
-1.55
-2.18
1.11
1.75
1.19
-1.06
1.32
-2.29
0.14
-1.49
-3.48
-1.32
-2.76
-3.57
-1.15
-1.15
-0.98
-1.95
2.62
3.55
0.95
0.45
0.77
-1.71
-0.05
2.88
0.37
0.53
2.96
-1.03
0.35
1.96
-1.05
2.09
2.08
-0.39
2.37
-2.82
-0.01
0.01
3.07
-2.95
-2.46
0.96
-1.29
-1.57
-2.8
2.95
-1.9
1.27
0.36
-1.48
-1.94
0.42
0.6
2
1.06
-1.19
-2.2
2.31
2.58
-3.21
-1.25
-2.83
2.16
-1.44
3.73
-0.84
-1.65
3.25
0.48
-2.17
2.07
-1.39
-3.52
-0.11
-1.1
3.81
3.59
-2.49
1.68
1.42
-1.58
-2.31
2.61
-2.17
-0.11
2.54
-2.52
-3.92
2.55
-0.45
3.39
1.69
1.43
2.27
2.3
-3.63
2.8
-3.86
-1.3
2.04
0.59
-1.14
-3.22
-1.47
0.46
3.46
-0.06
-3.3
-0.91
1.25
-0.78
-3.71
-3.38
-2.84
2.38
-2.94
-1.44
0.32
2.67
-2.81
-2.33
-1.73
-3.31
-3.08
-1.55
-3.63
1.18
-1.79
1.6
-1.47
-2.99
3.44
2.81
3.65
-3.18
3.57
-3.1
0.08
1.38
0.44
-1.41
-3.22
0.99
-2.7
-3.68
3.09
1.06
0.27
3.9
1.24
1.82
-1.52
-2.52
-2.5
0.36
-1.68
-1.84
3.86
-3.93
0.08
-1.72
-2.28
-0.9
-3.44
0.24
-0.21
-2.52
-3.02
-3.67
2.81
-3.85
2.48
2.94
-1.77
2.6
-3.11
1.28
3.4
-3.41
-0.64
-0.68
-3.1
-1.69
-3.64
0.71
2.53
1.96
1.3
-0.72
2.51
1.4
-2.96
0
-2.7
-1.84
-3.13
1.68
0.43
1.07
0.54
1.61
0.07
-0.06
-2.92
1.08
3.35
-0.46
3.26
-1.1
-0.53
1.04
-1.24
3.27
0.72
-3.25
-2.63
3.41
-1.26
-0.14
1.71
1.83
0.18
1.71
-2.17
-2.6
3.12
-1.52
1.64
-3.94
1.73
-0.78
-3.15
-1.67
0.06
1.76
3.26
0.97
-2.78
-0.72
1.37
-1.01
2.7
-1.61
3.82
-2.54
-1.37
-2.22
3.29
-3.45
-3.21
-2.54
-1.07
-3.43
3.36
2.71
-2.58
2.36
-1.9
3.68
1.97
0.86
1.91
3.19
1.18
-3.75
0.19
-3.57
-0.8
2.97
-2.51
0.4
2.18
3.47
2.49
-1.28
3.14
-2.21
1.9
-3.64
2.77
1.33
-0.81
1.08
3.28
0.27
-3.72
-3.73
-1.03
1.35
0.33
-3.11
-1.14
-2.45
1.32
-3.5
1.08
3.52
1.22
3.57
1.27
-1.8
2.58
-3.69
3.06
0.39
-0.72
-0.53
-1.92
0.63
3.58
3.64
-3.54
-2.27
-3.09
-3.37
-2.33
-3.18
3.92
-3.09
3.97
-0.08
1.46
1.86
-1.37
-3.4
-2.46
0.63
-1.85
1.99
1.64
3.62
0.57
2.34
-0.9
0.57
2.76
-1.13
2.03
-1.11
-3.02
0.82
2.19
2.34
1.77
0.7
-3.58
-2.88
-3.36
0.69
2.84
0.26
3.61
0.31
3.6
-2.65
0.74
-3.28
1.69
2.45
-1.15
2.65
-2.68
0.1
3
3.96
-0.94
-1.87
2.64
0.34
-2.12
2.8
-1.2
1.02
3.93
-0.85
1.73
3.13
-3.92
1.93
-3.83
-3.59
-0.01
1.47
3.16
-2.62
-3.99
-3.74
2.74
-2.26
3.84
2.03
1.19
3.58
-3.96
-1.67
-0.5
-1.91
3.35
1.81
-2.36
2.3
-1.51
0.3
-1.2
-3.96
-2.55
-1.42
0.38
0.45
-0.38
1.62
-3.37
3.77
2.28
-1.57
-1.34
-0.14
0.94
1.61
3.95
-1.21
-0.61
0.9
0.51
-0.15
-2.4
-0.78
0.98
1.6
3.65
-0.36
3.78
-1.73
0.28
-2.13
1.93
3.7
-1.34
3.12
3.93
1.44
-0.12
-1.71
2.12
-1.78
1.39
1.42
-2.71
1.61
3.68
3.65
1.15
-2.26
1.87
2.85
-1.09
1.59
3.8
2.96
2.44
2.24
1.61
2.79
0.8
3.99
1.84
2.37
-0.52
0.4
0.51
-1.04
-2.81
1.83
1.68
-1.5
2.92
-2.9
2.78
-1.71
2.46
0.18
-2.08
3.38
1.92
-4
2.5
2.03
0.4
1.43
2.97
