-3
0.56
1.45
-1.88
2.96
-2.84
2.52
0.52
3.48
3.1
-1.31
2.03
3.23
-1.73
-1.03
-0.88
-1.37
-0.09
3.59
-2.59
-2.31
-0.2
0.06
1.07
0.27
-3.77
-0.11
0.33
2.17
3.17
0.86
3.3
-0.02
4
2.6
-0.52
3.81
3.34
-0.31
0.81
-3.55
1.81
0.77
2.22
-1.96
-1.06
-0.07
-3.64
-3.01
-3.05
2.81
1.94
2.53
2.25
1.93
-2.36
-3.51
-3.62
1.85
2.73
1.27
-1.82
2.35
-3.7
-1.77
-0.61
-1.96
3.23
-0.33
3.5
-0.68
-0.71
-3.78
-1.22
-3.05
-0.12
3.03
1.85
-0.97
-2.68
0.3
-0.47
-0.67
1.22
-3.64
2.92
-3.23
1.74
-1.93
0.96
-1.02
3.42
-2.52
0.96
3.54
2.27
3.46
0.46
-0.02
2.65
-3.11
0.71
0.69
-2.5
1.63
-0.49
1.72
-0.26
1.29
-1.96
-1.39
-1.35
1.36
0.52
-1.58
-2.26
2.85
-2.88
3.94
-0.69
-1.38
0.31
1.16
2.72
0.52
-0.1
-2.2
-0.74
-0.75
-1.32
0.42
-1.44
-2.14
0.38
-3.57
3.59
2.84
-2.17
3.59
0.86
-2.8
1.04
-3.56
-3.98
-1.66
-3.68
-1.94
0.96
-1.47
1.79
3.42
2.34
0.53
-3.34
0.03
0.59
3.55
1.98
0.98
-2.27
-2.3
-1.54
-3.52
-1.4
1.62
-3.96
-3.21
-3.03
0.09
-1.16
-1.09
1.02
-2.46
-0.92
-1.89
1.58
-0.14
1.13
0.38
0.19
-2.17
0.85
-3.28
1.46
-0.73
2.09
2.04
-2.8
-3.66
-0.15
-3.97
-3.14
0.85
1.86
-0.85
2.75
0.55
1.85
-1.59
-1.71
3.54
-2.92
-3.13
3.7
-1.12
-1.6
0.8
-2.55
2.55
2.46
-3.28
-1.58
-2.41
-3.21
3.9
0.86
-2.26
-0.97
3.34
3.54
-1.99
3.6
-3.37
-3.76
-1.2
-1.95
-3.84
-0.32
3.93
-0.63
-2.98
2.02
-1.28
-1.92
0.65
-3.26
-0.03
-2.98
-1.43
-3.14
-2.71
0.59
-1.35
-2.11
-0.87
1.62
3.27
0.06
1.96
2.29
1.01
-2.48
2.51
-1.13
-3.72
3.95
-3.55
-3.38
0.9
-3.17
-1.76
-2.89
-2.48
-0.82
1.43
-1.3
3.71
3.52
0.14
3.15
-3.12
-3.29
-3.55
2.48
2.24
1.43
0.94
2.74
1.11
1.18
-1.22
0.11
1.73
-2.36
2.37
3.51
3.52
3.85
-2.2
0.71
-3.71
-0.66
0.12
-2.26
2.63
-3.82
-0.93
3.47
0.47
-3.57
1.92
3.75
3.93
2.81
1.4
0.29
-2.94
-3.97
0.64
-1.15
-1
-2.28
-0.48
3.73
2.05
2.14
-0.62
3.89
0.81
1.92
-0.82
3.86
1.71
3.44
2.86
1.55
0.6
2.72
3.85
2.06
-1.64
1.48
-1.73
0.68
3.27
-0.97
0.18
2.93
0.24
-1.92
2.44
3.48
-0.79
2.95
-2.3
2.58
3.83
0.4
-0.31
-3.51
0.8
-0.82
-1.35
2.55
1.25
2.06
-1.97
-3.51
3.95
3.86
3.69
-1.65
-3.82
2.59
-3.51
1.53
3.45
2.84
-3.55
-0.98
-2.05
0.46
-0.36
-1.27
3.48
-0.3
0.65
2.77
1.73
-3.72
1.72
-3.81
-0.97
3.36
-2.75
3.18
-1.18
-0.28
3.44
-2.8
-3
-0.31
2.98
0.38
-1.61
0.09
3.3
0.62
2.46
0.18
3.13
-3.01
-0.06
-3.33
2.55
-3.66
3.55
3.92
3.07
-2.46
-2.6
-0.73
-1.24
3.67
-1.86
3.49
3.32
-3.17
1.34
-2.68
-1.3
-0.27
3.4
3.25
-1.99
2.26
1.49
3.26
-3.66
-0.61
0.41
-3.98
-3.69
-2.45
-2.84
0.72
0.26
-1.64
-3.19
-3.1
3.63
-1.09
0.65
1.9
3.81
1.73
-3.07
3.32
-1.76
-1.1
0.78
2.46
3.29
1.13
-2.53
-0.61
-2.41
0.69
2.66
-3.72
-1.14
-3.72
3.58
-0.32
1.13
-2.63
-1.04
-2.79
2.51
1.42
-0.77
0.96
-3.98
0.43
-2.31
3.8
3.08
-2.5
3.45
0.29
1.33
2.18
1.02
1.44
2.62
1.96
-3.26
-0.82
-3.93
1.77
-0.88
3.57
-0.29
-3.48
2.05
3.35
-0.67
-3.03
-3.24
2.43
-1.23
3.72
-3.19
0.82
3.67
3.82
2.44
-1.14
-0.56
-2.32
0.32
-3.91
1.25
-1.64
-1.04
0.69
-0.73
-1.87
1.06
3.17
-3.37
3.78
-2.86
-3.27
-1.7
-0.33
-2.76
3.51
2.38
-1.65
0.46
2.1
-3.27
-2.98
-2.48
1.61
1.36
-3.8
1.78
2.8
3.53
1.88
3.74
2.39
-2.55
-0.97
-1.69
-2.66
1.56
-2.64
0.08
-2.8
-0.09
-2.41
1.79
-1.01
2.58
-3.93
-1.48
0
2.58
2.93
0.49
-2.91
1.22
2.22
3.36
0.23
-3.16
1.36
3.33
-0.94
0.36
2.27
3.65
-1.24
-3.96
-1.25
3.29
3.27
-2.65
3.9
-2.06
1.01
2.27
-0.74
-1.81
3.14
-0.77
2.53
3.03
1.29
1.68
-2.23
-3.79
-3.41
-2.61
2.64
-2.84
-0.77
-0.33
2.09
-3.5
-3.81
-1.96
-2.99
0.84
1.64
-2.05
-0.97
-1.06
-0.17
-3.22
-0.75
-1.35
2.68
0.98
3.48
-1.18
-2.04
0.02
-3.78
-3
-1.69
2.34
-1.97
1.38
-1.42
2.05
3.06
-2.64
-2.6
-2.42
0.05
-0.41
-0.73
3.4
-2.25
-1.03
1.26
2.42
0.55
1.19
-3.81
-0.42
-0.81
0.5
-1.57
3.13
-2.46
-0.39
-2.08
-0.19
3.21
3.21
-0.55
1.08
2.19
-2.14
-4
-0.37
-1.74
3.6
-1.1
-2.33
-2.46
-1.76
0.73
3.66
3.38
3.28
-0.77
0.5
1.57
-0.46
3.48
-0.96
-3.2
2.73
-0.86
1.53
-1.05
-0.54
0.51
-0.56
3.45
1.59
-1.63
0.85
-3.86
2.19
-2.79
3.89
-1.04
-2.37
0.16
0.96
-1.72
2.53
-1.96
-3.06
3.78
-1.23
3.75
-1.74
-3.63
1.42
2.25
-0.33
3.74
-3.59
0.28
3.46
2.73
-1.52
-3.33
2.8
-0.91
3.46
-1.78
-0.05
3.88
3.89
3.52
-2.81
2.07
-0.65
-2.47
-0.06
3.38
-1.48
-3.25
-1.72
0.68
-1.81
1.76
-3.82
-0.29
-1.76
-0.94
-1.97
3.34
2.71
1.11
3.74
-2.09
-2.25
-2.84
-3.52
-3.05
1.36
-2.13
-1.17
0.3
2.1
-2.93
3.89
-0.74
2.56
0.2
1.03
-0.12
-1.69
0.29
1.21
3.66
-2.01
-1.23
0.53
0.72
-3.51
-0.91
-3.16
0.39
-3.81
0.61
-2.83
-1.23
3.78
3.29
0.32
-1.81
-2.95
-1.02
-1.99
-3.35
1.93
1.98
2.59
-2.89
1.88
0.93
1.16
2.05
2.04
2.15
1.03
-1.59
3.91
-3.93
3.92
2.98
0.63
-0.24
-3.54
-1.73
-2.98
2.44
0.11
-2.52
3.91
1.11
-0.52
3.28
3.88
-1.16
-1.17
3.33
-1.72
0.56
-2.27
0.01
0.19
-0.58
2.85
-0.43
1.94
-1.2
2.36
-1.95
3.59
2.77
-1.13
3.7
3.37
1.35
1.56
1.29
-1.48
3.75
3.63
3.49
-2.13
1.11
-2.79
-3.24
-2.56
1.88
2.17
-0.81
-0.69
1.7
-3.88
-0.66
2.35
-0.09
-1.21
-2.79
0.92
0.9
0.33
2.23
-3.93
-1.94
-2.1
-2.87
-1.77
-0.21
3.91
-1.47
1.28
1.55
0.81
-1.47
0.93
-1.76
-1.87
3.08
-1.8
2.08
-1.88
-3.95
0.63
-0.84
2.74
-2.12
2.64
3.54
-2.65
-0.55
-1.45
0.35
-3.64
1.63
-0.58
-2.6
3.42
3.82
-0.8
-3.93
2.54
1.65
1.98
-0.36
1.92
1.77
-3.11
1.6
2.42
0.1
-2.23
-0.29
3.01
2.84
-1.23
0.27
-2.41
0.92
-0.68
-3.99
-1.5
-1.3
-1.56
0.46
3.98
-3.07
1.18
3.19
3.12
-0.48
-1.17
-1.68
-0.13
-1.88
3.55
0.47
-1.92
-3.01
1.25
-3.03
-3.01
-2.97
-2.88
1.25
-2.32
2.85
1.35
-2.47
-1.14
3.15
3.81
-1.5
0.49
-0.81
1.58
-0.16
-0.79
-2.49
-0.34
0.98
-3.42
-2.29
2.49
-1.11
-2.74
3.46
3.84
0.88
3.3
2.3
-1.81
-3.4
3.67
-1.65
3.03
-2.54
-2.42
1.19
-1.23
-2.87
-0.41
-0.35
0.32
3.98
-0.28
-3.67
1.83
-3.32
0.55
-0.29
-2.75
-3.44
1.34
-3.74
-3.62
3.29
-1.45
2.23
-0.02
-1.77
3.01
-3.54
-1.77
0.56
0.96
3.21
-1.17
-1.86
0.16
0.11
-1.75
2.03
2.75
-1.48
-2.61
0.94
1.39
2.52
3.18
-3.07
-2.38
3.15
-3.68
-0.41
1.04
-2.38
-0.73
3.41
-2.03
3.75
2.91
-0.65
-2.8
-3.46
-1.87
-0.88
-2.59
3.76
-0.98
0.51
1.51
-0.31
0.53
-3.57
-2.55
-0.77
-2.18
-1.19
2.87
-0.56
-2.1
0.04
3.06
-0.95
-3.4
3.86
-3.87
2.65
3.53
-0.67
-0.06
-0.57
-3.84
0.42
1.21
2.91
0.83
2.2
-3.62
2.28
-0.47
1.63
-0.5
-1.34
-0.57
1.94
-1.38
3.9
-1.86
-2.2
3.8
-3.55
-3.47
2.54
1.84
-1.13
0.3
2.16
3.95
-1.72
-1.01
-1.23
-3.77
3.69
-3.43
-1.93
-0.48
-3.9
-0.77
-1.46
2.41
-0.38
-1.57
-3.41
3.92
0.28
-3.46
0.39
3.62
-1.33
1.23
-3.76
0.51
1.72
-0.47
-0.51
-1.11
-2.37
2.58
-1.66
-1.39
2.67
2.26
2.11
-0.72
-3.24
1.39
-0.19
-1.91
-2.65
-1.59
-1.48
0.66
3.6
-0.6
0.18
2.03
3.95
2.62
-2.44
-1.68
3.91
2.54
1.28
1.05
-1.26
2.26
-1.49
0.16
1.09
3.19
-2.11
-2.48
-3.11
3.94
3.74
1.37
0.32
1.31
3.16
2.89
0.73
-1.7
2.27
-3.75
-1.29
-0.42
0.91
-1.68
3.36
1.47
-1.05
-0.99
1.02
-3.99
-1.29
-3.87
-3.02
-2.94
-3.46
-1.5
-1.12
3.66
1.01
-1.84
-3.48
-3.01
-0.23
3.67
-0.33
2.81
-2.3
-1.37
3.47
-1.32
1.6
1.6
-3.74
1.02
-1.66
3.17
-2.65
-3.82
0.8
3.63
0.24
2.88
0.51
-3.12
1.23
3.6
0.39
-0.75
0.77
0.66
0
1.08
1.3
0.1
3.73
-2.29
3.82
1.25
2.66
-3.45
-0.24
-3.69
-0.45
-1.67
-1.58
1.11
3.87
-0.04
2.72
-2.63
-2.85
-1.31
-1.14
1.39
1.93
-2.35
0.48
-1.11
-1.57
0.07
-1.58
2.45
1.87
-1.19
2.69
-3.49
-3.7
0.16
1.3
-3.37
3.36
0.1
-2.47
0.25
-0.14
-0.08
-0.67
-1.82
2.47
-3.89
3.73
-3.58
0.54
-0.61
-0.49
-2.7
-1.78
3.91
2.18
2.07
1.23
0.93
-1.19
-1.42
2.13
1.31
-1.55
-3.27
-0.35
-2.1
0.8
-0.29
2.66
2.09
-1.98
1.05
-2.84
2.61
-2.48
-1.99
2.33
-1.7
0.42
-1.69
0.34
-2.01
-2.09
-1.53
3.31
1.38
2.3
-3.61
1.99
3.23
-0.6
-1.58
-2.72
2.95
2.12
2.56
-2.54
-1.41
2.53
0.57
-0.68
0.02
-2.23
2.45
-2.63
2.46
-3.86
-0.39
2.39
0.17
3.75
-1.08
-3.5
-3.51
2.25
0.14
-0.61
3.99
-2.57
2.27
-0.4
0.4
1.72
3.44
-1.31
3.6
-0.23
-1.79
-3.52
-1.04
-3.46
-0.27
-0.23
3.86
3
-3.69
-3.78
-0.53
-2.91
-3.15
1.24
-1.31
-1.99
-2.18
3.48
-3.53
-2.08
-3.22
-3.3
-2.03
-0.83
-2.52
-2.85
-3.74
-3.04
2.93
2.31
-1.67
-0.24
-2.22
-1.31
1.93
-0.88
-0.58
-0.38
0.01
3.16
-3.36
-2.5
1.93
-0.08
3.92
2.89
-3.42
-2.97
-3.09
-1.61
-0.11
3.96
-1.79
1.67
-1.02
-2.5
2.52
3.8
3.07
-1.42
-0.49
2.9
-3.93
-1.99
1.89
3.72
3.32
2.16
3.31
3.57
2.59
2.2
-0.53
-2.68
-2.72
3.29
-1.22
2.06
-0.75
-1.41
-3.43
3.23
-3.95
0.53
-1.59
-1.62
-2.45
0.11
3.71
0.42
0.61
-0.37
0.56
-2.57
-0.36
-2.25
-2.58
-0.09
2.04
-3.8
3.58
-1.58
-2.27
-2.66
-0.2
1.69
0.49
-3.12
0.39
-0.3
2.73
-3.55
0.55
0.47
-2
0.29
2.84
-0.46
3.61
-0.49
2.17
-0.79
2.46
-1.12
-1.05
-1.04
-2.37
-1.97
1.69
3.53
1.86
2.87
-3.98
-0.96
-0.99
2.16
1.5
2.72
-3.27
0.72
1.9
-3.34
3.72
0.01
1.7
0.15
3.08
-3.91
3.44
3.36
-1.09
1.89
0.31
-1.48
-1.96
0.36
-0.03
2.85
2.39
-3.17
0.05
-1.55
-0.81
0.86
1.84
3.87
-3.57
-2.49
-2.55
-0.15
2.79
-3.88
-1.2
-1.12
1.62
1.5
-0.51
-1.56
1.19
2.8
-0.11
-2.46
-1.4
2.34
0.61
3.98
-1.45
1.5
-3.01
2.66
-1.81
2.65
-3.68
3.9
-3.34
-0.56
1.47
-1.15
2.18
1.84
-0.28
1.57
2.64
-0.41
-3.44
-1.21
-0.92
-2.57
0.91
0.55
-3.14
-2.48
-2.34
3.59
0.95
-1.49
3.86
0.86
-3.76
1.87
1.31
-1.06
-3.49
-1.2
-2.35
-3.86
3.81
-1.1
-1.79
-1.83
-3.98
-3.36
0.27
3.36
-0.92
2.33
-1.09
3.02
1.78
-2.18
0.89
-2.88
-3.42
0.44
1.79
-3.34
0.99
-3.27
-1.05
2.16
-0.41
-3.39
-1.39
-3.69
-3.47
-3.23
1.05
-0.17
-2.07
-3.58
-1.01
-3.83
3.22
-1.27
0.53
-3.78
1.26
-1.69
0.5
2.63
3.6
-3.17
3.09
2.43
-3.03
0.18
-1.64
0.08
1.02
-3.02
-0.85
3.07
3.96
0.06
2.59
3.41
2.04
-0.04
2.83
-1.69
-2.73
3.09
1.08
1.36
2.83
0.72
-2.09
1.85
3.92
1.56
-0.59
-1.32
0.23
0.32
2.57
-1.25
-2.47
0.18
3.34
0.35
2.41
-3.03
2.82
-3.06
1.27
-0.08
-3.78
-0.84
0.15
1.12
-1.81
-2.7
-0.51
-1.81
1.35
-3.49
-0.24
-2.28
3.6
0.26
-1.74
0.51
0.16
3.47
1.58
-3.53
