-3
-1.83
-1.17
3.7
-2.23
2.85
2.4
2.67
1.8
-3.34
-2.46
2.02
0.52
-2.99
1.19
-3.83
-3.31
-1.15
-2.17
-1.55
-3.21
-3.88
3.63
-3.91
2.76
1.06
0.65
2.78
1.51
0.07
2.21
0.09
-3.83
2.94
-1.23
-3.49
3.71
-1.59
-2.29
1.65
0.88
-1.47
0.36
-1.07
-3.01
0.41
3.52
-1.12
-1.43
3.68
1.03
1.4
1.27
-2.1
1.15
1.33
-1.45
-1.27
-3.06
0.72
-1.81
3.62
-2.84
-2.28
-1.54
1.45
1.84
1.59
2.25
0.67
-3.54
2.28
-2.87
0.19
1.58
2.27
-0.24
0.7
3.1
-1.65
1.54
-2.24
0.2
1.84
3.05
-3.2
2.83
2.27
-2.22
1.44
1.96
0.97
-2.53
0.99
-0.55
1.26
-2.63
-1.36
-3.54
-0.46
2.57
-2.07
0.63
1.9
3.21
2.75
0.26
-2.92
0.33
2.89
-2.44
1.86
-0.36
2.6
3.18
-3.58
-0.58
-0.68
-1.32
-2.35
2.63
3.57
-0.2
-3.2
2.72
-0.51
0.8
0.15
-3.27
-3.69
0.9
-2.88
0.23
-0.44
-0.22
-0.4
1.14
2.3
2.63
-3.71
0.55
1.74
-2.06
-1.1
-0.12
-3.9
-2.67
-1.12
1.82
-0.98
-2.16
2.05
3.96
2.82
0.92
3
2.14
-0.17
3.19
-0.28
-2.05
-3.89
-3.65
0.01
-2.01
-3.56
-2.38
-3.93
-1.19
-0.43
-0.71
1.13
0.7
-1.61
1.11
-3.11
1.63
-3.1
0.93
2.61
-1.85
-2.08
2.33
1.71
2.48
2.85
-2.84
1.41
2.64
0.78
1.47
-2.7
3.11
-1.09
2.34
0.43
1.39
1.93
-3.1
-0.57
2.48
-2.75
-3.94
-1.76
3.74
0.72
-2.66
1.56
-2.29
0.03
-2.63
1.23
2.9
-3.42
-2.44
-3.97
-2.22
-1.36
1.54
-0.86
3.28
0.22
-2.56
2.03
2.1
-2.02
2.02
-2.21
0.05
-3.33
-0.5
3.7
4
-2.5
-3.88
-3.1
-2.15
0.09
1.98
-2.25
1.51
-0.39
-0.31
-1.39
-0.59
-3.76
-1.59
2.52
-2.66
2.31
-1.36
-1.26
-3.62
1.77
0.15
-1.75
3.82
-1.96
0.14
1.75
2.7
3.55
-2.5
-2.96
-3.48
-2.32
1.23
1.4
-3.54
-3.34
2.19
1.7
0.66
-0.21
1.64
-0.33
-3.47
2.83
-1.38
1.86
3.58
3.5
-3.55
1.75
2.04
-3.24
3.31
-1.77
1.35
1.87
-2.92
3.81
3.96
-3.77
-0.94
1.96
-1.9
-1.35
-1.91
-2.27
-0.99
1.01
2.06
-3.32
-3.88
0.94
2.09
0.6
-3.87
-3.53
-2.28
-3.01
3.43
2.28
2.17
3.2
3.1
-0.24
-1
3.77
-1.63
-1
-3.95
-1.41
3.59
2.38
1.75
0.43
-3.28
3.68
-2.43
1.89
0.74
-3.12
-1.16
-1.43
-2.56
3.77
1.62
-2.91
-1.33
-1.3
-1.91
0.87
0.15
-3.92
-3.62
-2.33
-1.93
-0.14
2.86
2.34
3.65
-1.67
3.36
-4
0.96
-0.53
-2.9
-2.25
3.2
-2.34
-0.12
-3.55
2.91
-0.16
0.26
2.54
-0.57
-0.41
1.76
3.34
2.15
-2.09
1.09
3.68
-3.1
-0.82
2.45
3.5
1.99
0.07
-1.64
0.86
-3.18
-0.76
2.24
-1.59
-2.48
-1.16
1.62
1.98
2.66
-0.14
-2.11
-2.99
2.83
-2.36
1.96
-3.7
-0.17
-2.15
2.24
2.48
2.11
3.53
-3.82
1.74
1.24
3.69
3.11
-2.23
1.02
-2.39
-0.23
-0.87
3.31
3.02
3.64
-0.33
1.6
-2.16
1.01
-3.41
1.98
3.79
-3.33
-1.72
-3.99
0.07
-3.16
3.27
1.22
2.14
-0.34
0.13
1.84
-0.12
2.76
-2.71
-0.95
-3.5
1.17
-2.16
-0.27
-0.16
-3.05
1.05
-3.91
2.77
-2.29
3.81
-1.99
-1.71
-1.29
-2.02
0.85
1.64
-3.51
2.33
2.85
1.9
1.73
-2.84
2.84
3.84
0.55
2.88
1.95
3.64
1.29
-0.58
-3.75
2.34
-3.39
1.1
0.68
-0.83
0.86
-1.86
2.83
-0.38
-1.81
-2.76
-1.64
-2.96
1.26
-1.07
-0.57
-2.33
3.29
-3.8
-0.61
-3.57
-1.56
1.15
-1.23
0
-1
-0.1
3.29
-1.92
3.1
-3.55
-2.53
2.3
3.55
-0.33
-2.33
1.61
1.31
-2.32
-3.23
2.36
3.5
-0.77
-0.29
0.48
2.81
1.8
-1.42
-2.38
-0.55
0.28
-3.65
1.09
-3.98
3.83
-0.11
-0.53
-1.68
-3.33
-3.84
-3.04
-1.15
0.75
0.53
-2.27
3.77
0.07
-2.51
-2.42
-2.75
1.82
0.37
1.61
3.43
1.04
-3.07
3.22
-2.56
2.3
1.19
1.2
-2.69
1.67
2.63
-1.18
-3.9
0.39
2.27
3.73
3.78
2.21
-0.71
0.63
-2.49
3.81
-0.49
-1.25
2.7
-2.03
0.71
-1.26
0.31
-3.01
-3.63
1.63
3.92
-1.25
1.66
-1.01
2.9
0.68
-1.97
0.02
-0.51
-1.03
3.65
1.19
2.12
-2.3
-2.37
-0.62
1.8
-2.24
-2.19
-0.95
-1.47
3.74
0.1
3.63
-2.47
2.18
-3.49
3.47
-2.42
-1.55
-3.12
-3.68
1.3
-3
-1.09
1.36
2.73
-0.72
-3.18
-0.9
0.18
3.27
-2.86
2.54
-3.84
2.33
0.63
1
-3.66
-2.67
0.95
-1.46
3.19
1.32
-0.9
-3.83
2.66
2.04
-2.54
-3.29
0.16
-1.44
-1.56
-2.96
-1.92
3.33
3.89
1.12
2.8
0.28
0.65
-1.48
-3.06
2.71
2.88
-0.74
2.6
1.56
3.46
-0.79
-2.46
-0.48
3.13
-3.75
1.5
2.35
-2.86
3.98
1.9
-1.27
2.71
-3.32
-2.19
-3.89
2.95
-2.39
0.83
-3.9
0.46
-3.17
2.44
3.52
2.2
0.06
0.68
-1.57
-2.4
-3.53
2.45
3.84
-2.43
-2.91
2.58
2.26
3.17
-3.37
-0.56
-1.82
-0.46
-0.26
2.18
3.92
3.22
0.07
1.58
-0.04
-3.3
-3.18
3.77
1.26
2.44
2.5
-2.91
2.63
0.78
-1.97
1.33
-0.94
-0.43
-0.93
0.74
-3.34
-2.48
2.07
-2.85
1.61
-1.89
-0.44
-3.06
2.31
2.17
-1.36
0.57
-3.28
-1.34
2.52
-3.7
-1.87
2.49
-3.28
-2.28
-3.23
-3.29
-2.82
-2.6
-0.92
-4
3.96
-2.52
1.14
-0.7
-3.62
2.62
-3.54
3
1.52
2.39
-2.86
-1.09
3.98
-2.15
1.14
3.89
-2.55
3.1
-0.21
-2.07
-3.64
-0.04
2.26
-2.28
-0.8
0.57
-1.15
-2.65
-0.03
3.95
-3.66
0.66
2.07
1.6
-1.85
-1.92
-0.2
-0.99
1.79
0.03
0.1
-2.27
1.14
-3.87
3.16
3.22
2.52
2.87
0.59
-3.11
3.27
-1.91
1.61
-2.85
3.64
-0.01
-0.78
-0.58
-3.9
-0.19
-0.24
3.12
-0.97
1.57
2.04
0.48
0.84
-1.63
3.71
-0.95
0.08
2.45
-2.7
3.77
1.83
2.64
2.83
2.12
-1.44
-0.01
2.06
-0.02
0.76
-0.92
-3.32
2.25
3.06
0.92
1.96
2.16
2.86
-3.62
-1.1
-2.02
-3.74
0.99
2.71
3.58
-1.91
-1.33
-1.63
0.14
3.17
-2.47
0.81
-3.18
-3.21
1.85
-0.68
-3
1.17
1.1
-3.15
0.12
1.75
3.78
-1.65
3.95
0.88
3.8
1.43
3.92
0.41
-2.46
0.19
-0.31
-0.46
3.32
3.5
-3.16
3.94
3.26
0.03
3.9
-2.39
-2.09
0.82
-0.77
2.27
3.87
1.46
-2.8
-2.41
0.96
-3.01
-2.24
3.54
2.79
0.23
-3.51
-1.37
2.76
-1.31
-1.7
1.24
-1.54
3.73
1.62
1.34
-2.89
1.28
-2.53
2.36
-1.52
-2.93
1.92
-2.93
-3.05
-1.49
-0.16
-1.04
3.13
-2.33
1.02
-1.67
0.22
2.32
3.46
-3.45
-1.57
0.16
0.76
-0.92
3
2.21
-2.83
0.57
-2.27
-1.35
3.15
-1.82
3.2
1.89
1.16
-1.41
-0.01
-1.15
3.12
-0.11
-0.93
-3.32
2.58
0.28
-3.61
1.54
-0.49
1.08
1.68
3.97
-2.98
0.14
-3.73
1.06
-1.1
0.95
-3.48
2.39
3.36
0.27
3.9
-2.65
3.34
2.31
-0.64
-2.35
-0.24
-2.77
0.52
-1.57
2.35
-2.63
3.21
-0.44
1.48
-2.25
1.58
-3.52
-1.31
-2.54
-1.3
0.1
2.9
-2.24
-2.37
-0.99
-2.1
-1.87
-1.01
-3.8
-1.94
1.6
-0.5
-1.16
0
-2.28
-2.65
-3.74
-3.09
2.75
-2.22
-1.72
-3.44
-0.76
-2.38
3.65
0.93
0.72
3.59
-2.85
3.38
-3.96
-0.3
1.89
-2.43
-0.2
-1.55
1.58
0.68
-3.66
3.75
-2.38
2.24
0.31
-3.64
-3.25
1.88
0.36
3.57
-0.25
-3.61
1.31
3.57
-0.06
3.69
-3.59
-0.46
-0.35
-3.86
-2.02
2.09
1.19
-1.45
-2.16
-3.17
-1.98
-2.11
1.61
-2.73
-3.8
3.27
-0.23
-0.41
-3.43
3.01
-3.85
0.04
0.25
-1.12
-3.13
-2.23
-3.43
1.16
-0.17
-3.25
-1.94
-3.53
3.76
2.2
-2.85
-3.75
2.81
1.44
-1.3
-1.74
-1.45
3.07
0.4
-0.52
2.34
2.86
-3.74
-0.91
3.36
0.48
0.62
-2.28
3
0.94
3.53
0.38
3.29
-3.24
3.27
-3.8
1.51
-3.98
2.73
-2.92
2.77
-2.46
-1.87
3.41
-3.89
3.95
-3.54
2.34
-3.11
2.31
0.45
-2.91
3.64
-3.24
0.55
-1.98
-2.49
1.48
1.8
3.35
0.13
-3.66
-2.52
-1.18
2.68
0.77
-3.04
2.05
2.17
-1.51
0.75
-1.48
-3.66
-0.68
0.71
0.79
0.72
-3.15
-1.02
3.42
0.02
2.29
-3.18
-3.32
-3.52
2.44
0.75
2.53
0.22
1.25
2.7
-3.97
-1.77
3.38
0.96
2.43
-3.95
3.32
-3.27
-0.66
2.98
-1.59
-3.83
2.41
-2.44
-2.08
-3.26
0.31
0.05
3.76
1.3
-3.34
-1.5
2.39
-0.67
1.85
3.52
-3.2
-1.67
-3.77
-3.98
-1.56
-2.17
-3.08
-0.21
0.72
-3.71
-3.03
2.37
2.29
0.73
1.4
-3.89
3.64
-3.57
-2.39
2.11
-1.58
3.12
2.57
1.69
-3.57
-1.53
0.47
3.95
2.04
1.53
-0.16
0.04
3.11
2.91
3.26
0.98
-3.5
-0.69
0.53
-3.42
3.26
-1.39
0.85
-2.37
3.78
1.95
1.76
-0.98
3.9
-3.46
-1.13
1.95
-2.29
3.74
1.1
-2.31
-0.23
-1.46
3.59
3.98
1.37
-3.03
1.76
3.19
0.45
0.93
3.26
3.39
1.48
-3.58
3.61
0.32
-0.09
-2.97
2.86
3.82
-1.73
0.93
1.92
-1.52
0.71
-2.56
-3.96
1.49
-1.34
1.9
-1.67
3.38
-2.2
1.57
-2.8
1.96
-0.27
0.56
-0.79
2.28
0.85
1.66
1.18
-1.16
2.7
2.38
1.54
3.48
-3.07
2.55
-1.96
-3.32
-3.12
1.29
3.42
2.84
0.63
1.1
-0.74
-0.08
-3.08
-3.73
0.53
2.56
-1.4
3.88
1.58
3.92
3.22
-2.35
-3.41
3.35
1.82
-3.43
-1.04
0.62
3.76
-0.93
-0.21
2.34
-0.1
-3.43
0.55
0.12
-0.14
-2.36
2.5
0.52
2.15
-1.63
-2.67
2.63
-2.7
3.3
1.36
0.57
-2.88
2.63
-3.76
2.82
-3.21
1.63
-3.74
3.29
1.95
-1.31
-1.13
-3.7
-1.68
-1.2
3.09
-2.45
-2.69
0.93
-3.99
-3.65
-0.27
-3.59
-1.3
-3.04
-2.62
-2.94
-2.23
0.85
-3.69
-2.04
2.04
2.52
-0.78
2.4
-0.51
-2.87
-1.17
0.97
1.54
2.28
-3.7
1.26
2.17
-2.84
2.77
2.2
-1.8
-0.66
-0.72
3.78
1.32
0.38
3.28
1
-3.16
-3.29
-0.07
3.29
1.44
3.74
-0.14
-0.58
2.98
-0.01
0.66
0.35
1.08
-0.07
3.31
1.96
2.73
0.34
3.39
-2.26
-3.96
2.47
-1.75
-2.46
-1.81
-0.81
2.86
2.43
-2.44
-3.47
0.65
-2.34
3.25
2.22
1.55
-1.22
1.21
-0.46
3.53
1.8
-1.58
0.89
2.29
-1.83
0.51
-1.59
-2.89
2.27
0.03
1.32
-2.95
-3.03
0.99
1.54
0.96
-1.63
2.46
-1.62
1.09
-1.75
-3.13
1.43
-2.15
2.44
3.35
-1.01
1.11
2.87
2.38
0.53
-3.25
-0.82
0.82
-2.41
3.32
-0.85
-3.82
-3.93
1.03
3.79
-1.93
-3.42
-1.61
0.24
3.49
-0.33
0.68
-2.3
-2.74
-0.82
0.32
-1.18
2.46
1.28
0.92
1
-0.96
3.85
-1.17
-2.49
1.3
-1.75
3.9
3.51
0.57
1.87
0.16
-0.6
2.23
-2.2
-1.82
2.39
1.35
1.31
-3.83
-3.71
-0.97
1.61
2.96
-0.33
2.32
-0.59
1.6
-0.81
-3.8
1.94
0.72
3.54
0.67
-1.68
-3.89
-3.67
1.24
-0.48
-1.52
3.83
-3.31
-1.11
3.68
-2.39
3.52
-2.73
-0.52
3.47
-3.01
1.94
1.47
-2.85
1.1
0.63
-2.04
1.44
-3.11
3.17
-0.8
-2.11
0.65
0.71
3.3
2.64
-2.86
0.62
2.74
-0.1
-2.31
-2.16
-2.86
-2.17
-1.17
-3.66
3.6
-3.86
1.93
1.35
0.16
1.04
3.93
2.14
-1.81
-1.73
-3.53
-0.43
-1.56
-3.97
-3.64
-1.32
3.45
2.08
-3.69
-3.42
-0.82
-0.01
-0.41
-2.96
-3.54
-1.11
-1.46
3.58
1.77
3.16
0.79
-0.37
2.32
0.75
1.03
-2.18
3.51
-0.45
-1
2.17
-2.03
2.51
-1.49
1.03
2.16
1.58
-1.82
2.7
-0.46
3.02
-1.61
-0.93
-2.48
-1.76
1.17
-0.39
0.55
0.89
0.88
-2.73
-1.51
-3.66
-3.64
-0.96
1.48
0.84
1.25
1.69
-0.99
2.54
-0.83
-0.1
-0.93
-1.86
2.62
0.67
-2.53
2.57
-1.12
-1.11
-3.3
-0.15
0.04
2.76
0.76
-2.28
-1.89
0.07
3.59
-2.59
1.27
-1.38
2.67
-2.27
-0.32
-2.38
2.15
3.47
3.55
-2.68
-3.68
0.5
-0.31
1
-0.16
2.5
4
3.38
-0.37
-3.51
-1.86
1.98
-2
-2.01
-3.44
2.65
0.31
-2.4
2.29
-0.24
-1.27
-2.83
2.1
-2.41
-2.73
-3.45
