-2
-3.57
-1.8
-2.47
-3.08
-1.64
-3.22
-2.21
0.75
0.9
-0.33
-3.67
-0.61
0.51
-0.58
-3.66
1.49
-0.49
-3.18
-0.26
-3.91
1.32
-3.6
0.61
0.9
3.27
0.97
1.61
-3.95
3.94
-1.69
3.22
-0.54
1.31
4
2.4
3.05
2.17
-0.77
-0.53
0.73
-1.77
2.55
1.09
2.78
-2.11
3.7
-0.72
-4
-1.32
0.43
3.99
0.1
1.86
3.98
-3.26
-3.97
1.59
0.63
-2.34
1.4
-0.83
-2.26
0.82
-1.41
0.45
0.87
2.08
0.52
1.03
-2.71
3.32
-3.72
1.35
3.01
1.87
2.77
-0.69
1.84
-1
3.57
-2.32
1.61
1.37
-0.5
-1.67
-0.88
1.61
1.33
3.26
2.36
-2.55
-2.46
-2.44
2.08
-2.44
-3.51
-2.27
-1.5
-1.68
1.03
-2.38
2.77
-1.03
-2.62
1.11
3.7
2.75
2.85
-1.89
-2.03
0.72
3.76
-2.38
-1.9
-0.29
1.57
0.37
-2.69
-3.75
-2.67
3.27
-3.26
1.26
2.67
3.85
1.78
2.72
3.28
1.45
1.37
1.04
-3.19
-0.49
1.98
1.95
-1.08
-1.36
-0.02
2.39
-1.37
0.38
2.76
-0.78
1.28
-2.36
-2.31
3.92
3.47
-1.64
-0.01
0.12
-3.59
-1.76
-3.01
1.77
-3.13
-2.5
0.3
-2.46
3.34
-3.02
3.47
-2.6
0.74
0.94
-0.1
0.25
-0.35
0.16
-3.21
-1.08
-3.62
-1.08
1.62
0.96
-3.5
1.53
3.98
1.02
2.15
1.87
3.25
0.91
-2.55
-2.75
0.63
2.57
-1.48
-3.79
1.07
-2.59
2.34
-1.56
3.06
-2.35
0.91
1.36
2.48
-3.66
1.75
1.45
0.26
-0.69
-2.43
-2.93
-0.27
1.49
0.62
0.03
1.26
-0.65
-2.47
3.28
-0.6
-2.53
-2.27
-1.45
3.95
-0.52
-3.7
1.33
-2.28
-0.56
3.09
3.38
0.59
1.95
-0.13
-0.03
-3.96
-0.85
3.05
3.63
3.28
-3.31
-2.4
-0.06
-0.66
-3.62
1.53
3.14
-2.05
2.49
-1.05
-2.29
3.89
3.07
3.04
1.59
3.93
-1.64
1.41
-1.01
-3.96
-3.58
-0.28
-3.18
0.22
-1.81
0.49
1.78
-2.38
-3.35
-0.01
-1.89
0.31
-2.1
-4
-1.29
3.87
1.79
3.22
3.57
1.96
-2.83
-0.62
-0.76
-3.52
1.38
3.5
1.52
2.92
2.29
0.04
1.69
1.74
0.05
3.59
2.86
0.97
-3.23
3.72
-2.86
-0.1
3.75
1.52
-2.71
-1.5
-3.17
1.41
1.98
3.07
0.32
1.72
-1.87
-0.86
1.85
1.03
2.88
1.04
-3.52
-3.67
2.85
-1.3
2.97
2.87
-0.66
0.61
2.31
0.38
-3.74
-1.69
-2.86
1.75
3.1
2.08
2.07
-0.34
2.22
-0.35
-1.92
-3.27
3.65
3.98
-2.49
2.46
-1.41
-3.44
-2.09
-1.46
3.89
3.02
-3.29
-2.19
0.48
-3.57
-3.13
2.45
0.93
-3.12
-1.82
0.69
0.2
0.46
1.14
-0.33
1.92
2.58
2.63
0.06
1.08
-1.81
2.82
-0.78
-1.04
3.75
-3.31
2.88
-2.82
-3.5
0.27
-1.23
-1.3
-0.24
0.49
-2.76
-2.4
3.34
-2.74
2.66
1.21
3.63
2.73
1.34
-2.53
1.4
0.54
-0.81
-1.17
1.85
-3.46
0.01
-2.06
1.86
1.46
1.7
-3.8
1.5
2.86
0.73
3.75
-2
1.26
0.42
0.61
3.41
-2.01
-3.57
3.98
-0.11
-1.94
2.58
1.32
3.97
2.86
1.45
-0.54
-2.53
-2.26
1.56
-0.79
1.51
0.04
-0.66
3.97
-3.75
-3.17
0.84
2.3
2.8
-2.96
0.11
-3.52
0.54
2.91
-0.79
-1.63
-1.7
-3.27
-1.94
-0.59
0.11
-0.79
2.94
-0.22
-2.04
2.7
-2.03
3.01
-3.99
-1.76
2.73
-0.25
-2.71
-2.48
-1.76
1.96
-2.09
0.46
0.35
2.58
1.15
-1.87
-2.82
-1.16
1.96
2.1
-3.22
-2.94
-0.35
-0.92
-2.85
-3.26
3.69
-1.85
3.11
-1.71
1.1
3.56
2
-2.44
2.86
1.84
2.29
0.55
-1.68
-3.65
3.2
-0.99
0.67
1.25
-3.55
1.85
0.38
-0.51
2.27
-2.03
-1.97
0.09
1.83
-0.13
1.92
-3.09
-0.65
0.93
-2.91
1.98
0.07
3.15
-1.59
3.96
-3.15
-1.65
2.46
-1.21
3.72
3.31
-0.15
0.63
-3.48
1.6
2.9
1.77
0.39
2.4
-1.38
-0.7
0.37
0.19
-0.11
1.13
-3.75
-2.99
-2.27
-1.87
-0.36
1.95
-1.52
-2.64
-0.54
0.34
0.29
-3.96
-3.4
0.71
0.39
2.1
3.4
-2.42
-0.22
2.96
2.13
1.41
-0.43
-3.78
0.97
-3.85
0.52
0.96
-1.7
1.79
-2.39
3.88
-0.74
1.28
3.7
3.85
-3.38
0.33
3.15
-2.24
0.82
-1.51
-2.84
0.18
-2.7
2.85
1.17
3.69
-2
0.53
-0.09
-1.22
-3.59
0.93
3.01
-1.15
1.44
-2.5
1.16
-0.51
-2.57
1.53
3.06
1.67
-1.27
0.41
0.79
-0.68
1.01
0.55
1.48
-0.93
-1.57
-1.99
-1.87
-0.36
0.24
3.39
2.92
2.12
-1.01
0.84
-1.05
1.78
-2.12
2.83
3.47
2.33
2.28
0.85
-1.6
3.12
3.17
-0.34
-3.67
3.3
-0.57
-0.51
-2.55
0.89
-1.94
-2.16
-1.33
1.46
3.05
-3.16
-3.65
2.4
-1.2
-0.63
2.62
2.06
-1.42
3.04
-3.5
0.6
-1.43
-2.73
-0.21
-0.1
0.95
2.47
1.05
-3.84
-1.86
2.37
-0.1
2.78
-2.32
-1.17
-3.8
-3.26
1.94
-1.98
0.06
-2.86
-1.84
1.5
2.74
-2.96
2.48
-2.94
-0.47
-1.1
2.24
0.35
0.53
-3.87
-0.85
-0.26
0.72
-1.85
3.71
1.55
3.95
-0.41
0.8
-1.49
-0.69
-3.32
0.94
-2.43
0.72
3.97
-0.84
1.87
-3.89
-3.45
-1.03
3.37
-1.57
1.08
-1.46
-1.26
1.43
-0.12
-1.07
-1.86
-2.07
1.79
-2.17
-0.24
-0.38
1.95
2.12
2.05
-2.96
-3.61
-1.92
-3.54
0.34
3.66
-1.82
2.05
0.1
0.9
0.35
-0.43
3.74
-3.64
0.24
-0.03
1.16
-0.21
-2.7
3.65
3.61
0.96
-3.89
0.06
-3.34
-1.34
-3.43
1.53
2.85
-2.82
1.96
2.78
-2.16
1.12
0.83
3.73
2.48
-1.5
-0.97
-1.22
-1.11
0.49
2.65
-3.48
3.54
3.37
-1.6
-2.44
-2.45
1.87
2.61
3.84
0.65
2.47
2.44
0.08
-3.73
2.03
3.81
-2.33
3.08
0.66
3.21
-1.08
2.95
1.58
-2.28
-1.38
-0.47
0.51
1.5
-1.35
-3.24
2.52
0.76
-0.89
2.31
3.6
0.52
-2.71
-3.74
3.01
-0.03
-3.03
-1.42
2.12
-1.87
-0.62
2.68
-3.26
3.46
-3.55
-1.3
-2.65
-0.3
2.23
1.29
-0.28
-2.43
-2.04
1.64
3.78
2.03
1.05
-3.63
-0.05
3.08
2.13
-2.29
-0.68
1.77
-3.33
-2.5
2.51
-2.59
-3.94
-3.31
2.23
-3.66
-3.18
-0.55
2.34
-0.05
-1.21
1.05
1.05
3.96
3.41
-1.18
2.53
1.83
-1.41
2.02
-1.44
-0.34
-3.52
-3.02
2.93
-3.4
2.63
3.05
0
-2.33
-0.65
-1.03
2.78
2.95
0.19
3.95
-0.37
1.54
3.06
-0.62
-3.26
2.52
3.3
-0.17
-0.76
4
-0.68
-0.01
3.67
-0.69
-0.82
1.5
-0.82
-1.34
2.95
-1.15
-3.08
3.09
-2.24
1.62
-2.29
-2.23
3.45
0.67
-3.4
3.82
2.28
2.1
-0.23
3.46
3.19
-3.02
2.77
3.21
1.27
0.04
0.36
0.66
1.74
2.93
1.28
-1.36
3.39
-3.31
2.49
1.86
3.8
0.12
-4
-2.67
3.03
0.55
-0.23
-2.56
-2.33
2.98
3.08
-1.37
-0.78
-0.57
-2.29
1.23
-3.78
-3.79
0.13
-1.8
2.73
-0.02
1.39
-1.09
2.5
0.26
-2.65
-1.17
-3.67
3.07
-1.61
2.75
2.18
-1.25
-3.98
-1.84
2.1
-1.57
-3.57
-1.37
1.21
1.33
1.54
2.3
0.97
-2.28
-2.57
-1.69
1.22
-3.95
-1.58
3.17
0.57
0.29
3.13
-0.19
2.73
1.09
-1.16
-1.24
-0.8
-3.07
-2.9
-1.4
0.58
-3.68
0.45
-3.53
-0.59
3.56
3.13
1.79
3.78
-2.51
0.99
-2.6
2.44
3.1
1.94
0.77
-1.17
3.04
1.62
-3.72
0.65
-0.78
-1.82
-2.11
-0.38
0.21
-0.57
-3
3.6
1.68
3.44
0.28
0.22
-1.07
-2.29
0.64
1.28
-3.04
2.9
1.66
-3.07
0.64
3.39
-0.92
3.31
1.73
1.37
3.63
3.16
2.07
3.93
0.16
-0.69
-3.18
1.96
-2.65
2.14
-1.44
0.85
3.21
0.12
2.12
2.19
-1.9
-1.95
-3.29
1.18
-0.49
1.38
-2.7
3.5
-2.13
-3.86
3.97
3.36
-3.99
-0.16
3.11
-1.41
1.9
2.84
-0.19
-2.15
-2.48
1.75
-0.72
-3.04
-0.6
0.98
-3.64
2.51
-1.28
0.11
3.7
-2.47
-1.19
2.45
1.29
-2.98
2.59
-3.46
-2.14
-1.75
1.86
2.58
2.06
0.02
-0.65
-2.53
1.95
1.52
3.04
3.97
2.96
-3.64
-3.69
0.27
0.66
0.36
2.77
3.75
-2.23
2.53
1.02
-1.21
0.78
1.76
-3.56
2.44
0.54
-2.44
2.55
2.09
0
1.36
0.97
-2.45
0
-1.05
3.69
3.27
1.62
-2.07
3.04
-1.15
3.48
-1.25
1.16
3.33
-2.79
2.54
-2.22
-3.07
-1.75
2.84
2.77
-0.66
1.24
-0.94
-2.21
-3.7
-0.43
0.91
0.93
0.38
2.97
-3.06
-0.04
-2.41
-0.6
2.77
-3.74
-2.3
0.67
3.51
-1.87
3.85
3.49
-1.83
-0.68
-1.98
-3.4
-2.89
1.22
2.01
3.78
1.62
-0.17
1.16
2.59
-2.38
0.32
-3.06
-2.85
3.39
-0.31
-3.3
1
-1.34
-0.12
2.53
2.79
-0.44
-0.07
-1.55
2.28
-3.92
0.26
-1.25
0.71
2.92
-0.14
-0.93
3.74
3.78
3.7
-1.54
3.69
2.93
0.61
-2.66
1.12
2.81
-0.99
-2.22
-1.56
3.33
-3.45
1.28
-0.19
-2.57
-1.15
0.83
2.29
0.8
-0.76
1.05
1.18
-1.23
3.73
3.7
-2.64
-2.92
-3.55
3.67
1.77
-2.75
-2.79
-2.62
3.7
-2.78
-2.99
2.08
2.06
-1.46
-2.6
3.99
-3.46
-1.85
-3.99
2.96
3.53
2.98
2.94
-0.73
0.07
3.04
0.78
-1.07
0.54
-1.36
1.28
0.92
3.2
0.91
3.99
0.03
2.35
-0.66
0.02
-2.82
2.11
3.17
1.59
-1.42
-3.59
0.77
2.78
-0.25
-0.61
-0.75
0.5
-0.97
-1.24
-3.23
-3.84
-1.62
-1.86
1.18
-0.4
2.73
0.47
2.28
0.85
1.05
-0.05
0.1
2.88
-2.86
-1.44
1.37
-2.37
1.21
2.13
2.83
-3.16
-3.64
-2.62
0.35
-1.14
3.3
-3.74
-2.97
3.54
-2.72
2.15
-1.75
-1.84
2.42
0.75
1.6
-2.11
-2.84
3.75
1.29
0.71
3.84
-1.69
-3.46
2.64
0.32
1.89
1.63
-2.81
2.03
-2.39
3.3
0.9
-0.06
3.94
3.81
-3
1.8
-1.68
0.3
2.47
-0.56
2.74
-0.43
2.91
-2.3
-2.06
-3.54
0.4
0.96
-0.52
-3.53
1.46
-3.16
-1.89
-2.99
2.05
-3.16
1.72
2.54
-2.6
-1.37
3.85
-2.49
3.67
2.85
1.35
2.23
2.49
0.94
0.6
0.09
2.84
-0.56
2.82
-2.73
-2.91
2.75
-2.36
0.94
-1.62
1.43
-2.77
0.23
-1.46
-2.86
-2.17
0.06
-2.18
2.93
-2.25
-3.85
-3.92
-0.21
-1.1
-0.16
-0.41
1.23
-0.1
-3.95
0.35
-0.28
-2.03
3.46
-3.64
3.39
-2.37
-1.98
-1.98
-3.17
3.92
3.3
3.21
-3.23
0.16
-0.03
-2.6
-0.38
2.98
2.52
1.01
-2.72
0.4
3.57
-0.81
0.44
0.01
-0.95
-3.46
-1.02
1.69
-0.13
-1.16
-2.42
-3.42
2.67
-0.54
-2.23
-0.14
-0.85
3.51
3.82
-1.97
-3.01
3.01
-1.55
-3.05
3.31
3.63
2.93
-1.56
3.98
2.25
1.39
-0.95
-0.93
3.32
-1.59
0.27
-0.07
-0.62
2.59
-2.52
3.05
-0.85
0.05
0.45
1.62
-3.82
1.5
-3.49
3.63
3.76
-0.17
3.01
1.19
3.26
-0.59
-3.45
-3.27
-0.51
0.71
-0.58
-2.39
-3.46
1.72
1.63
1.46
2.54
1.52
3.35
-2.96
1.51
3.94
3.78
-3.08
2.34
-1.02
1.85
-1.04
2
-0.67
3.13
-1.87
2.41
-1.19
-3.79
-1.58
2.38
1.86
-0.19
-0.09
-2.15
-0.47
-3.56
2.68
-0.84
3.87
2.51
1.43
2.43
3
3.09
-1.34
2.15
3.47
-1.89
3.83
0.06
2.09
2.85
0.27
1.56
1.6
-1.27
-3.85
1.59
-2.72
-0.8
1.73
1.51
-0.8
3.09
-3.33
-2.29
-0.57
3.2
-2.02
3.5
-2.9
1.77
2.48
0.48
-3.59
0.54
3.01
0.24
0.46
-0.01
2.95
-3.31
-3.62
2.36
-3.72
3.01
3.55
2.35
0.26
-3.21
-3.72
-2.92
-2.13
0.66
-3.23
3.93
-0.78
3.91
2.41
-3.05
-1.29
-3.73
-3.87
-3.68
-1.04
-3.69
-3.63
3.79
1.15
-2.94
-0.27
-0.09
-2.88
1.3
0.26
1.03
1.12
0.85
2.8
-2.33
-1.84
1.08
-1.06
-2.82
3.21
-3.99
-0.11
-2.19
-0.29
-3.52
-2.68
3.11
1.83
-0.5
-2.73
2.67
-3.44
-3.95
-0.6
3.97
2.64
3.76
-2.8
-0.81
1.07
0.37
3.97
0.57
-3.6
-0.26
-1.19
2.38
-2.9
0.74
2.79
1.64
1.34
2.95
-2.88
-1.05
0.43
2.57
0.08
0.66
3.75
0.63
2.08
1.63
0.03
1.6
0.47
1.06
-2.56
2.83
-0.97
-1.59
-0.12
3.75
0.12
-1.16
-3.95
3.32
-2.59
3.97
1.68
-1.06
2
-2.91
0.71
-0.36
-2.68
-2.39
2.94
-3.55
-0.46
-3.93
-0.33
0.54
-0.55
-3.57
2.3
-1.67
-3.46
-1.2
3.28
1.76
0.93
