-10
3.9
-0.3
-3.32
-2.31
3.84
1.1
1.49
2.14
0.38
3.03
-2.06
0.9
-2.91
0.71
2.45
3.32
0.07
-0.63
3.94
-2.2
2.82
1.51
-3.51
-1.75
0.31
2.24
-3.14
0.8
-2.51
3.82
-2.04
2.05
1.43
0.18
-0.93
1.5
1.15
-0.02
-1.33
-2.19
-0.39
-3.37
1.91
3.44
-1.76
1.03
2.28
-2.79
-2.44
3.18
-2.04
-2.97
1.5
1.16
-2.49
-1.61
-0.8
2.43
1.39
-2.4
0.23
-3.31
0.65
0.57
1.06
-0.11
3.47
0.91
-2.36
-3.05
-1.83
-3.92
-3.31
2.12
2.2
2.18
3.6
-2.94
-4
3.29
3.96
3.66
-0.77
-1.69
1.85
-3.07
-3.45
-3.73
-1.33
-3.33
-1.71
2.72
2.6
-2.93
1.59
-1.09
-0.01
-2.66
-1.63
2.36
1.56
-2.64
3.58
-3.39
1.01
-2.12
-3.67
3.38
2.97
-0.67
-1.21
-1.86
2.43
2.11
-2.36
0.58
1.46
-1.67
2.72
0.13
-0.67
3.2
-1.76
-3.04
2.66
-0.55
-2.52
3.63
-3.47
-0.72
-1.81
2.25
2.69
-2.35
-2.28
2.6
-3.93
-1.38
1.31
-0.03
-3.41
-2.82
-2.7
3.34
1.88
-3.86
-3.72
-3.51
3.43
-3
1.46
-2.35
-1.38
2.25
-0.98
2.37
3.12
2.62
-2.05
-2.45
-3.61
-3.29
2.84
-0.32
-2.86
0.55
-0.55
0.78
0.38
-0.95
0.51
-1.16
1.03
-1.25
-0.47
-1.85
1.89
-1.09
-0.92
2.52
-0.84
-3.01
-3.81
3.54
1.83
-3.47
-0.38
-3.56
2.64
-0.64
3.48
-2.54
-3.33
-0.25
-0.43
3.89
-1.66
1.63
2.2
-2.67
0.7
-0.49
0.11
0.38
0.5
-1.38
0.63
3.88
-1.28
-3.14
-3.53
0.21
-0.47
-0.56
2.4
3.4
-3.48
3.31
1.86
-3.4
-3.08
-0.99
2.15
-2.98
-0.43
-0.96
-1.84
-2.72
3.18
-0.35
3.81
-3.74
0.71
-2.26
-2.18
3.65
0.88
-0.19
-0.97
-0.79
-0.09
-0.25
1.72
1.77
-1.12
-0.73
1.93
1.24
1.35
0.17
3.36
-0.96
3.78
1.6
-3.59
-2.32
1.37
-0.91
-3.2
-2.55
-3.55
-0.66
-3.31
3.08
-2.95
-3.8
3.5
-2.21
-2.38
2.75
-1.48
0.71
0.27
-1.36
0.69
1.17
1.29
-3.63
2.14
-3.7
1.12
0.93
-0.07
-1
0.29
0.76
-3.51
3.12
-2.67
-3.87
-1.72
-2.22
-1
-2.42
-1.25
-3.43
-0.94
2.65
0.71
-1.32
-0.23
0.14
-0.38
2.61
-2.35
-1.36
2.78
1.13
-3.1
-0.76
0.39
1
0.96
-3.5
0.34
-0.47
3.41
1.69
-1.22
0.29
3.72
-3.63
-3.55
-2.52
0.47
-3.27
-2.29
-1.32
3.9
0.12
-1.89
2.65
-0.34
-0.54
0.53
-3.02
-2.69
1.33
-2.65
-2.35
1.99
-0.63
2.22
2.1
-0.26
1.29
0.83
-1.5
1.24
3.23
-2.84
1.38
-0.13
-3.59
-1.04
-0.61
-0.32
-1.87
-1.87
-3.08
-3.07
0.09
1.24
0.79
-2.88
1.75
-2.67
-2.5
-0.03
-0.64
-1.79
-1.92
0.34
-2.87
2.31
0.34
-1.84
-1.64
1.74
3.19
-0.09
3.22
1.45
-3.34
-1.04
0.74
-1.23
-0.75
-3.51
-2.87
1.3
3.18
-0.81
-3.58
-3.29
-2.11
2.14
-2.58
0.97
2
-0.05
-0.68
2.53
-2.12
1.01
3.08
-2.96
-1.26
-1.9
2.63
-2.77
-2.69
0.4
-1.05
1.02
-2.28
2.65
0.57
-2.17
0.38
-1.03
2.09
-2.99
-1.17
2.06
-0.96
2.9
-0.09
-3.59
0.42
2.21
-3.27
1.39
3.75
-0.77
-3.42
-3.32
-0.43
-0.35
-0.12
-0.3
-3.97
-2.86
-2.13
3.91
-0.01
-1.22
-3.77
-0.59
3
-0.76
-2.44
3.6
-3.41
-0.98
1.87
-1.69
-0.31
-0.18
-2.03
-3.82
1.14
-1.68
1.69
-3.59
-3.51
-0.07
0.65
3.73
0.43
-2.97
-0.92
-3.08
1.95
-3.32
-1.06
0.94
3.15
-1.07
-1.93
-3.74
2.66
-3.51
-2.58
-2.83
0.64
-2.86
0.8
0.72
1.36
2.27
0.99
3.75
-2.32
-0.31
2.57
1.72
-0.55
-2.55
3.42
-3.94
2.13
-3.49
2.99
1.96
-3.84
-3.36
-2.36
3.91
-3.92
-3.07
-0.83
-3.24
-2.25
-2.29
-2.47
0.64
-3.1
0.51
-0.23
3.35
3.13
3.94
-1.64
2.17
0.05
-0.67
3.25
-1.74
-1.89
1.23
-2.51
1.69
-0.49
-1.99
-1.87
2.14
-2.5
-0.54
-3
0
3.5
0.89
0.64
0.43
-0.91
0.23
2
3.98
-1.85
-2.08
0.81
2.94
1.68
-3.94
-3.07
2.19
2.16
-3.19
-2.09
0.84
-2.6
3.39
1.79
-1.14
3.44
1.48
1.25
3.75
3.58
-0.6
-0.86
1.44
-0.49
3.77
3.86
-1.77
-0.7
1.93
-0.93
3.82
1.34
3.28
-3.9
-3.81
-3.59
-1.45
-4
-0.55
-2.93
-0.06
3.98
-3.32
-2.45
0.16
-1.4
-3.89
3.11
-2.23
0.99
1.62
2.98
2.26
-3.61
2.76
2.79
3.38
-0.57
1.91
-3.79
2.7
-1.11
-3.78
1.75
-1.91
3.51
-1.87
3.28
1.6
-1.55
0.89
1.47
-2.2
2.67
-0.37
-0.58
-1.55
-0.12
3.35
1.17
3.75
-0.87
-2.48
-3.06
1.46
-3.16
3.09
2.88
-2.65
-2.59
-2.97
3.12
-1.9
-0.77
-1.62
-2.95
3.76
-1.06
3.46
0.66
-3.53
-3.17
-2.49
3.33
-3.91
-3.86
1.17
3.59
0.77
-0.67
0.34
-0.51
0.09
-3.26
-3.53
-0.43
-2.64
3.29
-3.71
-2.75
-3.58
-0.75
1.93
0.18
-2.59
1.78
-0.63
2.57
0.29
-1.43
-0.33
3.52
0.42
-1.32
0.7
2.91
-2.38
-1.8
-3.16
1.31
-0.33
3.5
-1.9
2.02
1.07
1.54
-0.97
-2.65
-1.24
2.82
3.69
-3.53
-1.36
2.21
0.23
1.22
-1.1
1.33
1.91
-1.68
0.77
2.61
-0.7
-1.81
3.67
0.83
3.07
-2.6
0.05
-2.44
-2.06
3.17
2.44
-1.02
1.58
-3.08
-2.86
3.92
3.11
-0.13
-1.25
-1.98
-0.2
1.47
-1.12
-0.81
0.87
2.22
2.45
3.48
0.01
0.29
0.29
2.53
-3.46
1.07
0.19
3.92
2.36
-3.76
2.48
-2.38
1.31
-2.8
0.87
-3.48
-1.97
3.66
-3.37
-0.7
0.07
-1.01
2.22
-1.96
3.58
-1.25
-1.2
1.83
3.31
0.47
3.96
-3.15
-1.05
0.57
1.56
1.65
-1.13
3.92
-1.56
-3.5
0.74
-2.77
-2.44
2.87
1.4
-2.88
0.71
-1.4
-3.4
-1.64
-2.85
1.22
1.58
-0.86
-0.59
-2.99
2.08
-1.75
2.95
1.8
-1.73
2.37
-3.4
-2.12
-3.71
1.62
2.68
-3.26
-0.35
3.22
1.66
-1.88
1.22
-3.88
2.57
-1.17
-2.57
3.36
0.64
2.46
2.04
-3.81
1.23
0.95
-0.69
-1.26
-0.73
3.81
-2.85
0.54
3.58
-3.39
-3.04
0.64
2.24
2.37
-3.38
3.68
2.57
3.78
-1.56
-0.04
2.96
-2.62
0.71
3.04
-4
1.46
0.57
-3.43
3.59
2.73
1.61
-3.51
3.76
-1.93
-2.86
-0.34
2.57
1.56
-1.66
2.88
3.59
3.11
3.65
1.04
-2.84
-3.43
-2.11
-3.8
-1.8
-2.25
-3.22
0.86
0.01
-1.93
-2.76
-0.16
-3.77
0.28
-1.26
1.82
-0.77
-3.43
0.96
-3.15
-0.99
-3.54
0.89
0.16
1.23
0.97
-2.89
-2.99
1.44
-0.43
0.37
3.85
-2.26
3.68
1.88
3.43
-0.43
0.37
2.37
1.83
1.94
-3.26
0.49
1.68
-3.17
1.31
-0.58
-1.71
-1.18
0.53
-0.36
3.02
-1.85
2.8
-1.98
-3.31
-0.31
1.73
-1.03
1.24
-3.36
3.78
3.43
-3.57
1.7
-2.6
-1.91
-3.44
2.41
-0.69
-1.75
2.86
-1.79
3.14
-1.09
-1.74
-0.02
3.21
-0.67
3.93
-2.46
2.83
2.19
-3.1
3.94
1.36
1.7
-1.05
1.65
1.18
-0.26
1.84
-2.61
-2.87
1.19
2.16
-2.69
0.05
3.98
3.43
-0.79
-1.14
-0.12
3.51
-1.72
0.78
0.81
-0.99
-0.12
3.77
0.72
0.48
-1.6
-0.95
-0.3
-2.18
-2.42
2.53
-3.5
-3.66
-0.3
3.14
-1.08
-2.78
3.57
0.41
1.46
-2.93
-2.05
0.76
-3.06
3.93
3.23
-0.1
0.71
2.69
-1.06
2.68
2.63
-0.85
-3.45
-1.32
3.08
1.88
-3.54
3.26
-0.56
2.35
1.43
-0.64
0.57
-1.21
-0.46
3.64
-0.28
0.08
3.94
-1.35
3.95
1.87
3.32
-0.27
-2.94
3.13
2.83
0.79
1.26
2.5
2.34
1.01
2.88
-1.09
3.9
1.36
3.79
-2.98
-3.94
1.04
-3.24
-3.69
-3.03
3.12
-0.35
2.59
-3.82
2.15
0.39
3.59
-3.83
-3.37
2.75
-3.72
2.74
-3.24
-0.17
0.83
-2.39
3.96
3.06
-0.32
-2
0.94
-4
-3.59
0.49
-2.34
-1.11
2.19
3.86
-1.3
0.02
-1.11
-2.11
3.63
0.9
-3.8
-3.93
-1.52
2.94
-3.33
-3.61
1.67
2.33
1.71
2.27
2.59
0.17
3.14
-2.48
-1.05
3.42
-3.9
1.99
1.08
2.31
0.03
3.12
-0.77
-1.9
2.52
-0.75
2.2
3.74
1.48
0.62
-0.15
2.4
3.11
-0.14
-0.37
0.75
3.13
-2.99
2.39
-0.72
0.34
2.62
-1.71
-1.85
1.9
1.5
-0.24
0.67
0.9
-0.71
-0.09
0.91
0.81
-2.68
-3.13
-2.91
0.85
-3.62
-3.59
1.42
-1.8
1.93
-3.15
-2.91
-1.59
-3.81
1.06
-0.72
1.89
2.2
-3.72
3.1
3.61
-2.2
-2.04
1.41
0.82
-2.93
0.21
-2.98
3.5
-2.47
-1.17
-1.82
-3.3
2.95
-2.42
1.79
-1.01
-1.46
3.91
2.75
-3.41
-3.04
-2.92
2.41
1.77
-2.8
3.75
1.7
-3.57
-3.52
2.78
2.71
-1
0.82
1.31
-0.99
3.36
-0.54
0.27
-0.22
0.18
3.4
1.92
-3.33
-0.9
2.67
-3.62
-0.54
2.62
3.27
-3.71
-0.65
2.3
-2.46
2.5
2.64
-3.28
-0.44
3.65
-0.38
-2.68
2.51
-3.42
3.02
-1.24
0.13
3.19
-0.11
-2.37
2.58
2.43
3.53
2.27
0.12
-1.44
-2.8
-0.95
-3.6
-0.69
3.1
-3.19
0.29
3.09
-2.84
-3.82
-0.58
-3.6
-2.54
2.32
2.68
-1.72
-0.2
-0.19
-3.35
-1.54
1.67
2.81
2.9
1.92
2.98
3.48
0.5
-2.17
-3.97
-3.16
-3.24
1.08
-1.82
2.98
1.29
-0.42
-3.69
-3.76
-3.46
-1.2
1.04
3.43
3.42
2.83
3.34
-0.27
1.73
1.57
-1.04
0.29
-1.38
-0.28
1.62
-2.34
0.89
-1.6
0.15
-1.51
0.34
3.63
0.32
-1.54
3.05
-3.68
3.43
2.35
2.22
-1.52
-2.97
-0.91
-2.03
-0.45
-0.74
1.85
1.42
2.25
3.39
-3.93
2.58
-0.75
-2.25
2.93
2.87
-0.26
2.22
1.05
3.47
-3.49
-1.92
-1.11
3.44
1.82
-0.09
-3.08
2.49
-1.42
-3.63
3.1
3.41
-3.02
1.51
-0.76
0.54
3.87
-1.68
3.07
-3.55
3.77
0.24
2.65
-0.99
0.08
-0.09
-2.92
1.87
1.39
-0.41
-0.69
-1.89
-1.62
2.89
1.71
-3.6
2.14
-0.34
0.15
3.65
-1.66
3.37
-1.16
1.88
-3.71
-3.33
1.6
1.74
2.52
-1.61
3.01
-2.59
3.15
0.6
3.7
0.28
-0.56
3.88
-0.64
-2.1
-1.18
-0.94
-2.9
3
1.06
0.99
1.02
-1.9
3.81
-1.16
2.4
0.21
2.17
3.43
2.11
-3.6
-2.6
-3.23
-1.28
-0.59
2.32
-0.66
3.36
-1.01
0.58
-2.11
-1.04
1.79
3.2
-2.58
0.96
2.27
-3.7
-1.75
0.82
3.28
2.26
-0.15
-3.19
-0.69
-0.35
-0.5
1.94
-0.32
0
-1.2
-0.76
3.72
2.49
3.29
-1.12
-1.33
1.16
3.96
-0.42
3.48
-0.29
2.11
-1.59
-0.83
-1.98
3.24
-1.1
2.38
1.88
-3.87
-0.09
-0.08
-1.39
2.84
-1.86
1.55
3.96
3.41
3.77
-1.18
1.41
-0.33
3
-2.22
2.65
-0.75
3.3
3.91
2.55
-1.71
-2.9
-3.66
2.67
1.34
-0.43
-3.85
-2.56
1.65
-2.72
0.41
-3.41
3.57
1.81
-0.14
2.89
3.33
1.1
3.66
1.14
1.33
-1.29
1.75
-3.82
-3.24
-1.93
-3.97
3.11
-3.38
0.52
2.78
3.95
-1
3.83
-0.42
3.03
-0.44
1.26
1.28
-0.74
-2.01
0.11
-1.69
2.13
-0.64
-1.78
1.84
1.87
-0.87
-1.11
3.33
2.15
3.65
-1.24
-2.78
3.58
-0.64
-3.84
1.9
-0.74
-0.46
-2.96
-3.19
-2.87
-1.49
0.46
1.6
3.75
-1.78
0.84
-0.67
-1.94
3.83
0.39
-0.85
-2.79
-3.6
3.63
0.83
2.54
0.24
-1.84
-0.03
1.73
1.19
-3.37
-3.71
-3.77
2.61
0
-0.33
-0.6
3.36
-1.98
3.72
-3.05
-0.71
-2.83
-0.39
2.9
0.63
2.1
-0.35
2.3
3.57
1.27
2.33
-0.75
3.62
-4
3.18
-0.27
-0.67
3.37
3.03
-2.63
1.07
-0.91
-0.05
-2.12
0.17
1.36
-2.87
2.22
-2.84
3.94
-1.3
1.8
0.67
-1.8
1.93
3.23
0.01
1.94
-2.1
2.14
2.52
1.68
2.17
3.92
-1.7
1.04
-3.39
2.6
0.83
3.94
-3.94
4
-1
2.35
-0.12
-3.8
1.23
-2.27
-1.28
3.28
0.96
1.43
1.13
3.63
-1.44
-3.48
2.58
1.42
-1.92
3.95
3.73
1.39
1.46
-3.12
-1.14
3.4
0.93
0.03
3.58
3.13
0.74
-1.47
-2.61
-2.77
3.87
-1.29
-1.2
2.33
2.32
1.73
-2
-1.72
-0.78
-1.37
-2.82
-2.92
-3.46
2.54
1.36
-2.22
2.46
-0.8
0.52
0.88
-3.79
-1.32
-1.46
-1.89
-0.52
0.49
-0.73
-2.8
-1.85
-0.41
-1.47
-1.58
0.03
-0.1
3.77
3.85
1.72
-3.75
3.11
0.35
1.95
