-8
3.81
1.99
-2.16
-2.3
-1.8
-2.13
3.87
2.23
-2.1
2.42
-2.65
-2.32
-1.11
-0.55
-1.52
-1.72
2.27
-0.32
0.97
2.21
1.09
0.7
1.66
2.74
0.24
-3.17
2.34
-1.3
-0.67
1.08
-1.33
-1.11
3.24
1.05
-0.32
-1.89
-1.87
0.76
2.42
-3.11
1.67
3.47
-3.35
-1.61
-2.24
3.88
3.45
-1.31
0.9
1.9
2.86
2.99
-2.54
0.26
-1.23
0.22
2.53
0.78
0.18
-1.16
-0.58
3.52
-0.05
2.93
1.32
-1.01
-0.49
3.86
2.12
1.55
-3.76
0.17
2.46
2.55
-1.23
0.45
3.1
-1.54
-1.55
-0.85
0.48
-0.56
3.52
3.43
-2.55
2.95
3.98
2.87
-3.93
3.14
1.72
-3.12
1.54
1.62
1.61
-2.42
0.68
-3.03
0.26
2.39
3.52
0.12
2.3
0.43
2.56
1.87
-1.83
0.39
2.06
-2.33
-2.54
0.55
-0.29
0.81
-2.94
1.86
-1.58
-3.49
3
3.62
-0.98
