-2
-1.05
1.06
3.86
-1.98
-1.94
2.98
0.15
1.17
3.08
-3.07
2.95
-3.15
-2.32
-3.6
2.66
-3.31
1.02
3.98
-1.54
1.71
1.1
-2.35
2.17
0.21
0.16
1.33
1.37
1.46
-0.84
2.03
-3.64
-0.06
-0.64
0.16
-1.09
-2.38
-2.12
3.23
-3.73
-2.98
-2.97
-3.87
-1.6
-0.47
0.84
2.94
2.82
-2.19
-1.05
0.92
-3.95
-3.06
-2.24
1.28
-2.63
-0.24
-0.23
0.96
-3.57
-4
3.22
-0.55
-2
0.38
2.28
1.22
-2.75
-0.19
1.87
-3.57
-2.43
0.32
0.56
3.13
-0.25
-0.51
-3.34
-0.2
1.95
3.77
-3.37
0.48
0.07
-3.22
1.46
-2.04
-0.2
3.28
-0.84
-2.83
-2.53
1.25
-0.72
-3.6
-0.45
-1.37
2.14
2.63
-2.72
-2.11
-2.65
3.96
-2.41
-2.04
-3.63
-3.83
-0.4
0.25
3.37
-3.2
-2.34
-2.65
2.09
1.87
-0.43
-0.24
2.57
-3.78
0.3
-2.54
-3
