-8
-1.28
0.45
-2.79
-1.21
-0.17
-0.42
-3.04
1.95
-2.2
1.22
0.31
-0.16
-3.59
-3.37
-1.75
0.09
0.92
-2.62
1.69
-1.69
-2.53
-2.77
1.81
2.36
2.48
2.36
-3.46
3.74
-2.19
-1
-0.85
-3.54
-2.9
-0.95
-0.2
0.37
-1.42
-3.03
2.48
-1.59
-3.94
-0.41
3.79
2.12
1.05
-1.37
-1.41
2.1
-0.66
1.15
-1.05
1.75
1.96
-1.94
1.39
2.73
2.69
3.92
1.72
0.27
-1.47
1.05
0.84
-0.75
-2.08
2.12
-3.39
2.41
-0.84
-1.14
-0.99
1.89
3.34
-0.1
2.42
-0.23
-2.72
3.45
1.68
-0.73
-0.17
-3.04
2.8
2.04
-3.57
0.47
1.49
1.38
1.7
-0.3
-3.83
1.41
-1.28
-2.69
-2.98
-0.87
3.26
-2.77
1.35
3.92
-2.01
0.16
-1.13
1.15
-3.48
-0.79
-0.38
-0.35
-2.57
2.52
2.44
2.84
0.48
0.93
-3.32
-2.04
-2.87
-0.85
2.05
3.62
-0.25
