-6
3.56
0.06
0.22
-1.37
3.93
-2.89
-2.09
3.91
-1.88
3.9
2.3
2.73
-2.72
3.68
1.36
1.26
-0.12
-0.67
2.2
3.31
-1.98
-1.86
1.53
1.12
-2.96
-1.64
-1.92
4
-3.22
-3.17
3.89
-2.8
-2.68
1.8
-0.94
-3.35
-0.92
-1.23
1.87
-2.6
1.87
0.6
0.47
-0.92
2.6
0.54
3.25
0.12
-0.84
-2.4
3.41
0.92
1.92
-2.5
4
-1.57
-1.92
-1.85
1.23
-2.86
2.76
-3.79
-1.56
-0.7
-3.97
0.01
-3.03
2.67
-0.94
-0.49
-2.53
3.75
-1.88
2.53
2.32
-0.49
-3.2
1.81
-3.76
-2.84
-2.42
1.93
3.12
3.5
-0.78
-1.68
0.33
-0.05
-0.21
3.9
-2.9
2.23
-0.72
3.66
-1.28
-3.15
-3.15
0.87
-3.54
2.52
-1.17
-2.81
1.7
-1.62
3.44
-0.42
-0.17
-0.11
-2.67
3.44
-0.6
-2.19
0.67
1.09
-2.2
1.71
1.23
0.3
0.67
-0.22
2.17
