-9
-2.76
1.71
-1.36
-3.89
3.04
3.17
-0.62
-1.6
-3.54
2.64
0.43
2.38
0.62
3.62
-1.73
-3.97
3.99
1.62
-3.63
-1.45
-0.58
2.2
-3.33
-2.26
-3.7
1.72
-3
-3.36
2.14
-2.56
0.62
3.18
0.88
3.3
-3.65
-0.08
0.35
-0.48
-1.17
-0.83
1.84
-1.66
2.55
-0.53
-0.94
-0.68
-1.92
-2.97
-2.94
3.17
-2.99
1.45
-3.38
1.64
-1.31
1.15
-1.06
0.83
0.29
-1.02
2.82
-1.26
0.69
1.33
-1.29
0.97
3.05
-2.48
3.39
2.63
-0.96
2.54
-1.59
1.2
-3.67
0.97
0.8
-3.01
-3.69
1.19
-0.26
3.28
2.03
-0.68
2.59
0.72
1.96
2.49
2.46
-2.97
-2.72
-1.66
3.6
0.74
3.44
0.46
2.81
1.37
3.4
-1.19
0.24
-0.72
0.45
-0.98
0.02
3.03
-3.51
0.73
1.99
3.94
-1.13
3.24
0.63
0.73
3.2
-3.82
-4
1.8
2.65
-3.94
3.69
