-3
3.56
-2.83
-1.21
1.26
1.34
1.7
-1.85
3.91
-2.01
3.9
-3.24
3.24
-3.74
3.68
-3.22
-1.71
-0.74
-0.67
0.06
1.51
2.65
-3.55
1
1.65
0.28
0.51
3.96
1.91
1.91
2.02
-2.18
1.74
1.77
2.23
3.13
-2.15
1.78
2.86
0
3.66
3.36
-1.15
1.62
0.16
-1.17
2.75
3.51
-1.21
1.31
0.49
3.41
-2.41
1.37
-1.54
-2.41
1.03
3.01
0.88
0.65
-0.2
2.76
-3.79
3.01
-3.46
-2.31
2.37
-3.58
2.84
3.04
3.04
-1.79
0.13
1.47
0.4
3.58
-1.85
-3.2
1.81
-1.18
-1.05
-2.42
2.83
3.02
0.31
-3.45
-1.68
1.84
1.74
3.83
2.79
-3.91
-2.8
0.38
2.11
-1.28
0.08
2.99
0.1
-2.28
-0.9
-1.04
-2.81
3.74
-0.73
-1.73
1.91
-3.93
1.73
1.57
3.44
-2.35
2.08
1.39
2.03
-1.5
-1.37
1.66
0.98
-3.32
-0.04
-0.36
