-10
-3.19
2.74
2.58
3.81
1.6
2.35
3.98
2.94
-3.02
-3.07
0.34
-0.14
2.67
1.99
0.13
2.75
-3.05
3.21
-1.54
-1.64
0.24
-2.84
2.17
-0.07
-1.2
2.03
-1.01
2.57
1.92
0.77
-3.25
0.36
-3.37
-2.7
-1.09
3.06
0.42
2.02
2.7
-3.86
-3.83
2.44
-0.69
-0.67
-1.43
0.17
2.53
0.52
0.93
3.81
-0.12
2.88
-0.64
0.57
2.66
-0.24
-1.18
-1.93
1.83
-4
3.27
-2.02
-2
0.73
-0.69
-3.55
0.64
-3.7
-2.96
-3.57
0.08
-3.58
-2.64
-2.88
-0.25
1.56
-3.34
3.72
-3.16
3.89
-1.56
1.41
3.17
-3.01
1.46
-0.24
-1.22
-2.07
1.92
-3.21
-2.53
2.23
-3.08
0.97
2.35
3.53
1.22
1.68
-2.86
3.84
1.91
1.8
-1.16
3.48
-3.8
-3.83
0.01
-2.78
1.92
-3.92
2.6
2
-2.02
3.49
2.38
-2.15
2.49
-3.78
0.69
-3.55
-1.02
