0
-1.36
3.44
-1
-3.53
-0.23
1.97
0.92
0.48
3.33
-0.74
-0.07
2.92
3.7
0.11
-1.6
0.32
-0.94
-3.57
-1.22
-3.81
3.86
1.06
1.03
-1.09
2.85
0.65
1.13
-2.82
3.85
3.57
0.52
-3.45
1.36
2.53
1.51
-1.75
1.66
3.47
1.94
-1.75
-1.32
1.64
-2.11
-1.65
1.14
2.75
-0.31
2.88
-1.67
3.08
-1.34
1.08
-3.09
2.35
2.2
0.31
-0.53
-1.05
-1.4
0.85
3.14
-3.05
-0.73
0.91
-0.19
-0.86
-0.85
3.74
-3.97
-0.3
-3.39
-2.49
3.98
-0.25
3.64
2.19
-2.83
-1.2
3.98
-2.29
2
-2.07
0
1.07
-1.91
-0.35
1.29
1.41
0.62
-1.94
3.63
-2.17
-2.24
2.75
0.09
2.95
-1.99
3.57
0.75
2.77
2.39
-0.95
3.27
-1.58
3.75
1.46
3.23
-2.81
-3.88
-2.56
2.83
-1.6
3.47
0.04
-0.25
1.21
-0.39
2.37
-3.39
-3.85
-0.36
