-4
1.43
-3.4
-2.66
2.31
-0.23
3.7
-0.13
-2.54
-3.66
1.22
0.38
0.69
3.7
-0.68
2.25
-0.91
-0.82
0.01
0.81
3.25
3.87
3.97
-0.37
-3.44
-1.31
-1.81
-2.85
-2.82
-3.38
3.57
1.94
-2.87
-1.56
-2.62
1.51
2.5
0.56
0.87
1.46
2.9
2.71
-2.34
0.52
-1.65
-3.81
1.95
-3.28
2.88
3.19
3.08
2.53
-1.53
-3.28
-2.53
3.64
-0.05
0.98
2.42
2.99
-2.16
2.54
-1.84
-3.6
-0.9
-1.8
-1.06
0.96
-0.8
-3.97
3.51
1.75
0.15
-3.2
2.62
1.34
2.19
3.34
-1.43
-3.07
3.45
2.51
-2.2
0.15
-1.28
-2.64
2.52
0.98
-2.15
-1.06
3.39
1.7
3.84
1.23
2.75
-0.82
-3.86
3.14
3.57
-1.81
2.77
0.61
-0.95
3.27
-1.18
-1.93
2.51
-2.33
-1.43
0.25
-3.57
-2.77
-1.6
-2.09
0.68
-0.94
0.84
2.55
1.46
0.45
3.76
-2.22
