-5
-1.79
3.29
1.67
-1.29
-2.46
-2.1
-1.45
2.68
-1.44
0.44
-1.25
2.47
0.53
0.69
1.99
-3.53
-0.69
-0.63
2.38
0.92
3.09
-3.62
1.69
-0.17
1.84
3.22
-0.95
0.07
-3.25
3.52
-3.64
-1.71
-2.37
-2.12
-0.53
-3
2.65
3.24
-2.58
-0.41
-1.67
2.57
-2.11
-2.58
-3.08
1.96
1.94
-0.76
2.63
-3.48
-3.19
0.12
1.89
3.06
-1.85
-0.4
1.74
0.01
-1.98
-0.06
-0.92
-2.84
-0.38
0.32
2.29
-2.55
1.68
1.68
-3.47
-1.93
-2.2
-1.29
-2.5
-0.03
-1.66
0.69
-2.33
3.92
0.33
2.72
-0.44
-3.75
-3.18
2.25
-3.17
-2.38
-2.96
-0.79
-1.61
0.56
0.64
1.11
-1.82
3.63
2.66
-1.08
-0.33
-3.69
-1.75
-0.88
-2.83
-3.68
-1.47
-2.92
3.05
-1.98
2.87
-3.37
2.43
-2.05
1.14
0.25
0.65
3.28
0.28
0.05
1.98
-1.06
-0.51
2.84
-2.25
