-7
-0.2
1.74
2.64
-2.87
-0.07
-2.65
0.33
2.29
2.43
3.95
-0.74
2.75
1.03
3.98
-3.84
-2.68
1.84
1.77
-0.56
-1.46
-3.34
-2.05
1.29
0.45
0.21
-2.47
-0.51
0.06
1.06
-0.07
1.64
-2.59
-0.11
-3.04
1.9
-3.17
2.3
1.86
3.71
-2.58
-3.34
2.03
0.4
-0.25
-3.59
0.6
0.53
-3.53
-1.58
-1.76
-1.81
-1.88
2.1
1.62
-1.35
-1.37
-2.21
-0.82
-1.21
-3.11
-2.84
-3.74
0.99
-1.5
-1.75
-0.25
-1.14
1.97
3.01
-0.26
-0.97
0.47
2.07
-1.98
2.16
-1.37
1.4
-2.46
0.04
1.98
1
-0.99
-2.75
-1.19
-0.79
-0.48
-0.68
-1.5
-1.81
-0.74
-1.22
0.13
-1.12
1.51
3.12
-0.22
2.08
-0.18
-0.11
2.52
-2.26
-0.16
-2.76
1.34
3.65
1.72
0.05
0.07
3.52
-1.77
0.6
0.03
-3.59
2.95
-3.18
-1.15
2.63
-1.83
-3.23
2.8
-1.43
