-3
4
-1.65
1.82
-0.41
-2.46
-0.52
1.24
-1.45
3.57
1.17
-0.12
3.52
1.06
-0.64
2.46
-3.55
0.16
-1.62
-2.46
-3.46
3.09
1.53
2.74
-1.76
2.58
1.45
2.31
3.49
-3.25
0.95
-3.64
-1.48
-0.06
-0.2
3.75
1.7
2.65
-3.41
0.85
3.95
2.3
3.78
1.48
1.53
-2.21
-1.39
2.57
-0.53
-3.45
-0.6
3.81
2.75
-1.77
3.27
2.73
-1.54
-1.92
-0.42
1.76
0.09
-3.37
1.76
-3.65
-3.95
-1.56
3.33
1.08
2.39
-0.02
-3.24
3.34
-0.54
1.54
-2.41
-1.54
0.78
3.84
-1.24
3.86
0.14
-3.16
1.55
0.92
-0.04
-1.23
-2.38
-2.16
0.68
1.08
-3.31
-1.06
-3.71
0.12
-0.05
2.52
-3.68
-3.5
-3.69
-0.91
2.84
1.54
-3.61
-2.69
2.8
0.06
-1.98
2.74
-3.37
-2.28
-2.91
-0.35
3.29
3.51
-3.57
1.22
-0.91
2.84
0.4
1.28
0.09
1.48
