-1
-2.77
2.02
0.54
-1.98
-1.15
0.56
0.4
1.79
3.55
-1.91
-2.24
-3.23
-3.4
1.55
3.44
-1.33
-2.5
-3.44
2.41
0.94
1.12
0.36
1.55
0.33
-3.65
-3.82
1.9
1.74
-3.04
0.6
-0.21
-0.37
-3.28
1.75
-0.02
-2.01
-0.87
1.39
0.69
-0.01
-1.99
1.26
-1.67
3.58
-1.21
-3.09
2.6
-2.09
2.59
1.15
-3.58
1.75
3.56
0.64
-1.62
0.15
2.91
-3.8
-2.33
-0.65
-3.15
-3.84
0.97
-0.74
-3.5
-0.18
3.05
-1.15
-0.8
1.21
-1.17
0.11
-3.27
-0.1
0.17
3.87
1.04
3.36
0.45
3.45
-3.1
-3.2
2.8
-2.99
-1.76
-2.83
2.39
1.43
-3.73
3.11
-3.05
3.98
-3.74
-2.66
1.32
-3.41
-3.57
3.07
0.4
0.06
-3.58
-3.12
2.76
1.7
2.5
2.44
1.08
-0.35
-3.53
-1.48
2.44
2.25
-0.25
-1.77
-1.56
-2.81
0.46
2.61
-3.3
-2
1.43
