-8
-3.04
1.71
-3.93
-0.48
-2.85
-2.95
-3.07
-2.34
-1.84
-2.35
-1.56
-3.96
-0.19
0.21
-3.22
2.71
3.99
3.91
-1.44
-2.56
-1.82
-1.37
-0.15
-3.41
3.86
2.05
-2.61
-0.34
-3.77
-3
-2.94
-0.6
-2
2.1
-3.51
-2.93
1.6
-1.76
-2.26
-0.83
3.39
0.62
-3.33
3.05
-0.39
-3.67
-0.51
2.04
0.18
0.26
1.49
3.56
2.71
-3.79
0.5
1.15
2.93
3.48
2.56
-1.45
-1.99
-1.52
-1.09
1.33
-3.42
-0.84
2.04
1.71
3.67
2.54
-0.88
1.75
0.57
-2.95
-1.94
0.57
3.36
-3.01
-3.73
1.87
-0.52
0.5
-1.9
3.23
-0.48
-2.02
3.22
-2.22
-3.24
-3.52
3.55
1.23
2.96
1.02
2.45
3.16
1.49
2.55
1.19
-0.19
-3.22
-0.84
-2.83
-2.31
1.89
1.88
0.16
-3.75
3.19
-3.12
1.79
-2.05
3.21
3.68
-3.34
-0.9
-3.79
-1.8
-2.5
2.61
-2.94
