-10
-1.23
-1.16
-2.79
-2.37
-1.65
2.13
-2.95
-0.56
-2.2
1.22
0.31
-0.16
-3.59
-2.82
-1.75
0.09
0.92
-2.62
-2.09
2.52
-2.53
-2.77
1.81
2.36
2.48
2.36
-1.28
3.74
-2.19
-3
-0.85
-3.54
-0.93
-0.95
-0.2
0.37
-1.42
-1.22
2.48
-1.29
-0.65
-0.1
3.79
-0.38
1.05
-1.37
-1.41
2.1
-0.66
1.15
-0.21
3.07
1.96
-1.94
3.47
-1.44
2.69
3.92
1.72
0.27
-1.47
-2.33
0.84
-0.75
-2.08
1.54
-3.39
-1.15
-0.84
-1.14
-0.99
1.89
3.34
-0.1
-0.37
-0.23
-2.72
3.45
1.68
-0.73
-0.17
-3.04
2.8
2.04
0.26
0.47
1.49
1.38
0.87
-0.3
-3.83
1.52
4
-1.39
3.38
-3.89
3.26
3.49
1.35
3.92
-2.01
0.16
-1.13
1.15
-3.48
-0.79
-0.38
-0.35
1.04
2.52
-3.14
1.78
0.48
0.93
-1.94
0.49
1.61
-3.15
2.05
3.62
-0.25
