0
1.39
1.01
-0.73
-1.37
0.52
-3.05
0.76
-3.14
-1.88
3.9
-2.6
2.73
3.31
3.42
0.05
-2.9
-0.68
-0.67
2.2
3.31
-1.98
0.98
-3.33
1.12
-3.74
-1.64
-0.88
4
-3.22
-3.24
-3.2
-3.62
1.35
1.8
-0.94
-1.29
-3.41
-0.22
1.87
-2.6
3.92
0.6
0.47
-0.92
-1.56
0.54
1.3
0.02
3.42
-2.4
3.81
0.92
1.92
-2.73
2.23
-1.57
-1.92
3.46
1.23
-2.86
-0.4
-3.79
-1.56
-0.7
-3.97
0.01
1.34
2.67
-1.02
-0.49
2.17
1.34
-1.88
2.53
-2.64
-0.49
-3.2
1.81
1.57
2.23
-2.42
-1.5
3.02
3.5
-0.78
-1.68
0.33
-0.05
-1.51
-2.41
-2.9
-1.38
-0.23
-3.52
-1.28
-2.22
3.9
0.87
-3.54
1.04
-1.17
-2.81
3.35
3.44
2.59
-0.42
-0.17
-0.11
2.13
0.68
-3.17
-2.19
3.87
-2.47
-3.59
-3.18
-0.86
-4
0.67
-1.47
-3.44
