-2
-0.22
0.02
1.15
-0.48
3.2
-0.26
1.96
2.67
-3.66
1.22
0.38
2.92
-3.28
-0.68
2.25
2.13
3.61
-4
-3.63
-3.81
3.87
3.97
-1.98
-3.44
-1.31
-1.67
-2.85
-3.02
-3.38
-2.98
1.94
-2.87
-2.31
2.53
1.51
-2.44
1.66
0.87
1.46
2.9
-1.82
1.04
1.79
-0.93
-3.81
2.23
-3.28
1.91
-2.95
1.48
2.53
-1.53
-3.28
0.76
3.64
-0.67
2.73
1.21
2.99
-1.03
1.64
-1.84
3.79
-0.9
2.77
-1.06
-1.97
3.74
-3.97
0.26
3.76
-0.21
-3.2
1.41
1.34
2.19
-1.81
-0.47
-1.66
3.45
0.05
-1.22
-3.88
-1.28
0.91
0.5
0.98
3.23
-1.06
-3.67
1.51
-3.04
-2.45
-0.62
-0.82
2.95
0.46
2.52
-1.81
2.77
3.91
3.7
3.27
-1.58
-1.81
2.51
-2.51
0.2
0.25
3.64
3.31
-1.6
-2.09
-2.78
-0.25
-2.93
0.19
0.76
0.45
3.76
-2.22
