-10
3.79
-2.08
-1.36
2.42
3.04
1.12
0.56
-1.6
-1.18
-0.43
-1.87
2.38
-1.51
2.15
0.34
3.37
3.99
-1.34
-3.63
3.89
1.46
2.2
3.33
-2.26
-3.7
0.83
2.13
-3.36
2.14
0.64
-1.52
1.76
2.98
-0.16
-0.49
2.54
-2.1
-0.93
3.63
2.23
1.84
2.83
-2.6
1.78
0.33
-0.68
0.06
-0.48
-3.31
2.43
-2.99
0.56
-3.38
-2.75
1.39
-0.65
3.77
1.72
1.44
1.12
2.82
0.01
0.69
3.84
3.6
0.97
1.45
1.08
-1.01
2.63
3.68
-3.43
0.49
-3.72
-1.94
0.97
0.8
-3.01
-3.69
-3.3
-0.26
3.73
1.47
-0.68
3.03
-2.02
1.96
1.37
2.88
0.26
-2.72
0.26
-0.32
3.82
0.13
3.63
1.49
0.65
1.19
-1.22
0.24
-0.72
1.43
-1
0.02
0.61
0.84
1.19
1.3
-2.55
2.56
-0.48
-0.85
-2.42
-2.87
-2.05
1.79
-3.55
-3.92
3.53
3.69
