-3
-0.31
0.58
1.67
0.72
1.44
-2.69
-3.04
-1.45
-1.44
0.44
-1.89
1.86
-0.3
-0.64
-2.2
-3.53
-3.13
3.65
-1.13
-1.76
2.92
-3.62
1.14
2.41
-0.4
-1.74
-0.95
0.07
-1.18
-3.41
-3.01
-1.71
-2.37
-0.2
3.37
-1.14
1.36
-1.28
-0.76
1.7
0.77
1.91
-0.07
-2.36
-3.08
-0.45
-1.24
-0.76
3.57
-3.84
3.77
0.12
-1.77
3.06
2.14
0.54
2.82
3.66
-1.98
-0.38
0.21
3.4
-2.2
-2.31
3.21
-2.55
-1.9
-2.52
-3.96
-3.24
-2.2
1.84
-3.33
-0.12
-0.11
0.67
-2.33
3.29
0.33
2.47
3.28
-3.77
2.48
2.25
1.62
-0.42
2.38
-2.92
-1.61
3.17
-0.36
-3.05
2.07
0.58
2.66
-1.08
-3.89
-2.4
-1.75
0.81
-2.83
-0.9
-1.57
-3.8
3.05
-1.65
2.87
3.61
-0.76
-2.05
-3.39
0.57
2.51
3.28
2.04
-0.76
1.98
1.15
-0.51
-3.18
-2.75
